Period: 100
               Epoch           Time cost                Loss
                 100        3.728600e-03        1.849908e+03
                 200        2.424088e-03        1.484986e+03
                 300        2.201831e-03        1.484986e+03
                 400        3.212875e-03        1.484986e+03
                 500        2.200134e-03        1.610647e+03
                 600        3.082613e-03        1.873513e+03
                 700        2.208354e-03        1.873513e+03
                 800        3.221290e-03        1.271025e+03
                 900        2.199571e-03        1.271025e+03
                1000        2.372835e-03        1.271025e+03
                1100        2.285258e-03        1.271025e+03
                1200        3.248768e-03        1.245029e+03
                1300        2.167527e-03        1.007299e+03
                1400        2.222886e-03        9.472563e+02
                1500        3.067740e-03        9.472563e+02
                1600        2.086586e-03        9.472563e+02
                1700        3.338406e-03        1.290550e+03
                1800        2.405130e-03        9.214481e+02
                1900        3.636866e-03        9.214481e+02
                2000        2.188061e-03        9.047335e+02
                2100        2.385616e-03        1.073941e+03
                2200        2.409965e-03        1.073941e+03
                2300        3.854590e-03        1.058986e+03
                2400        2.519830e-03        1.058986e+03
                2500        2.868401e-03        1.020141e+03
                2600        2.753680e-03        1.020141e+03
                2700        6.099572e-03        9.820453e+02
                2800        2.131284e-03        9.820453e+02
                2900        3.666329e-03        1.276417e+03
                3000        2.477643e-03        1.288517e+03
                3100        2.962760e-03        1.288517e+03
                3200        2.091601e-03        7.762586e+02
                3300        2.676298e-03        7.762586e+02
                3400        3.461913e-03        7.762586e+02
                3500        3.365310e-03        7.212545e+02
                3600        2.836197e-03        7.212545e+02
                3700        2.920273e-03        1.085268e+03
                3800        2.682084e-03        1.085268e+03
                3900        3.410148e-03        1.004759e+03
                4000        2.114353e-03        8.945045e+02
                4100        2.741700e-03        6.835822e+02
                4200        2.014184e-03        6.957042e+02
                4300        2.744471e-03        6.957042e+02
                4400        3.067747e-03        8.987850e+02
                4500        3.179343e-03        1.085937e+03
                4600        3.309809e-03        6.429350e+02
                4700        2.695330e-03        1.202096e+03
                4800        3.183713e-03        7.959405e+02
                4900        3.464763e-03        8.314586e+02
                5000        2.324649e-03        7.270642e+02
                5100        3.687206e-03        7.270642e+02
                5200        3.547195e-03        7.140069e+02
                5300        2.237788e-03        6.544632e+02
                5400        2.310135e-03        7.371262e+02
                5500        2.508188e-03        6.623831e+02
                5600        2.072798e-03        7.147275e+02
                5700        2.847704e-03        7.280465e+02
                5800        3.415295e-03        8.412797e+02
                5900        2.213127e-03        7.545647e+02
                6000        3.352426e-03        8.352825e+02
                6100        3.239557e-03        6.282409e+02
                6200        2.188180e-03        6.068262e+02
                6300        3.361226e-03        8.783433e+02
                6400        2.637975e-03        7.620934e+02
                6500        3.981776e-03        8.467655e+02
                6600        2.663682e-03        6.791610e+02
                6700        2.826243e-03        5.893260e+02
                6800        2.638989e-03        6.504971e+02
                6900        3.683464e-03        6.727525e+02
                7000        2.597705e-03        6.599976e+02
                7100        2.816716e-03        5.576900e+02
                7200        3.933710e-03        5.572838e+02
                7300        2.715772e-03        6.365268e+02
                7400        3.833254e-03        6.365268e+02
                7500        2.614318e-03        5.742205e+02
                7600        2.548544e-03        5.072077e+02
                7700        3.075792e-03        5.348653e+02
                7800        3.450264e-03        6.161640e+02
                7900        2.030418e-03        6.161640e+02
                8000        4.045127e-03        6.161640e+02
                8100        3.676546e-03        5.528132e+02
                8200        2.716986e-03        5.528132e+02
                8300        3.656852e-03        4.838169e+02
                8400        3.799410e-03        4.781972e+02
                8500        3.108236e-03        4.781972e+02
                8600        3.167450e-03        5.164887e+02
                8700        2.679343e-03        5.164887e+02
                8800        3.591620e-03        4.485606e+02
                8900        3.382344e-03        6.326041e+02
                9000        3.966450e-03        4.322289e+02
                9100        2.919319e-03        4.322289e+02
                9200        3.261640e-03        6.080973e+02
                9300        4.098308e-03        4.469411e+02
                9400        3.444114e-03        4.142958e+02
                9500        3.677319e-03        4.195506e+02
                9600        3.948883e-03        4.543349e+02
                9700        2.290738e-03        4.549772e+02
                9800        3.808461e-03        3.887571e+02
                9900        2.613584e-03        5.768373e+02
               10000        2.667529e-03        5.769018e+02
               10100        3.663786e-03        4.123908e+02
               10200        3.625697e-03        4.665167e+02
               10300        3.587123e-03        4.065501e+02
               10400        3.576334e-03        6.419270e+02
               10500        3.656927e-03        4.310311e+02
               10600        3.525514e-03        6.203835e+02
               10700        3.489957e-03        4.305501e+02
               10800        3.495309e-03        4.646951e+02
               10900        3.651016e-03        5.381455e+02
               11000        3.603457e-03        3.768673e+02
               11100        3.598440e-03        4.324678e+02
               11200        2.547348e-03        4.695057e+02
               11300        3.774023e-03        3.816395e+02
               11400        2.879092e-03        5.699630e+02
               11500        3.748076e-03        5.699630e+02
               11600        2.452367e-03        6.094785e+02
               11700        3.723153e-03        4.152274e+02
               11800        3.756182e-03        4.152274e+02
               11900        2.610529e-03        4.152274e+02
               12000        3.667391e-03        3.490106e+02
               12100        2.583688e-03        4.429465e+02
               12200        2.567951e-03        4.122913e+02
               12300        3.753686e-03        4.376031e+02
               12400        2.556872e-03        5.885171e+02
               12500        3.077229e-03        3.268909e+02
               12600        3.278786e-03        6.176586e+02
               12700        2.275981e-03        3.385206e+02
               12800        3.604189e-03        3.228365e+02
               12900        2.537213e-03        3.625689e+02
               13000        2.888538e-03        2.996642e+02
               13100        3.814806e-03        3.013355e+02
               13200        2.100278e-03        3.326242e+02
               13300        2.932701e-03        4.400117e+02
               13400        3.828802e-03        3.297922e+02
               13500        2.237129e-03        3.297922e+02
               13600        3.146264e-03        3.297922e+02
               13700        3.619398e-03        3.878347e+02
               13800        2.133676e-03        3.940516e+02
               13900        3.685483e-03        3.940516e+02
               14000        3.676997e-03        3.940516e+02
               14100        2.482261e-03        3.119837e+02
               14200        3.434340e-03        3.119837e+02
               14300        3.371987e-03        3.579007e+02
               14400        3.684755e-03        3.579007e+02
               14500        3.598499e-03        4.989122e+02
               14600        4.241345e-03        3.376076e+02
               14700        3.078517e-03        3.376076e+02
               14800        4.032556e-03        2.480399e+02
               14900        3.381888e-03        2.480399e+02
               15000        4.088339e-03        2.843554e+02
               15100        2.644521e-03        3.260903e+02
               15200        2.607054e-03        2.528853e+02
               15300        2.446685e-03        3.842697e+02
               15400        2.761994e-03        3.842697e+02
               15500        2.541261e-03        2.607868e+02
               15600        2.419558e-03        3.045041e+02
               15700        2.418251e-03        2.699414e+02
               15800        2.734634e-03        2.699414e+02
               15900        2.528280e-03        3.012044e+02
               16000        2.621916e-03        3.012278e+02
               16100        2.531155e-03        5.610454e+02
               16200        3.068293e-03        2.729590e+02
               16300        2.669980e-03        2.586313e+02
               16400        2.734261e-03        2.586313e+02
               16500        2.781979e-03        3.115947e+02
               16600        2.922261e-03        3.118320e+02
               16700        2.850629e-03        3.352256e+02
               16800        2.774243e-03        2.629808e+02
               16900        2.751172e-03        2.629808e+02
               17000        2.827102e-03        2.846171e+02
               17100        2.806591e-03        3.672439e+02
               17200        2.825608e-03        3.146808e+02
               17300        2.813833e-03        3.862416e+02
               17400        2.789558e-03        2.823633e+02
               17500        2.988680e-03        2.978687e+02
               17600        2.869861e-03        3.584034e+02
               17700        2.872351e-03        2.488157e+02
               17800        3.010385e-03        2.332763e+02
               17900        3.035135e-03        2.441429e+02
               18000        2.712450e-03        2.911627e+02
               18100        2.603069e-03        2.285471e+02
               18200        3.858493e-03        2.201672e+02
               18300        3.225377e-03        2.537923e+02
               18400        3.223923e-03        2.537923e+02
               18500        4.285129e-03        1.944173e+02
               18600        2.777996e-03        2.971462e+02
               18700        2.584942e-03        2.971462e+02
               18800        3.863441e-03        3.482264e+02
               18900        3.493390e-03        3.482264e+02
               19000        4.196427e-03        1.906142e+02
               19100        4.676067e-03        1.906142e+02
               19200        3.234986e-03        2.605471e+02
               19300        4.140817e-03        2.605471e+02
               19400        3.167644e-03        1.923037e+02
               19500        3.976120e-03        3.327286e+02
               19600        3.104111e-03        3.327286e+02
               19700        5.184968e-03        2.381775e+02
               19800        4.409828e-03        2.438348e+02
               19900        4.917593e-03        2.041035e+02
               20000        3.144511e-03        2.041035e+02
               20100        3.883881e-03        2.041035e+02
               20200        2.936175e-03        1.993960e+02
               20300        3.253995e-03        1.987597e+02
               20400        2.789974e-03        2.079174e+02
               20500        3.651960e-03        2.079175e+02
               20600        2.784057e-03        2.079175e+02
               20700        3.497601e-03        2.697629e+02
               20800        2.867751e-03        2.697629e+02
               20900        4.388375e-03        2.697629e+02
               21000        3.511863e-03        2.640726e+02
               21100        3.605987e-03        2.261279e+02
               21200        4.357858e-03        2.261279e+02
               21300        3.559087e-03        2.146515e+02
               21400        3.938435e-03        2.146515e+02
               21500        3.954131e-03        2.146515e+02
               21600        3.246271e-03        2.270120e+02
               21700        2.881520e-03        2.270120e+02
               21800        3.519687e-03        2.270120e+02
               21900        2.864547e-03        2.270120e+02
               22000        3.615990e-03        1.874335e+02
               22100        3.039302e-03        1.874335e+02
               22200        2.998059e-03        1.874335e+02
               22300        3.678513e-03        2.042865e+02
               22400        2.891706e-03        1.601718e+02
               22500        3.740963e-03        1.601718e+02
               22600        2.901046e-03        1.601718e+02
               22700        3.661568e-03        1.601718e+02
               22800        4.374165e-03        1.621732e+02
               22900        4.011555e-03        1.621732e+02
               23000        5.190799e-03        1.621732e+02
               23100        4.751060e-03        1.621732e+02
               23200        4.053062e-03        1.661051e+02
               23300        4.841360e-03        1.661051e+02
               23400        4.021856e-03        1.661051e+02
               23500        4.426590e-03        1.572660e+02
               23600        5.254387e-03        1.572660e+02
               23700        4.202332e-03        1.572660e+02
               23800        3.486433e-03        1.796435e+02
               23900        3.766369e-03        1.796434e+02
               24000        4.933191e-03        1.796435e+02
               24100        3.902384e-03        1.796434e+02
               24200        4.229502e-03        2.446436e+02
               24300        4.664867e-03        2.446436e+02
               24400        3.539969e-03        1.873083e+02
               24500        3.633461e-03        1.753632e+02
               24600        3.548077e-03        1.815015e+02
               24700        3.613155e-03        1.582585e+02
               24800        3.667811e-03        1.814690e+02
               24900        3.363244e-03        2.622717e+02
               25000        3.626963e-03        1.769842e+02
               25100        3.874058e-03        1.769842e+02
               25200        3.363593e-03        1.679380e+02
               25300        3.558936e-03        1.782933e+02
               25400        3.634778e-03        1.610749e+02
               25500        3.547162e-03        1.564374e+02
               25600        3.387148e-03        2.797859e+02
               25700        3.675822e-03        1.766554e+02
               25800        3.460992e-03        1.572581e+02
               25900        3.703155e-03        1.620433e+02
               26000        3.420267e-03        1.496206e+02
               26100        3.424786e-03        1.749028e+02
               26200        3.566834e-03        1.659495e+02
               26300        4.038970e-03        2.211836e+02
               26400        3.897330e-03        2.211836e+02
               26500        3.458129e-03        2.546859e+02
               26600        3.682793e-03        1.750973e+02
               26700        3.647919e-03        1.659035e+02
               26800        3.437781e-03        1.747007e+02
               26900        3.461767e-03        1.621330e+02
               27000        3.182364e-03        1.621330e+02
               27100        3.705497e-03        1.621330e+02
               27200        3.494304e-03        1.618151e+02
               27300        3.388587e-03        2.389848e+02
               27400        3.187504e-03        2.231775e+02
               27500        4.791729e-03        1.649800e+02
               27600        5.233254e-03        1.738131e+02
               27700        3.614279e-03        1.738131e+02
               27800        4.802373e-03        1.384250e+02
               27900        3.669721e-03        1.384250e+02
               28000        4.817916e-03        1.384250e+02
               28100        3.867140e-03        1.328234e+02
               28200        5.125236e-03        1.331349e+02
               28300        3.685590e-03        1.331349e+02
               28400        4.772123e-03        1.331349e+02
               28500        4.626180e-03        1.606220e+02
               28600        4.058864e-03        1.606220e+02
               28700        5.366103e-03        1.264610e+02
               28800        3.827953e-03        1.310698e+02
               28900        4.715000e-03        1.676420e+02
               29000        4.520878e-03        1.300693e+02
               29100        4.004647e-03        1.557291e+02
               29200        3.822340e-03        1.557291e+02
               29300        3.696670e-03        1.925765e+02
               29400        3.391184e-03        1.658684e+02
               29500        3.681878e-03        1.359476e+02
               29600        3.434143e-03        1.359476e+02
               29700        3.325272e-03        1.359476e+02
               29800        3.272335e-03        1.316000e+02
               29900        3.521286e-03        1.224093e+02
               30000        3.412008e-03        1.224093e+02
               30100        3.328179e-03        1.257407e+02
               30200        3.481100e-03        1.262479e+02
               30300        3.422144e-03        1.262479e+02
               30400        3.167769e-03        1.262479e+02
               30500        4.398346e-03        1.298949e+02
               30600        3.600422e-03        1.134511e+02
               30700        3.541356e-03        1.245296e+02
               30800        2.920197e-03        1.848309e+02
               30900        3.612077e-03        1.512347e+02
               31000        2.926406e-03        1.153387e+02
               31100        3.682735e-03        1.236036e+02
               31200        3.004383e-03        1.378886e+02
               31300        3.486904e-03        9.689218e+01
               31400        3.216413e-03        9.689218e+01
               31500        3.776006e-03        9.530601e+01
               31600        3.937021e-03        1.158677e+02
               31700        3.661870e-03        1.158677e+02
               31800        4.670177e-03        1.060459e+02
               31900        5.325277e-03        1.131867e+02
               32000        5.203447e-03        1.218267e+02
               32100        3.576672e-03        1.249661e+02
               32200        5.036074e-03        1.168490e+02
               32300        4.895846e-03        1.222966e+02
               32400        4.031680e-03        1.491124e+02
               32500        3.020791e-03        1.323078e+02
               32600        4.077232e-03        9.349276e+01
               32700        3.812311e-03        1.700293e+02
               32800        3.339238e-03        1.231152e+02
               32900        5.141575e-03        3.044921e+02
               33000        3.262547e-03        1.503068e+02
               33100        3.331538e-03        1.477685e+02
               33200        3.445474e-03        1.482809e+02
               33300        3.490101e-03        1.040670e+02
               33400        3.290927e-03        1.551407e+02
               33500        3.463916e-03        1.540842e+02
               33600        3.529157e-03        1.111339e+02
               33700        3.417138e-03        1.074761e+02
               33800        3.185748e-03        1.074761e+02
               33900        3.241155e-03        1.199714e+02
               34000        3.659569e-03        9.678738e+01
               34100        3.392771e-03        9.496759e+01
               34200        3.121455e-03        8.671389e+01
               34300        3.283368e-03        9.479894e+01
               34400        3.285317e-03        9.479894e+01
               34500        3.391561e-03        1.379072e+02
               34600        3.382057e-03        1.379072e+02
               34700        3.284643e-03        1.792577e+02
               34800        3.116114e-03        1.792577e+02
               34900        3.311685e-03        1.539162e+02
               35000        3.483855e-03        1.539162e+02
               35100        3.422280e-03        1.245529e+02
               35200        3.315523e-03        1.190304e+02
               35300        3.124005e-03        1.180815e+02
               35400        3.457115e-03        1.111513e+02
               35500        3.302457e-03        1.249718e+02
               35600        3.126535e-03        9.499107e+01
               35700        3.290964e-03        1.098113e+02
               35800        3.211416e-03        2.223194e+02
               35900        3.274798e-03        1.319171e+02
               36000        3.417997e-03        9.909671e+01
               36100        3.061564e-03        8.281406e+01
               36200        3.111282e-03        9.391461e+01
               36300        3.389486e-03        9.391461e+01
               36400        3.782420e-03        8.409484e+01
               36500        3.995816e-03        8.146890e+01
               36600        3.184827e-03        8.389843e+01
               36700        5.071894e-03        8.342842e+01
               36800        4.797665e-03        1.278443e+02
               36900        3.698035e-03        9.212001e+01
               37000        4.572706e-03        1.170544e+02
               37100        4.649593e-03        9.537298e+01
               37200        4.528268e-03        1.075652e+02
               37300        4.392401e-03        8.140399e+01
               37400        4.784392e-03        8.116452e+01
               37500        4.202880e-03        9.012313e+01
               37600        3.314380e-03        9.590143e+01
               37700        3.660616e-03        1.046108e+02
               37800        2.759448e-03        8.654497e+01
               37900        3.686774e-03        8.654497e+01
               38000        3.445816e-03        7.504369e+01
               38100        3.731342e-03        8.228274e+01
               38200        2.916165e-03        8.228274e+01
               38300        3.604592e-03        8.259523e+01
               38400        3.623068e-03        7.243873e+01
               38500        3.538195e-03        9.336793e+01
               38600        3.656651e-03        7.124411e+01
               38700        3.895305e-03        7.124411e+01
               38800        3.738527e-03        1.066395e+02
               38900        3.651273e-03        1.504346e+02
               39000        3.488660e-03        1.504346e+02
               39100        3.478709e-03        9.376992e+01
               39200        3.456678e-03        1.418343e+02
               39300        3.684854e-03        7.343177e+01
               39400        3.487358e-03        7.720767e+01
               39500        3.536182e-03        8.268549e+01
               39600        3.509296e-03        1.845886e+02
               39700        3.539648e-03        1.845886e+02
               39800        3.517038e-03        1.845886e+02
               39900        4.118791e-03        1.361288e+02
               40000        3.623197e-03        7.180835e+01
               40100        5.146931e-03        7.180835e+01
               40200        3.847217e-03        7.766123e+01
               40300        4.812273e-03        7.093647e+01
               40400        3.872622e-03        7.811744e+01
               40500        4.428590e-03        7.010472e+01
               40600        4.730119e-03        7.010472e+01
               40700        4.720882e-03        7.010472e+01
               40800        4.034311e-03        7.092099e+01
               40900        3.436448e-03        7.089116e+01
               41000        4.824933e-03        6.518248e+01
               41100        2.671729e-03        7.186187e+01
               41200        4.379262e-03        9.920322e+01
               41300        3.235168e-03        1.406105e+02
               41400        2.648474e-03        8.759898e+01
               41500        3.638030e-03        8.759898e+01
               41600        3.706863e-03        9.139827e+01
               41700        2.660323e-03        6.642534e+01
               41800        3.740981e-03        6.838091e+01
               41900        3.771412e-03        8.426315e+01
               42000        2.525921e-03        7.385276e+01
               42100        3.740251e-03        7.597229e+01
               42200        3.661280e-03        7.516751e+01
               42300        2.627853e-03        7.283071e+01
               42400        3.820731e-03        1.437788e+02
               42500        4.024265e-03        1.437788e+02
               42600        2.532803e-03        9.229488e+01
               42700        3.778168e-03        9.229488e+01
               42800        3.309099e-03        1.039085e+02
               42900        3.068032e-03        1.321554e+02
               43000        4.524064e-03        7.115326e+01
               43100        3.185259e-03        7.537587e+01
               43200        4.377175e-03        6.953901e+01
               43300        4.553777e-03        6.953901e+01
               43400        2.926083e-03        7.725106e+01
               43500        4.240450e-03        6.242004e+01
               43600        4.385526e-03        8.602767e+01
               43700        2.924111e-03        8.187041e+01
               43800        4.358660e-03        8.187041e+01
               43900        3.130646e-03        6.264512e+01
               44000        2.945943e-03        5.945419e+01
               44100        4.191382e-03        8.271706e+01
               44200        2.787752e-03        6.566644e+01
               44300        3.436714e-03        6.566644e+01
               44400        2.944479e-03        6.569728e+01
               44500        5.527737e-03        6.934932e+01
               44600        4.018356e-03        5.774786e+01
               44700        3.610736e-03        8.525943e+01
               44800        3.818057e-03        6.720667e+01
               44900        3.247739e-03        6.587232e+01
               45000        3.807432e-03        5.651658e+01
               45100        3.630774e-03        5.651658e+01
               45200        4.012288e-03        5.884480e+01
               45300        3.453404e-03        5.562269e+01
               45400        3.964439e-03        5.562269e+01
               45500        4.230549e-03        1.091530e+02
               45600        3.639212e-03        8.282958e+01
               45700        2.731757e-03        8.282958e+01
               45800        2.569576e-03        8.078400e+01
               45900        2.549621e-03        7.122292e+01
               46000        3.035403e-03        7.122292e+01
               46100        2.538130e-03        5.760897e+01
               46200        2.520171e-03        5.611702e+01
               46300        2.972747e-03        6.407502e+01
               46400        2.734032e-03        5.858733e+01
               46500        3.550366e-03        5.858733e+01
               46600        2.641152e-03        7.646355e+01
               46700        3.016828e-03        1.024170e+02
               46800        2.734433e-03        8.013976e+01
               46900        3.604421e-03        5.673994e+01
               47000        3.516535e-03        7.542440e+01
               47100        3.448191e-03        6.664342e+01
               47200        3.282704e-03        4.997091e+01
               47300        3.718848e-03        4.997091e+01
               47400        3.356269e-03        7.306351e+01
               47500        3.334386e-03        5.126187e+01
               47600        3.359367e-03        8.188058e+01
               47700        3.177446e-03        5.047978e+01
               47800        3.199088e-03        5.418374e+01
               47900        3.468336e-03        5.332636e+01
               48000        3.239801e-03        5.121917e+01
               48100        3.298895e-03        4.860031e+01
               48200        3.502849e-03        4.830104e+01
               48300        3.409217e-03        4.623295e+01
               48400        3.519357e-03        4.623295e+01
               48500        3.258887e-03        6.277187e+01
               48600        3.289668e-03        6.406248e+01
               48700        3.633739e-03        6.405906e+01
               48800        3.098741e-03        5.536425e+01
               48900        4.573555e-03        5.502337e+01
               49000        4.420836e-03        5.502337e+01
               49100        4.463056e-03        5.502337e+01
               49200        3.912363e-03        5.980501e+01
               49300        4.562407e-03        5.980501e+01
               49400        4.282761e-03        5.980501e+01
               49500        3.927664e-03        5.980501e+01
               49600        3.383893e-03        5.341758e+01
               49700        3.921977e-03        5.268456e+01
               49800        4.353890e-03        5.268456e+01
               49900        3.693605e-03        5.268456e+01
               50000        3.072615e-03        5.322730e+01
               50100        2.783810e-03        5.322730e+01
               50200        3.518637e-03        5.322730e+01
               50300        2.666104e-03        4.478446e+01
               50400        3.254559e-03        4.478446e+01
               50500        3.007879e-03        4.478446e+01
               50600        3.349438e-03        4.478446e+01
               50700        3.547245e-03        4.659777e+01
               50800        3.567393e-03        4.659777e+01
               50900        3.448245e-03        4.993976e+01
               51000        3.601547e-03        4.994000e+01
               51100        3.550141e-03        4.993976e+01
               51200        3.556794e-03        9.499645e+01
               51300        3.471915e-03        9.499645e+01
               51400        3.421411e-03        6.743106e+01
               51500        3.262548e-03        6.743106e+01
               51600        3.390641e-03        5.800209e+01
               51700        3.375343e-03        5.800209e+01
               51800        3.342786e-03        5.013467e+01
               51900        3.319559e-03        5.013467e+01
               52000        3.328538e-03        5.013467e+01
               52100        3.277341e-03        5.013467e+01
               52200        3.372665e-03        4.239147e+01
               52300        3.087909e-03        4.239147e+01
               52400        5.258377e-03        4.239147e+01
               52500        4.930613e-03        4.239147e+01
               52600        4.453589e-03        4.323770e+01
               52700        4.381505e-03        4.323770e+01
               52800        3.314459e-03        4.322209e+01
               52900        4.069950e-03        4.322736e+01
               53000        4.237669e-03        4.255669e+01
               53100        3.384684e-03        4.247064e+01
               53200        4.623063e-03        4.247064e+01
               53300        4.100553e-03        4.247064e+01
               53400        3.922836e-03        5.134294e+01
               53500        3.189825e-03        5.134294e+01
               53600        3.397100e-03        5.134294e+01
               53700        2.732719e-03        5.134294e+01
               53800        3.401023e-03        5.449509e+01
               53900        3.291022e-03        5.449509e+01
               54000        3.465362e-03        5.449509e+01
               54100        3.069610e-03        6.163391e+01
               54200        3.478321e-03        4.518964e+01
               54300        3.426456e-03        4.881367e+01
               54400        3.436320e-03        5.047854e+01
               54500        3.475712e-03        5.047854e+01
               54600        3.260260e-03        5.476144e+01
               54700        3.310235e-03        5.476144e+01
               54800        3.453563e-03        4.208294e+01
               54900        3.341114e-03        4.208294e+01
               55000        3.412739e-03        4.292471e+01
               55100        3.334703e-03        4.292471e+01
               55200        3.369432e-03        4.292384e+01
               55300        3.270479e-03        4.385387e+01
               55400        3.410330e-03        4.384381e+01
               55500        3.457931e-03        4.386772e+01
               55600        3.300661e-03        4.332936e+01
               55700        3.338801e-03        4.330513e+01
               55800        3.234768e-03        4.547268e+01
               55900        4.742361e-03        4.282823e+01
               56000        4.793494e-03        4.282823e+01
               56100        3.257303e-03        4.165980e+01
               56200        3.601869e-03        4.076308e+01
               56300        4.587962e-03        4.076308e+01
               56400        3.340663e-03        7.711463e+01
               56500        3.545165e-03        4.218356e+01
               56600        4.454913e-03        4.213355e+01
               56700        3.717954e-03        4.156853e+01
               56800        4.573949e-03        4.517243e+01
               56900        4.237216e-03        4.517243e+01
               57000        4.181613e-03        4.203325e+01
               57100        3.344821e-03        3.990764e+01
               57200        3.505756e-03        4.145654e+01
               57300        3.746880e-03        4.721622e+01
               57400        3.482821e-03        4.721622e+01
               57500        3.552503e-03        3.910208e+01
               57600        3.518041e-03        3.586703e+01
               57700        3.515562e-03        3.586703e+01
               57800        2.931388e-03        3.586703e+01
               57900        3.384303e-03        4.004153e+01
               58000        3.668311e-03        3.809636e+01
               58100        3.708245e-03        3.809636e+01
               58200        3.124762e-03        3.849274e+01
               58300        3.694447e-03        3.663538e+01
               58400        3.543945e-03        3.663538e+01
               58500        3.628175e-03        3.856237e+01
               58600        3.631725e-03        3.856238e+01
               58700        3.841905e-03        3.484241e+01
               58800        3.579584e-03        3.884377e+01
               58900        3.578020e-03        3.884377e+01
               59000        3.566866e-03        7.890253e+01
               59100        3.773505e-03        7.890253e+01
               59200        3.663091e-03        5.544992e+01
               59300        4.723741e-03        5.209106e+01
               59400        3.607815e-03        5.209106e+01
               59500        4.504499e-03        4.043164e+01
               59600        5.170134e-03        4.169858e+01
               59700        5.192042e-03        4.032670e+01
               59800        3.009234e-03        3.685302e+01
               59900        5.000617e-03        4.358467e+01
               60000        3.998009e-03        3.758892e+01
               60100        4.195423e-03        3.643028e+01
               60200        4.882570e-03        5.467883e+01
               60300        4.885196e-03        3.845251e+01
               60400        4.153909e-03        3.837326e+01
               60500        3.469537e-03        3.647102e+01
               60600        3.807340e-03        3.414319e+01
               60700        3.637706e-03        3.414319e+01
               60800        3.495615e-03        3.391354e+01
               60900        3.532468e-03        3.943154e+01
               61000        3.508333e-03        3.608971e+01
               61100        3.320448e-03        3.832794e+01
               61200        3.443250e-03        3.787498e+01
               61300        3.250124e-03        3.755056e+01
               61400        3.349444e-03        3.640767e+01
               61500        3.296150e-03        3.574523e+01
               61600        4.118539e-03        3.628190e+01
               61700        3.519797e-03        3.828087e+01
               61800        3.254196e-03        3.475232e+01
               61900        3.599769e-03        3.475174e+01
               62000        3.953276e-03        3.475174e+01
               62100        3.392206e-03        4.049874e+01
               62200        3.395685e-03        4.049874e+01
               62300        3.442814e-03        4.049874e+01
               62400        3.274016e-03        4.049874e+01
               62500        3.343661e-03        4.334960e+01
               62600        3.467252e-03        4.334960e+01
               62700        3.592111e-03        4.334960e+01
               62800        3.322296e-03        4.334960e+01
               62900        3.560505e-03        3.754092e+01
               63000        3.318747e-03        3.754092e+01
               63100        3.272586e-03        3.754092e+01
               63200        3.468575e-03        4.114768e+01
               63300        3.681058e-03        4.114768e+01
               63400        3.860146e-03        4.114768e+01
               63500        3.535190e-03        4.114768e+01
               63600        3.530393e-03        3.497767e+01
               63700        3.273246e-03        3.497767e+01
               63800        3.467528e-03        3.497767e+01
               63900        3.382351e-03        3.496751e+01
               64000        4.765872e-03        3.521411e+01
               64100        3.358371e-03        3.521411e+01
               64200        3.894321e-03        3.521411e+01
               64300        3.951760e-03        3.521411e+01
               64400        4.181274e-03        3.782987e+01
               64500        4.405048e-03        3.782987e+01
               64600        5.136778e-03        3.782987e+01
               64700        4.922976e-03        3.782987e+01
               64800        4.715904e-03        4.071351e+01
               64900        4.689974e-03        4.071351e+01
               65000        4.772484e-03        4.071351e+01
               65100        4.113082e-03        3.413939e+01
               65200        3.014371e-03        3.289132e+01
               65300        3.820411e-03        3.282069e+01
               65400        2.907124e-03        3.289132e+01
               65500        3.717510e-03        3.289132e+01
               65600        2.918244e-03        3.263747e+01
               65700        3.756422e-03        4.329170e+01
               65800        3.096997e-03        4.329170e+01
               65900        3.748405e-03        4.329170e+01
               66000        3.798222e-03        3.462667e+01
               66100        4.591970e-03        3.462667e+01
               66200        3.718443e-03        4.077986e+01
               66300        3.745354e-03        4.077986e+01
               66400        4.150321e-03        4.077986e+01
               66500        3.974724e-03        4.077986e+01
               66600        3.842839e-03        3.341732e+01
               66700        3.836975e-03        3.341732e+01
               66800        3.725689e-03        3.341732e+01
               66900        3.867950e-03        3.341732e+01
               67000        3.773134e-03        3.502822e+01
               67100        3.939177e-03        3.502822e+01
               67200        3.879609e-03        3.502822e+01
               67300        4.020214e-03        3.134893e+01
               67400        3.907856e-03        3.142550e+01
               67500        4.648086e-03        5.459593e+01
               67600        5.598556e-03        5.459593e+01
               67700        5.569004e-03        4.090666e+01
               67800        4.972231e-03        3.379886e+01
               67900        3.727234e-03        3.213546e+01
               68000        3.632026e-03        3.140495e+01
               68100        3.828105e-03        3.068388e+01
               68200        3.967221e-03        3.378418e+01
               68300        3.827185e-03        3.395997e+01
               68400        3.831966e-03        3.413250e+01
               68500        3.768270e-03        3.465844e+01
               68600        3.853641e-03        3.684326e+01
               68700        3.845533e-03        3.320214e+01
               68800        4.102876e-03        3.053658e+01
               68900        3.757961e-03        3.181037e+01
               69000        3.848433e-03        3.181037e+01
               69100        3.899479e-03        3.181037e+01
               69200        3.780798e-03        3.249670e+01
               69300        3.880056e-03        3.056454e+01
               69400        3.931221e-03        2.997679e+01
               69500        3.747924e-03        3.184309e+01
               69600        4.213391e-03        3.184309e+01
               69700        3.817937e-03        2.865435e+01
               69800        3.888450e-03        2.865435e+01
               69900        3.833789e-03        4.290346e+01
               70000        3.951107e-03        4.290346e+01
               70100        5.455369e-03        4.290346e+01
               70200        5.484753e-03        3.191721e+01
               70300        5.711532e-03        3.191721e+01
               70400        4.866352e-03        2.992358e+01
               70500        5.223060e-03        2.992358e+01
               70600        5.390838e-03        2.992358e+01
               70700        4.673169e-03        2.992358e+01
               70800        4.784690e-03        3.038423e+01
               70900        4.577765e-03        2.816717e+01
               71000        2.895767e-03        2.816717e+01
               71100        3.799049e-03        2.816717e+01
               71200        2.876795e-03        2.992947e+01
               71300        3.721580e-03        2.992949e+01
               71400        2.990006e-03        2.992949e+01
               71500        2.951165e-03        2.992949e+01
               71600        3.431345e-03        2.824790e+01
               71700        3.067295e-03        2.833605e+01
               71800        3.938051e-03        2.824790e+01
               71900        3.425543e-03        2.824790e+01
               72000        3.318009e-03        2.989741e+01
               72100        3.740757e-03        3.522750e+01
               72200        4.072828e-03        3.522750e+01
               72300        3.240333e-03        5.317879e+01
               72400        3.763657e-03        5.317879e+01
               72500        3.815977e-03        5.317879e+01
               72600        3.785286e-03        2.896488e+01
               72700        3.754691e-03        2.896488e+01
               72800        3.723301e-03        2.896488e+01
               72900        3.712877e-03        2.896488e+01
               73000        3.665931e-03        2.826492e+01
               73100        3.835088e-03        2.826492e+01
               73200        3.001119e-03        2.878557e+01
               73300        3.723711e-03        2.878557e+01
               73400        3.259385e-03        2.878557e+01
               73500        5.522561e-03        2.862030e+01
               73600        4.037430e-03        2.862030e+01
               73700        4.867767e-03        4.298552e+01
               73800        4.484390e-03        4.298552e+01
               73900        3.141802e-03        4.298552e+01
               74000        3.499852e-03        4.298552e+01
               74100        5.345568e-03        3.238723e+01
               74200        3.503179e-03        3.238723e+01
               74300        5.100397e-03        3.656236e+01
               74400        4.907356e-03        3.656236e+01
               74500        4.125587e-03        3.656236e+01
               74600        5.092575e-03        3.072329e+01
               74700        4.262060e-03        3.020146e+01
               74800        4.289870e-03        3.075846e+01
               74900        5.497375e-03        2.996774e+01
               75000        3.203035e-03        2.836200e+01
               75100        5.282418e-03        2.830863e+01
               75200        3.927617e-03        2.829556e+01
               75300        5.278285e-03        2.795449e+01
               75400        4.716461e-03        3.200815e+01
               75500        5.157256e-03        2.835822e+01
               75600        4.706199e-03        3.261322e+01
               75700        4.986495e-03        3.261322e+01
               75800        2.969933e-03        3.234694e+01
               75900        2.860883e-03        2.907721e+01
               76000        3.771512e-03        2.907721e+01
               76100        4.450030e-03        2.907721e+01
               76200        2.904728e-03        2.769937e+01
               76300        4.257448e-03        2.742354e+01
               76400        4.195551e-03        2.742354e+01
               76500        2.857356e-03        2.716247e+01
               76600        4.325164e-03        2.927018e+01
               76700        4.141570e-03        2.927018e+01
               76800        2.811676e-03        2.927018e+01
               76900        4.244690e-03        2.927018e+01
               77000        4.159062e-03        2.962514e+01
               77100        2.729475e-03        2.962579e+01
               77200        4.139130e-03        3.111685e+01
               77300        3.987788e-03        2.727133e+01
               77400        4.333311e-03        3.111685e+01
               77500        3.809654e-03        3.144313e+01
               77600        3.287337e-03        3.144313e+01
               77700        4.992886e-03        3.144313e+01
               77800        3.905485e-03        3.144313e+01
               77900        5.111535e-03        2.589239e+01
               78000        4.995039e-03        2.589239e+01
               78100        4.599551e-03        2.821393e+01
               78200        4.856814e-03        2.821393e+01
               78300        4.517396e-03        2.821393e+01
               78400        4.322392e-03        2.821393e+01
               78500        5.185283e-03        2.686308e+01
               78600        4.331088e-03        2.666063e+01
               78700        5.419097e-03        2.666063e+01
               78800        5.563491e-03        2.666285e+01
               78900        4.497829e-03        2.806396e+01
               79000        4.925957e-03        2.806396e+01
               79100        4.614451e-03        2.806396e+01
               79200        4.663969e-03        3.197454e+01
               79300        4.638326e-03        3.197454e+01
               79400        4.653005e-03        3.196862e+01
               79500        4.858750e-03        3.197454e+01
               79600        2.775506e-03        3.082853e+01
               79700        4.676351e-03        3.082734e+01
               79800        3.877701e-03        3.082734e+01
               79900        2.779945e-03        3.082734e+01
               80000        4.090887e-03        3.082734e+01
               80100        4.109334e-03        3.361734e+01
               80200        2.817998e-03        3.361734e+01
               80300        3.993530e-03        3.361734e+01
               80400        4.025693e-03        3.361183e+01
               80500        2.718901e-03        3.449198e+01
               80600        3.035143e-03        3.446008e+01
               80700        2.652050e-03        3.446008e+01
               80800        2.672991e-03        2.966225e+01
               80900        3.486389e-03        2.966225e+01
               81000        2.982643e-03        2.795953e+01
               81100        2.734551e-03        2.795953e+01
               81200        3.555886e-03        2.767471e+01
               81300        2.738944e-03        2.767471e+01
               81400        2.952869e-03        2.889655e+01
               81500        2.795359e-03        2.690774e+01
               81600        3.595804e-03        2.581311e+01
               81700        3.837860e-03        2.581311e+01
               81800        3.836491e-03        2.552857e+01
               81900        4.165211e-03        2.551402e+01
               82000        8.990109e-03        2.646200e+01
               82100        4.805379e-03        2.609036e+01
               82200        4.508526e-03        2.628554e+01
               82300        5.075150e-03        2.592588e+01
               82400        4.697015e-03        2.835682e+01
               82500        5.163946e-03        2.557112e+01
               82600        5.122530e-03        2.512315e+01
               82700        4.164883e-03        2.587474e+01
               82800        5.002162e-03        2.587474e+01
               82900        4.364079e-03        2.587474e+01
               83000        4.684885e-03        2.587474e+01
               83100        5.018883e-03        2.630548e+01
               83200        3.700225e-03        2.481433e+01
               83300        4.228025e-03        2.481433e+01
               83400        4.927404e-03        2.481433e+01
               83500        3.333394e-03        2.481433e+01
               83600        4.812636e-03        2.557495e+01
               83700        4.901048e-03        2.557495e+01
               83800        3.848490e-03        2.557495e+01
               83900        4.972598e-03        2.621121e+01
               84000        4.590047e-03        2.621121e+01
               84100        4.662278e-03        2.629253e+01
               84200        4.611896e-03        2.661292e+01
               84300        4.733525e-03        2.750626e+01
               84400        4.512369e-03        2.460419e+01
               84500        4.445517e-03        2.599888e+01
               84600        4.433193e-03        2.599888e+01
               84700        4.456339e-03        2.599888e+01
               84800        4.458619e-03        2.561658e+01
               84900        4.465663e-03        2.526950e+01
               85000        4.397161e-03        2.526950e+01
               85100        4.471815e-03        2.526950e+01
               85200        4.564454e-03        2.526950e+01
               85300        2.642763e-03        3.524672e+01
               85400        4.825695e-03        3.524672e+01
               85500        4.569790e-03        3.524672e+01
               85600        4.124172e-03        3.524672e+01
               85700        3.985527e-03        2.559479e+01
               85800        4.349765e-03        2.559479e+01
               85900        4.421550e-03        2.559479e+01
               86000        4.484197e-03        2.559479e+01
               86100        4.288727e-03        2.491297e+01
               86200        4.224504e-03        2.491297e+01
               86300        3.760006e-03        2.491297e+01
               86400        4.879668e-03        2.528093e+01
               86500        3.814175e-03        2.528093e+01
               86600        4.295945e-03        2.528098e+01
               86700        3.923296e-03        2.479362e+01
               86800        3.985676e-03        2.479362e+01
               86900        2.903948e-03        2.479362e+01
               87000        2.767075e-03        2.546002e+01
               87100        3.878863e-03        2.638655e+01
               87200        4.301825e-03        2.638655e+01
               87300        2.752700e-03        2.636912e+01
               87400        4.090393e-03        2.679986e+01
               87500        4.158105e-03        2.483627e+01
               87600        2.640825e-03        2.595538e+01
               87700        3.950631e-03        2.595538e+01
               87800        3.967294e-03        2.392471e+01
               87900        3.046189e-03        2.516699e+01
               88000        2.948542e-03        2.481664e+01
               88100        3.297007e-03        2.482139e+01
               88200        2.830100e-03        2.609841e+01
               88300        3.076463e-03        2.397137e+01
               88400        3.322668e-03        2.467445e+01
               88500        3.396342e-03        2.429263e+01
               88600        3.235149e-03        2.431002e+01
               88700        3.304065e-03        4.021633e+01
               88800        3.096146e-03        2.592923e+01
               88900        3.340117e-03        2.592923e+01
               89000        3.149676e-03        2.445047e+01
               89100        3.201314e-03        2.445047e+01
               89200        3.154978e-03        2.490514e+01
               89300        3.400306e-03        2.501972e+01
               89400        3.117392e-03        2.501972e+01
               89500        3.318822e-03        2.419840e+01
               89600        3.758700e-03        2.419840e+01
               89700        3.515776e-03        2.404703e+01
               89800        3.654377e-03        2.404703e+01
               89900        3.957225e-03        2.357615e+01
               90000        4.743695e-03        2.357615e+01
               90100        8.681160e-03        2.574893e+01
               90200        4.099404e-03        2.379064e+01
               90300        4.582047e-03        2.379064e+01
               90400        5.061118e-03        2.371418e+01
               90500        4.465751e-03        2.365300e+01
               90600        4.317726e-03        2.338127e+01
               90700        4.951018e-03        2.338127e+01
               90800        4.502182e-03        2.255966e+01
               90900        4.719501e-03        2.255966e+01
               91000        4.624052e-03        2.614921e+01
               91100        4.633708e-03        2.348217e+01
               91200        4.641226e-03        2.383809e+01
               91300        4.445264e-03        2.383809e+01
               91400        4.489041e-03        2.319973e+01
               91500        2.963421e-03        2.307204e+01
               91600        2.687974e-03        2.307204e+01
               91700        3.418934e-03        2.355593e+01
               91800        4.252285e-03        2.396702e+01
               91900        2.685658e-03        2.396702e+01
               92000        3.962572e-03        2.465269e+01
               92100        3.726724e-03        2.510405e+01
               92200        2.635944e-03        2.510405e+01
               92300        3.880542e-03        2.432971e+01
               92400        4.078606e-03        2.314005e+01
               92500        3.824933e-03        2.314005e+01
               92600        4.640075e-03        2.273583e+01
               92700        2.633192e-03        2.283017e+01
               92800        3.119247e-03        2.242935e+01
               92900        2.672121e-03        2.208802e+01
               93000        3.556140e-03        2.229351e+01
               93100        2.565461e-03        2.229351e+01
               93200        3.174561e-03        2.285457e+01
               93300        3.152764e-03        2.285457e+01
               93400        3.175926e-03        2.314345e+01
               93500        3.374906e-03        2.332783e+01
               93600        3.138266e-03        2.332783e+01
               93700        3.176722e-03        2.384920e+01
               93800        2.614298e-03        2.382622e+01
               93900        3.844418e-03        2.382622e+01
               94000        2.694191e-03        2.449407e+01
               94100        3.194409e-03        2.381351e+01
               94200        3.656740e-03        2.421249e+01
               94300        2.519041e-03        2.192587e+01
               94400        5.129017e-03        2.232048e+01
               94500        2.559014e-03        2.225961e+01
               94600        4.694228e-03        2.306634e+01
               94700        2.600874e-03        2.223080e+01
               94800        3.597657e-03        2.239842e+01
               94900        3.013947e-03        2.184523e+01
               95000        3.258164e-03        2.206754e+01
               95100        2.884782e-03        2.248051e+01
               95200        3.149787e-03        2.333089e+01
               95300        3.231137e-03        2.333089e+01
               95400        3.198534e-03        2.333089e+01
               95500        3.159598e-03        2.294712e+01
               95600        3.170358e-03        2.191900e+01
               95700        3.481564e-03        2.191900e+01
               95800        3.009309e-03        2.191900e+01
               95900        3.373582e-03        2.217625e+01
               96000        3.226606e-03        2.393954e+01
               96100        3.200794e-03        2.256524e+01
               96200        3.056561e-03        2.195901e+01
               96300        3.092749e-03        2.195901e+01
               96400        3.131713e-03        2.195901e+01
               96500        3.103346e-03        2.239586e+01
               96600        3.056313e-03        2.239586e+01
               96700        3.067892e-03        2.258888e+01
               96800        3.058638e-03        2.258888e+01
               96900        3.082397e-03        2.214562e+01
               97000        3.094502e-03        2.214562e+01
               97100        3.006803e-03        2.258103e+01
               97200        3.033676e-03        2.258103e+01
               97300        3.779449e-03        2.258103e+01
               97400        2.576475e-03        2.142357e+01
               97500        3.201350e-03        2.142357e+01
               97600        2.561078e-03        2.142357e+01
               97700        4.181126e-03        2.142356e+01
               97800        2.628106e-03        2.195190e+01
               97900        4.102509e-03        2.195190e+01
               98000        2.558822e-03        2.195190e+01
               98100        3.765480e-03        2.195190e+01
               98200        2.951032e-03        2.145950e+01
               98300        3.050211e-03        2.145950e+01
               98400        3.239321e-03        2.144079e+01
               98500        2.924894e-03        2.144079e+01
               98600        2.829202e-03        2.144079e+01
               98700        2.853957e-03        2.144079e+01
               98800        3.050061e-03        2.160697e+01
               98900        2.898264e-03        2.160697e+01
               99000        2.872709e-03        2.167619e+01
               99100        2.711020e-03        2.167619e+01
               99200        2.705024e-03        2.167619e+01
               99300        2.332906e-03        2.167619e+01
               99400        2.248770e-03        2.169119e+01
               99500        2.227815e-03        2.169119e+01
               99600        2.280647e-03        2.197768e+01
               99700        2.153875e-03        2.197768e+01
               99800        2.148994e-03        2.197765e+01
               99900        2.212324e-03        2.314230e+01
              100000        2.227451e-03        2.184003e+01
