Period: 100
               Epoch           Time cost                Loss
                 100        1.976665e-03        1.261391e+04
                 200        1.784810e-03        1.129325e+04
                 300        1.834470e-03        6.889138e+03
                 400        2.251743e-03        6.224290e+03
                 500        2.017304e-03        7.152958e+03
                 600        1.881473e-03        5.141477e+03
                 700        1.753728e-03        5.812093e+03
                 800        1.723616e-03        4.803334e+03
                 900        1.799238e-03        4.977293e+03
                1000        1.718737e-03        5.804033e+03
                1100        1.880222e-03        4.925234e+03
                1200        1.759182e-03        4.702256e+03
                1300        2.504783e-03        4.548858e+03
                1400        1.760167e-03        7.370036e+03
                1500        1.732638e-03        4.577691e+03
                1600        1.729028e-03        4.726778e+03
                1700        1.830411e-03        5.115750e+03
                1800        1.793813e-03        5.554031e+03
                1900        1.731738e-03        4.149028e+03
                2000        1.726989e-03        5.063341e+03
                2100        1.809265e-03        4.453218e+03
                2200        1.832573e-03        5.112992e+03
                2300        1.822851e-03        4.520741e+03
                2400        1.784162e-03        5.870587e+03
                2500        1.726976e-03        4.208539e+03
                2600        1.763064e-03        5.292385e+03
                2700        1.748427e-03        4.580996e+03
                2800        1.798744e-03        4.168125e+03
                2900        1.757352e-03        4.072768e+03
                3000        1.810528e-03        4.671354e+03
                3100        1.816896e-03        4.848658e+03
                3200        1.890934e-03        5.751428e+03
                3300        3.299693e-03        5.099573e+03
                3400        1.960191e-03        4.048399e+03
                3500        2.032571e-03        4.110006e+03
                3600        1.810554e-03        4.375647e+03
                3700        1.790076e-03        4.440727e+03
                3800        1.773863e-03        4.140696e+03
                3900        1.825441e-03        4.058149e+03
                4000        1.789591e-03        4.621219e+03
                4100        1.763487e-03        5.171295e+03
                4200        2.653558e-03        3.984603e+03
                4300        1.783390e-03        4.143135e+03
                4400        1.808313e-03        4.213038e+03
                4500        1.761591e-03        4.635911e+03
                4600        1.775032e-03        5.563560e+03
                4700        2.043559e-03        4.919574e+03
                4800        1.813889e-03        4.545436e+03
                4900        1.762672e-03        4.175119e+03
                5000        1.821313e-03        3.790473e+03
                5100        3.188249e-03        3.801133e+03
                5200        1.766357e-03        4.231660e+03
                5300        1.802056e-03        3.824264e+03
                5400        1.751913e-03        4.869903e+03
                5500        1.792434e-03        3.809179e+03
                5600        1.837686e-03        4.638693e+03
                5700        1.774452e-03        3.651819e+03
                5800        1.760893e-03        4.063786e+03
                5900        1.776806e-03        3.812077e+03
                6000        3.220663e-03        3.859513e+03
                6100        2.157612e-03        3.850184e+03
                6200        1.921655e-03        3.986622e+03
                6300        1.812390e-03        3.453590e+03
                6400        1.812011e-03        4.658851e+03
                6500        1.736419e-03        3.614403e+03
                6600        1.789061e-03        3.609069e+03
                6700        1.958468e-03        4.540699e+03
                6800        1.860371e-03        3.856276e+03
                6900        1.820540e-03        4.985715e+03
                7000        1.981368e-03        3.668944e+03
                7100        1.915975e-03        3.632869e+03
                7200        1.785142e-03        3.759050e+03
                7300        1.772379e-03        3.433990e+03
                7400        1.822910e-03        3.381443e+03
                7500        1.788027e-03        4.487606e+03
                7600        2.093994e-03        4.608791e+03
                7700        1.786601e-03        3.963698e+03
                7800        1.883779e-03        3.568313e+03
                7900        1.786094e-03        3.991325e+03
                8000        1.756047e-03        3.818078e+03
                8100        1.778550e-03        3.825839e+03
                8200        1.810853e-03        3.486170e+03
                8300        1.785113e-03        3.743855e+03
                8400        1.756455e-03        3.788597e+03
                8500        1.715923e-03        3.589235e+03
                8600        1.888402e-03        3.868145e+03
                8700        1.756490e-03        4.170513e+03
                8800        1.785990e-03        4.407515e+03
                8900        1.779926e-03        4.060224e+03
                9000        1.747930e-03        4.000344e+03
                9100        1.748098e-03        3.861301e+03
                9200        1.759160e-03        4.064848e+03
                9300        1.743953e-03        4.115989e+03
                9400        1.757779e-03        3.833577e+03
                9500        1.791563e-03        3.863127e+03
                9600        1.748425e-03        3.672522e+03
                9700        1.728399e-03        3.436664e+03
                9800        2.999942e-03        3.909067e+03
                9900        1.806096e-03        3.743675e+03
               10000        1.839949e-03        3.456161e+03
               10100        1.741928e-03        3.391163e+03
               10200        1.819870e-03        3.249176e+03
               10300        1.751822e-03        3.373740e+03
               10400        1.893863e-03        3.426129e+03
               10500        1.737031e-03        4.872960e+03
               10600        1.790973e-03        3.537193e+03
               10700        1.733940e-03        3.665167e+03
               10800        2.837342e-03        3.569140e+03
               10900        1.756321e-03        3.765739e+03
               11000        1.842110e-03        3.715837e+03
               11100        1.793550e-03        3.274716e+03
               11200        1.724768e-03        3.615215e+03
               11300        1.783193e-03        3.443435e+03
               11400        1.726288e-03        3.318795e+03
               11500        1.847560e-03        3.425696e+03
               11600        1.909841e-03        4.240256e+03
               11700        1.770581e-03        3.693409e+03
               11800        2.695701e-03        4.385339e+03
               11900        2.247705e-03        3.467968e+03
               12000        2.011087e-03        3.282999e+03
               12100        1.808712e-03        3.578242e+03
               12200        1.704206e-03        3.332641e+03
               12300        1.727563e-03        4.480827e+03
               12400        1.835108e-03        3.500458e+03
               12500        1.807216e-03        3.494179e+03
               12600        2.329098e-03        4.233507e+03
               12700        1.840264e-03        3.685249e+03
               12800        1.800821e-03        3.954816e+03
               12900        1.729571e-03        3.666272e+03
               13000        1.768404e-03        3.996554e+03
               13100        1.794841e-03        3.836077e+03
               13200        2.004787e-03        3.029543e+03
               13300        2.099674e-03        3.596605e+03
               13400        2.013838e-03        3.089154e+03
               13500        2.873275e-03        3.608308e+03
               13600        2.241505e-03        3.171246e+03
               13700        2.208443e-03        3.245626e+03
               13800        2.214844e-03        3.449691e+03
               13900        2.256715e-03        3.088564e+03
               14000        2.175153e-03        3.107165e+03
               14100        2.260870e-03        5.192613e+03
               14200        2.174225e-03        4.110409e+03
               14300        2.170776e-03        3.786589e+03
               14400        2.139359e-03        3.429353e+03
               14500        2.195522e-03        3.440794e+03
               14600        2.128385e-03        3.638866e+03
               14700        2.172422e-03        3.303215e+03
               14800        2.175974e-03        3.920520e+03
               14900        2.186623e-03        3.943657e+03
               15000        2.124632e-03        3.248063e+03
               15100        2.417453e-03        4.739118e+03
               15200        2.717353e-03        3.393910e+03
               15300        1.897023e-03        3.626627e+03
               15400        1.776250e-03        3.086312e+03
               15500        2.161042e-03        3.152166e+03
               15600        1.808819e-03        4.044524e+03
               15700        1.842311e-03        4.053811e+03
               15800        1.777351e-03        3.528551e+03
               15900        1.816920e-03        4.737810e+03
               16000        1.954787e-03        3.635185e+03
               16100        2.249797e-03        4.151919e+03
               16200        2.007156e-03        3.326607e+03
               16300        1.774062e-03        3.415714e+03
               16400        1.838183e-03        3.284209e+03
               16500        1.780062e-03        3.154676e+03
               16600        1.757961e-03        3.087200e+03
               16700        1.907738e-03        3.755141e+03
               16800        1.793267e-03        4.173694e+03
               16900        2.004292e-03        3.919190e+03
               17000        1.788370e-03        3.459811e+03
               17100        1.751466e-03        3.931992e+03
               17200        1.891087e-03        4.054688e+03
               17300        1.901625e-03        3.252668e+03
               17400        1.801868e-03        3.039631e+03
               17500        1.762484e-03        3.167882e+03
               17600        1.755503e-03        3.372447e+03
               17700        1.910407e-03        3.732563e+03
               17800        2.659279e-03        3.315241e+03
               17900        3.546421e-03        3.294367e+03
               18000        2.114419e-03        3.328647e+03
               18100        2.010576e-03        3.870781e+03
               18200        2.072566e-03        3.490212e+03
               18300        2.044420e-03        3.648260e+03
               18400        2.023500e-03        3.803669e+03
               18500        2.080845e-03        3.339187e+03
               18600        1.999884e-03        3.246740e+03
               18700        1.998447e-03        4.029620e+03
               18800        2.190117e-03        3.327655e+03
               18900        2.039429e-03        3.979697e+03
               19000        2.073309e-03        3.062112e+03
               19100        1.994577e-03        4.463633e+03
               19200        1.995156e-03        3.079390e+03
               19300        2.033661e-03        3.824085e+03
               19400        1.975386e-03        3.936122e+03
               19500        1.981290e-03        3.245414e+03
               19600        3.018767e-03        3.249269e+03
               19700        2.035094e-03        3.095314e+03
               19800        2.059882e-03        3.317552e+03
               19900        1.962944e-03        4.205369e+03
               20000        2.063550e-03        3.181264e+03
               20100        2.015448e-03        2.976799e+03
               20200        2.069545e-03        4.359806e+03
               20300        1.982638e-03        3.032080e+03
               20400        1.976517e-03        3.651579e+03
               20500        2.246300e-03        2.921324e+03
               20600        2.096231e-03        3.427818e+03
               20700        2.068344e-03        3.481969e+03
               20800        2.080140e-03        2.991737e+03
               20900        2.021088e-03        3.324487e+03
               21000        1.993425e-03        3.593298e+03
               21100        2.003023e-03        3.151943e+03
               21200        1.985209e-03        3.146962e+03
               21300        3.211962e-03        3.046825e+03
               21400        1.947368e-03        3.579432e+03
               21500        2.014080e-03        3.242854e+03
               21600        1.988096e-03        3.300380e+03
               21700        2.199399e-03        3.232580e+03
               21800        1.999413e-03        3.288163e+03
               21900        1.982865e-03        3.189676e+03
               22000        1.948296e-03        3.065214e+03
               22100        3.556928e-03        3.333314e+03
               22200        2.067833e-03        3.041608e+03
               22300        2.031216e-03        3.218587e+03
               22400        2.053894e-03        4.163658e+03
               22500        2.048334e-03        3.020055e+03
               22600        1.969598e-03        4.144475e+03
               22700        1.926737e-03        3.217259e+03
               22800        1.979725e-03        2.948466e+03
               22900        3.097549e-03        3.273362e+03
               23000        2.089342e-03        4.162322e+03
               23100        2.153605e-03        2.928816e+03
               23200        2.058396e-03        4.014566e+03
               23300        2.020222e-03        3.168775e+03
               23400        2.079638e-03        3.406280e+03
               23500        2.025977e-03        3.224111e+03
               23600        1.993305e-03        3.639256e+03
               23700        2.072375e-03        3.295555e+03
               23800        2.671893e-03        3.582087e+03
               23900        1.985000e-03        3.601448e+03
               24000        1.991041e-03        3.009697e+03
               24100        2.123994e-03        3.934519e+03
               24200        1.938504e-03        3.610621e+03
               24300        1.920934e-03        3.268726e+03
               24400        1.990701e-03        3.420877e+03
               24500        1.994012e-03        3.753101e+03
               24600        3.083703e-03        3.227394e+03
               24700        2.000667e-03        3.707485e+03
               24800        1.983425e-03        2.950142e+03
               24900        1.979432e-03        3.314688e+03
               25000        2.161451e-03        3.192365e+03
               25100        2.067417e-03        3.182263e+03
               25200        1.989987e-03        3.593775e+03
               25300        1.931639e-03        3.138080e+03
               25400        2.183805e-03        4.367713e+03
               25500        2.076600e-03        3.691398e+03
               25600        2.069028e-03        3.139187e+03
               25700        2.069320e-03        2.967252e+03
               25800        2.022051e-03        4.906405e+03
               25900        2.065105e-03        3.794242e+03
               26000        2.069021e-03        2.923661e+03
               26100        2.069272e-03        3.566664e+03
               26200        2.026779e-03        3.446431e+03
               26300        2.058980e-03        2.963613e+03
               26400        2.103135e-03        3.092242e+03
               26500        2.054097e-03        3.390893e+03
               26600        2.099099e-03        3.368160e+03
               26700        2.008833e-03        3.560467e+03
               26800        2.000059e-03        2.919571e+03
               26900        2.097804e-03        3.297203e+03
               27000        2.010297e-03        3.272450e+03
               27100        2.141019e-03        3.545774e+03
               27200        2.148018e-03        3.448174e+03
               27300        1.936748e-03        2.951015e+03
               27400        2.101401e-03        3.001690e+03
               27500        2.033174e-03        3.599542e+03
               27600        2.050412e-03        2.872713e+03
               27700        2.003618e-03        3.532772e+03
               27800        1.991818e-03        2.971701e+03
               27900        1.962004e-03        2.858303e+03
               28000        2.010078e-03        2.927718e+03
               28100        2.075315e-03        2.853840e+03
               28200        2.066110e-03        2.913959e+03
               28300        2.007758e-03        2.886932e+03
               28400        2.071646e-03        3.195393e+03
               28500        2.105484e-03        2.986128e+03
               28600        2.013255e-03        3.153218e+03
               28700        1.992767e-03        3.287408e+03
               28800        1.964220e-03        2.860453e+03
               28900        2.215882e-03        3.639569e+03
               29000        2.015063e-03        2.958390e+03
               29100        1.938983e-03        3.015616e+03
               29200        2.042744e-03        2.869435e+03
               29300        1.983571e-03        2.853363e+03
               29400        2.027892e-03        3.373379e+03
               29500        2.587876e-03        3.280358e+03
               29600        1.976817e-03        3.141197e+03
               29700        2.274351e-03        2.919291e+03
               29800        2.085600e-03        2.902158e+03
               29900        1.979831e-03        3.325687e+03
               30000        2.065698e-03        2.991190e+03
               30100        1.940540e-03        3.048335e+03
               30200        1.999251e-03        3.634253e+03
               30300        1.990881e-03        3.430171e+03
               30400        1.991496e-03        3.131692e+03
               30500        1.993986e-03        3.122026e+03
               30600        2.451613e-03        3.199508e+03
               30700        2.045800e-03        2.837241e+03
               30800        1.936453e-03        3.369901e+03
               30900        1.991795e-03        2.865106e+03
               31000        1.995770e-03        2.897901e+03
               31100        1.976302e-03        2.771064e+03
               31200        1.934739e-03        3.681970e+03
               31300        1.922198e-03        2.954088e+03
               31400        1.942408e-03        3.060850e+03
               31500        2.119743e-03        3.181917e+03
               31600        2.019530e-03        3.436006e+03
               31700        2.052243e-03        3.400693e+03
               31800        1.930953e-03        3.440207e+03
               31900        2.002763e-03        3.674000e+03
               32000        1.927285e-03        3.035214e+03
               32100        2.044570e-03        3.002633e+03
               32200        2.026525e-03        3.429792e+03
               32300        2.019450e-03        3.137528e+03
               32400        2.088252e-03        3.277700e+03
               32500        2.068929e-03        3.042026e+03
               32600        1.962853e-03        3.195782e+03
               32700        1.990016e-03        2.943010e+03
               32800        1.991508e-03        2.818414e+03
               32900        1.993343e-03        2.866441e+03
               33000        2.059075e-03        3.349697e+03
               33100        1.938074e-03        2.872230e+03
               33200        2.039274e-03        3.053671e+03
               33300        2.014391e-03        3.539795e+03
               33400        1.986787e-03        3.156780e+03
               33500        2.014712e-03        4.188713e+03
               33600        1.974091e-03        2.995445e+03
               33700        1.991691e-03        3.588850e+03
               33800        1.992882e-03        3.274611e+03
               33900        1.962095e-03        3.632772e+03
               34000        1.982043e-03        3.594299e+03
               34100        2.118181e-03        2.862665e+03
               34200        2.100834e-03        3.691241e+03
               34300        1.922149e-03        2.757224e+03
               34400        1.979107e-03        2.906075e+03
               34500        1.971055e-03        3.073960e+03
               34600        1.940953e-03        3.306829e+03
               34700        1.981735e-03        3.256104e+03
               34800        1.942683e-03        3.210851e+03
               34900        1.995610e-03        2.675096e+03
               35000        2.033863e-03        3.931932e+03
               35100        2.045330e-03        2.757942e+03
               35200        1.975894e-03        3.261365e+03
               35300        1.981606e-03        2.856568e+03
               35400        1.996686e-03        3.500393e+03
               35500        2.084819e-03        3.362701e+03
               35600        1.950539e-03        3.137936e+03
               35700        1.995544e-03        3.517100e+03
               35800        1.933584e-03        2.735515e+03
               35900        2.099357e-03        3.036723e+03
               36000        2.012565e-03        3.125852e+03
               36100        1.954695e-03        3.235896e+03
               36200        1.965104e-03        2.580875e+03
               36300        1.925785e-03        2.794203e+03
               36400        1.952302e-03        2.616401e+03
               36500        1.933879e-03        2.878795e+03
               36600        1.985379e-03        3.289167e+03
               36700        2.043420e-03        2.603011e+03
               36800        2.105606e-03        2.806683e+03
               36900        1.987760e-03        3.035375e+03
               37000        2.005270e-03        2.763432e+03
               37100        1.992911e-03        2.733276e+03
               37200        2.042729e-03        3.043595e+03
               37300        2.016117e-03        2.560745e+03
               37400        1.934102e-03        2.773909e+03
               37500        1.995872e-03        3.490140e+03
               37600        2.114147e-03        3.004493e+03
               37700        2.083031e-03        2.664151e+03
               37800        2.030130e-03        2.708205e+03
               37900        2.009097e-03        2.947324e+03
               38000        1.929504e-03        2.720647e+03
               38100        1.980395e-03        3.064229e+03
               38200        1.996192e-03        3.076521e+03
               38300        1.998819e-03        2.751678e+03
               38400        1.986800e-03        3.197166e+03
               38500        2.023935e-03        3.188691e+03
               38600        2.055228e-03        2.668407e+03
               38700        2.002824e-03        2.777824e+03
               38800        2.008012e-03        2.983361e+03
               38900        2.004170e-03        3.291877e+03
               39000        2.098458e-03        2.973389e+03
               39100        2.006115e-03        2.892505e+03
               39200        1.981442e-03        2.885226e+03
               39300        2.039220e-03        3.698355e+03
               39400        2.114213e-03        2.800613e+03
               39500        2.043877e-03        2.662949e+03
               39600        1.993147e-03        2.647228e+03
               39700        1.937198e-03        3.800165e+03
               39800        1.987250e-03        2.727762e+03
               39900        1.978489e-03        2.589948e+03
               40000        1.976545e-03        2.620176e+03
               40100        2.015321e-03        2.705314e+03
               40200        2.043656e-03        3.335813e+03
               40300        2.147749e-03        2.956212e+03
               40400        2.031759e-03        2.810630e+03
               40500        1.933901e-03        2.921323e+03
               40600        1.929899e-03        2.652487e+03
               40700        1.928560e-03        2.999304e+03
               40800        1.985548e-03        3.391730e+03
               40900        1.988804e-03        3.046705e+03
               41000        1.942938e-03        3.071493e+03
               41100        2.078570e-03        2.717559e+03
               41200        2.138187e-03        2.833523e+03
               41300        1.938924e-03        2.850225e+03
               41400        2.033158e-03        2.828886e+03
               41500        1.989921e-03        2.567895e+03
               41600        1.958873e-03        2.531913e+03
               41700        1.989329e-03        2.888255e+03
               41800        1.951488e-03        2.741847e+03
               41900        1.924507e-03        3.198840e+03
               42000        2.054064e-03        3.207952e+03
               42100        2.097746e-03        2.907710e+03
               42200        2.024347e-03        3.122047e+03
               42300        1.995971e-03        2.882761e+03
               42400        1.998920e-03        2.616727e+03
               42500        1.961517e-03        3.100886e+03
               42600        1.929796e-03        2.771116e+03
               42700        1.990060e-03        2.851060e+03
               42800        1.928953e-03        4.453132e+03
               42900        2.221906e-03        3.301877e+03
               43000        2.061292e-03        2.694537e+03
               43100        2.008692e-03        3.017181e+03
               43200        2.025320e-03        3.194839e+03
               43300        2.024980e-03        2.665785e+03
               43400        2.001162e-03        2.788842e+03
               43500        2.039161e-03        3.044699e+03
               43600        1.986023e-03        3.446503e+03
               43700        1.932708e-03        2.554549e+03
               43800        2.020875e-03        2.773010e+03
               43900        2.101310e-03        2.927648e+03
               44000        1.952419e-03        2.880451e+03
               44100        2.007409e-03        2.669749e+03
               44200        1.925112e-03        2.895037e+03
               44300        2.088383e-03        2.734896e+03
               44400        2.011796e-03        2.548974e+03
               44500        2.045764e-03        2.670040e+03
               44600        2.130782e-03        3.516661e+03
               44700        2.070345e-03        2.627156e+03
               44800        1.984607e-03        3.019530e+03
               44900        1.998980e-03        3.179863e+03
               45000        2.002677e-03        2.710894e+03
               45100        1.996330e-03        2.621378e+03
               45200        1.930298e-03        2.579680e+03
               45300        1.958973e-03        2.749759e+03
               45400        2.072626e-03        2.711594e+03
               45500        2.027903e-03        2.880338e+03
               45600        2.074155e-03        2.781232e+03
               45700        2.006816e-03        3.070576e+03
               45800        2.057592e-03        3.249637e+03
               45900        1.979920e-03        2.872615e+03
               46000        2.041055e-03        2.689752e+03
               46100        1.956977e-03        2.848242e+03
               46200        1.944355e-03        2.558523e+03
               46300        1.993790e-03        2.508099e+03
               46400        2.013737e-03        2.593455e+03
               46500        2.062416e-03        2.645774e+03
               46600        2.011588e-03        2.873998e+03
               46700        1.953396e-03        3.742033e+03
               46800        2.011238e-03        2.747078e+03
               46900        1.994850e-03        2.780427e+03
               47000        1.992861e-03        2.750046e+03
               47100        1.988638e-03        2.906512e+03
               47200        2.051114e-03        2.686829e+03
               47300        2.123157e-03        2.683632e+03
               47400        1.993694e-03        3.117045e+03
               47500        1.992333e-03        4.127822e+03
               47600        1.988820e-03        2.651686e+03
               47700        2.025994e-03        2.510517e+03
               47800        1.996650e-03        2.713977e+03
               47900        1.993897e-03        3.063684e+03
               48000        2.013677e-03        2.956267e+03
               48100        2.145102e-03        2.579969e+03
               48200        2.056579e-03        2.786619e+03
               48300        2.058374e-03        3.039242e+03
               48400        1.938688e-03        2.811773e+03
               48500        2.002075e-03        2.773198e+03
               48600        1.945925e-03        2.741625e+03
               48700        2.017010e-03        2.637957e+03
               48800        2.013457e-03        2.864166e+03
               48900        1.950914e-03        4.300176e+03
               49000        2.095311e-03        3.556098e+03
               49100        2.137044e-03        3.588602e+03
               49200        2.015202e-03        3.055993e+03
               49300        2.023514e-03        2.804051e+03
               49400        2.072475e-03        2.933004e+03
               49500        1.991924e-03        2.725316e+03
               49600        1.992214e-03        2.690622e+03
               49700        1.940085e-03        2.707656e+03
               49800        2.038205e-03        2.818020e+03
               49900        1.995569e-03        2.637551e+03
               50000        2.041946e-03        2.882547e+03
               50100        1.970351e-03        3.103493e+03
               50200        2.001035e-03        2.860002e+03
               50300        1.984727e-03        2.682929e+03
               50400        2.143453e-03        2.726810e+03
               50500        2.365347e-03        2.728365e+03
               50600        2.562504e-03        3.401437e+03
               50700        2.920136e-03        2.745094e+03
               50800        7.837278e-03        2.978277e+03
               50900        7.861435e-03        2.770699e+03
               51000        8.185066e-03        3.129546e+03
               51100        7.907249e-03        2.563113e+03
               51200        7.963533e-03        2.822682e+03
               51300        7.912802e-03        3.034215e+03
               51400        7.894667e-03        2.490227e+03
               51500        8.043444e-03        2.385254e+03
               51600        7.885123e-03        2.457464e+03
               51700        8.053877e-03        2.530767e+03
               51800        8.108000e-03        2.427254e+03
               51900        8.398659e-03        2.620542e+03
               52000        4.250682e-03        2.937929e+03
               52100        3.196283e-03        2.840080e+03
               52200        2.291719e-03        2.773981e+03
               52300        2.292457e-03        2.962941e+03
               52400        2.375181e-03        3.315067e+03
               52500        2.282419e-03        3.370355e+03
               52600        2.313429e-03        2.618133e+03
               52700        2.270234e-03        2.624891e+03
               52800        2.285574e-03        2.364053e+03
               52900        2.292350e-03        2.541570e+03
               53000        2.272743e-03        3.228696e+03
               53100        2.292722e-03        2.696214e+03
               53200        2.261350e-03        2.908665e+03
               53300        2.266085e-03        2.479010e+03
               53400        2.189714e-03        3.599478e+03
               53500        1.950183e-03        2.590764e+03
               53600        1.856045e-03        2.746574e+03
               53700        1.804267e-03        5.043988e+03
               53800        1.777868e-03        2.871916e+03
               53900        1.819012e-03        3.229143e+03
               54000        1.890511e-03        2.401877e+03
               54100        2.007661e-03        3.102259e+03
               54200        1.989231e-03        2.619409e+03
               54300        1.950772e-03        2.530805e+03
               54400        1.924570e-03        2.542079e+03
               54500        1.868208e-03        3.776216e+03
               54600        1.895049e-03        2.712503e+03
               54700        1.924591e-03        2.707210e+03
               54800        1.874064e-03        2.738236e+03
               54900        2.025181e-03        2.701716e+03
               55000        2.058103e-03        2.450279e+03
               55100        1.927924e-03        2.372706e+03
               55200        1.989301e-03        3.008996e+03
               55300        2.080131e-03        2.639257e+03
               55400        1.926499e-03        2.686211e+03
               55500        1.966436e-03        2.778976e+03
               55600        2.026378e-03        2.837516e+03
               55700        1.978181e-03        2.676525e+03
               55800        2.022144e-03        2.398996e+03
               55900        2.073155e-03        2.545725e+03
               56000        2.021452e-03        3.145113e+03
               56100        2.016213e-03        2.964505e+03
               56200        1.997152e-03        2.831017e+03
               56300        1.938354e-03        2.986549e+03
               56400        2.035531e-03        2.511845e+03
               56500        2.003219e-03        2.401127e+03
               56600        2.005157e-03        2.606714e+03
               56700        1.997633e-03        2.723745e+03
               56800        2.050037e-03        3.400240e+03
               56900        2.017733e-03        2.726256e+03
               57000        1.996595e-03        2.916700e+03
               57100        1.920995e-03        3.306251e+03
               57200        1.988815e-03        2.921751e+03
               57300        1.885716e-03        3.017364e+03
               57400        2.043497e-03        3.201852e+03
               57500        1.945457e-03        2.556913e+03
               57600        2.005479e-03        2.372561e+03
               57700        2.016616e-03        2.558112e+03
               57800        2.061513e-03        2.591554e+03
               57900        1.947338e-03        3.042833e+03
               58000        1.966535e-03        2.569501e+03
               58100        2.040066e-03        3.030752e+03
               58200        1.931292e-03        2.385293e+03
               58300        1.954336e-03        3.051280e+03
               58400        2.197458e-03        2.380207e+03
               58500        2.067473e-03        3.825998e+03
               58600        2.052342e-03        3.445120e+03
               58700        2.000513e-03        2.867869e+03
               58800        1.942388e-03        2.746493e+03
               58900        1.968189e-03        2.720718e+03
               59000        2.080996e-03        2.493678e+03
               59100        1.953954e-03        2.642318e+03
               59200        1.990541e-03        2.645133e+03
               59300        2.047688e-03        3.364733e+03
               59400        1.998634e-03        2.547464e+03
               59500        1.990477e-03        2.989472e+03
               59600        2.046625e-03        2.359344e+03
               59700        1.937801e-03        2.654707e+03
               59800        2.020280e-03        2.933846e+03
               59900        1.920989e-03        2.887633e+03
               60000        2.002902e-03        2.336304e+03
               60100        1.999588e-03        2.956049e+03
               60200        2.004173e-03        2.742223e+03
               60300        2.065252e-03        2.566918e+03
               60400        2.010503e-03        2.541764e+03
               60500        1.969355e-03        2.759058e+03
               60600        1.957952e-03        2.681766e+03
               60700        2.000529e-03        2.965943e+03
               60800        2.020652e-03        3.079294e+03
               60900        1.943948e-03        2.683211e+03
               61000        1.995306e-03        2.671373e+03
               61100        2.091298e-03        2.565763e+03
               61200        2.025776e-03        2.386786e+03
               61300        1.934445e-03        2.875403e+03
               61400        1.946812e-03        2.445910e+03
               61500        1.941474e-03        3.025603e+03
               61600        2.052426e-03        3.178925e+03
               61700        1.962202e-03        3.147002e+03
               61800        1.946861e-03        2.547094e+03
               61900        1.884426e-03        3.103958e+03
               62000        2.110409e-03        2.467405e+03
               62100        2.020708e-03        2.550921e+03
               62200        1.997951e-03        2.821265e+03
               62300        1.988434e-03        2.703930e+03
               62400        1.998153e-03        2.311094e+03
               62500        1.928675e-03        3.181733e+03
               62600        2.078393e-03        2.519105e+03
               62700        1.959903e-03        2.602628e+03
               62800        2.049639e-03        2.674915e+03
               62900        2.062083e-03        2.493761e+03
               63000        1.962173e-03        2.777977e+03
               63100        1.989918e-03        2.393091e+03
               63200        1.957100e-03        2.424765e+03
               63300        1.946055e-03        2.634948e+03
               63400        1.999503e-03        2.474033e+03
               63500        1.984278e-03        3.112990e+03
               63600        1.948290e-03        2.886960e+03
               63700        1.937563e-03        2.458610e+03
               63800        2.144250e-03        2.443419e+03
               63900        1.984027e-03        2.882996e+03
               64000        1.925748e-03        2.888848e+03
               64100        1.962184e-03        3.373857e+03
               64200        2.001356e-03        2.877716e+03
               64300        1.992037e-03        3.068201e+03
               64400        1.988535e-03        2.558436e+03
               64500        2.023877e-03        2.493885e+03
               64600        1.984701e-03        2.542803e+03
               64700        2.009879e-03        2.400197e+03
               64800        1.934808e-03        2.885681e+03
               64900        1.987916e-03        2.645861e+03
               65000        1.984360e-03        2.476031e+03
               65100        1.944033e-03        2.508439e+03
               65200        1.918184e-03        2.440407e+03
               65300        1.933168e-03        2.464964e+03
               65400        2.023248e-03        2.469830e+03
               65500        1.978804e-03        2.410516e+03
               65600        1.948943e-03        2.306339e+03
               65700        1.942131e-03        2.595341e+03
               65800        1.987052e-03        2.471738e+03
               65900        1.931546e-03        2.893400e+03
               66000        1.984219e-03        2.534200e+03
               66100        1.831898e-03        2.189992e+03
               66200        1.952812e-03        2.476714e+03
               66300        1.953169e-03        2.368092e+03
               66400        1.927024e-03        2.562994e+03
               66500        2.192428e-03        2.289728e+03
               66600        1.997401e-03        2.600288e+03
               66700        1.945968e-03        2.351126e+03
               66800        1.930406e-03        2.516525e+03
               66900        1.960308e-03        2.657221e+03
               67000        1.997324e-03        2.772865e+03
               67100        2.010188e-03        2.691048e+03
               67200        1.990697e-03        3.087204e+03
               67300        2.054597e-03        2.765731e+03
               67400        1.998968e-03        2.438294e+03
               67500        1.996803e-03        3.062168e+03
               67600        1.954555e-03        2.367191e+03
               67700        1.928975e-03        2.259411e+03
               67800        1.930071e-03        2.730724e+03
               67900        1.965095e-03        2.729121e+03
               68000        2.008926e-03        2.335957e+03
               68100        1.928960e-03        2.153484e+03
               68200        1.991369e-03        2.784346e+03
               68300        2.135447e-03        2.548306e+03
               68400        1.936620e-03        2.330690e+03
               68500        1.895763e-03        2.433322e+03
               68600        1.983064e-03        3.030568e+03
               68700        2.004249e-03        2.689654e+03
               68800        2.076504e-03        2.537431e+03
               68900        1.950781e-03        2.369716e+03
               69000        1.922759e-03        2.350012e+03
               69100        2.059049e-03        3.268436e+03
               69200        2.119699e-03        3.006458e+03
               69300        1.935212e-03        2.386072e+03
               69400        1.971482e-03        2.413624e+03
               69500        1.992671e-03        2.605669e+03
               69600        1.989192e-03        3.007472e+03
               69700        2.050442e-03        2.953203e+03
               69800        1.959573e-03        2.758744e+03
               69900        1.960969e-03        2.441584e+03
               70000        2.017716e-03        2.556541e+03
               70100        2.055700e-03        2.447094e+03
               70200        1.988607e-03        2.446971e+03
               70300        1.986046e-03        2.498120e+03
               70400        1.930600e-03        2.508676e+03
               70500        1.952110e-03        2.490661e+03
               70600        2.008437e-03        3.008612e+03
               70700        1.950236e-03        2.486332e+03
               70800        1.981430e-03        2.569512e+03
               70900        2.979871e-03        2.717016e+03
               71000        1.981151e-03        2.481684e+03
               71100        1.981504e-03        2.396541e+03
               71200        1.965749e-03        2.441697e+03
               71300        1.961220e-03        2.351057e+03
               71400        1.986541e-03        2.667639e+03
               71500        1.947465e-03        2.450733e+03
               71600        1.980412e-03        2.559893e+03
               71700        1.984244e-03        2.347043e+03
               71800        3.342288e-03        2.506498e+03
               71900        2.009832e-03        2.289592e+03
               72000        2.047405e-03        2.578972e+03
               72100        1.924144e-03        2.355889e+03
               72200        1.949013e-03        2.721863e+03
               72300        2.002031e-03        2.824602e+03
               72400        1.917069e-03        2.292434e+03
               72500        1.917755e-03        2.707820e+03
               72600        1.955060e-03        3.345495e+03
               72700        1.982449e-03        2.791896e+03
               72800        2.051594e-03        2.635504e+03
               72900        1.966835e-03        2.688898e+03
               73000        1.961217e-03        2.597822e+03
               73100        1.917509e-03        2.291526e+03
               73200        1.922026e-03        2.307056e+03
               73300        1.925689e-03        3.321849e+03
               73400        1.920803e-03        2.436864e+03
               73500        1.946223e-03        2.435960e+03
               73600        2.114133e-03        3.052802e+03
               73700        1.925601e-03        2.302434e+03
               73800        1.922444e-03        2.481988e+03
               73900        2.054397e-03        2.771112e+03
               74000        1.925880e-03        2.695195e+03
               74100        1.955097e-03        2.925605e+03
               74200        1.943097e-03        2.689301e+03
               74300        1.922892e-03        2.382502e+03
               74400        3.548075e-03        2.812841e+03
               74500        2.055058e-03        3.208582e+03
               74600        1.976006e-03        2.495243e+03
               74700        1.972729e-03        2.490278e+03
               74800        1.980378e-03        2.464575e+03
               74900        1.983097e-03        3.498899e+03
               75000        2.087583e-03        2.708552e+03
               75100        2.003656e-03        2.408364e+03
               75200        1.941274e-03        2.381178e+03
               75300        3.696227e-03        2.402202e+03
               75400        2.012839e-03        2.331034e+03
               75500        2.097663e-03        2.234518e+03
               75600        1.983734e-03        2.992597e+03
               75700        1.935509e-03        2.530012e+03
               75800        1.928441e-03        3.227154e+03
               75900        1.951417e-03        2.310765e+03
               76000        2.108460e-03        2.918213e+03
               76100        2.066385e-03        3.089269e+03
               76200        1.999211e-03        2.575804e+03
               76300        2.053223e-03        2.167244e+03
               76400        1.943247e-03        2.693564e+03
               76500        2.065961e-03        2.400412e+03
               76600        2.057763e-03        3.365122e+03
               76700        2.015899e-03        2.335775e+03
               76800        1.994317e-03        2.368201e+03
               76900        1.963891e-03        2.503509e+03
               77000        2.295388e-03        2.863311e+03
               77100        1.985827e-03        2.344446e+03
               77200        1.959733e-03        2.373898e+03
               77300        2.003196e-03        2.534544e+03
               77400        1.988861e-03        2.163328e+03
               77500        2.068597e-03        2.771324e+03
               77600        1.945254e-03        2.440790e+03
               77700        2.000597e-03        2.247516e+03
               77800        1.988710e-03        2.266714e+03
               77900        3.149736e-03        2.468975e+03
               78000        2.026002e-03        2.474997e+03
               78100        1.970364e-03        2.469710e+03
               78200        2.011852e-03        2.415311e+03
               78300        1.958990e-03        2.831040e+03
               78400        2.122641e-03        2.310052e+03
               78500        2.037382e-03        2.230580e+03
               78600        2.006656e-03        2.346390e+03
               78700        2.097483e-03        2.241990e+03
               78800        2.479168e-03        2.565865e+03
               78900        2.004161e-03        2.318939e+03
               79000        2.035585e-03        2.310726e+03
               79100        2.024770e-03        2.521814e+03
               79200        2.137761e-03        2.216036e+03
               79300        2.199803e-03        2.223973e+03
               79400        2.202292e-03        2.430948e+03
               79500        2.268475e-03        2.255491e+03
               79600        2.895578e-03        2.870485e+03
               79700        2.308240e-03        2.664539e+03
               79800        2.040001e-03        2.446692e+03
               79900        1.999423e-03        2.553153e+03
               80000        1.936322e-03        2.277917e+03
               80100        1.999140e-03        2.239231e+03
               80200        2.152292e-03        3.157902e+03
               80300        1.993906e-03        2.530866e+03
               80400        3.335665e-03        3.232877e+03
               80500        2.106155e-03        2.449701e+03
               80600        2.011317e-03        2.258712e+03
               80700        2.014576e-03        2.136472e+03
               80800        2.171765e-03        2.249824e+03
               80900        2.100380e-03        2.092367e+03
               81000        2.124956e-03        2.372049e+03
               81100        2.117343e-03        2.277294e+03
               81200        2.052228e-03        2.152143e+03
               81300        2.101696e-03        2.625705e+03
               81400        2.014659e-03        2.514549e+03
               81500        1.929309e-03        2.182176e+03
               81600        1.960789e-03        2.326270e+03
               81700        1.944759e-03        2.704623e+03
               81800        1.924910e-03        3.325334e+03
               81900        1.964985e-03        2.595172e+03
               82000        1.943674e-03        2.477524e+03
               82100        3.204679e-03        2.517990e+03
               82200        2.004606e-03        2.856703e+03
               82300        2.129652e-03        2.649597e+03
               82400        1.953658e-03        2.811293e+03
               82500        1.939487e-03        2.643702e+03
               82600        2.000311e-03        2.467068e+03
               82700        2.665104e-03        2.337317e+03
               82800        2.081850e-03        2.412923e+03
               82900        1.950561e-03        2.560567e+03
               83000        2.138755e-03        2.647412e+03
               83100        1.989753e-03        3.247655e+03
               83200        2.005884e-03        2.410025e+03
               83300        2.007056e-03        2.444408e+03
               83400        2.082949e-03        2.303880e+03
               83500        1.945137e-03        2.495496e+03
               83600        1.997337e-03        2.713036e+03
               83700        1.958914e-03        2.176291e+03
               83800        1.949834e-03        2.618700e+03
               83900        2.054767e-03        2.522308e+03
               84000        2.013275e-03        2.267825e+03
               84100        1.971495e-03        3.123955e+03
               84200        1.947971e-03        2.579837e+03
               84300        1.939709e-03        2.633983e+03
               84400        1.994825e-03        2.764296e+03
               84500        1.971408e-03        2.653599e+03
               84600        1.992484e-03        2.318963e+03
               84700        3.156202e-03        2.426393e+03
               84800        1.985384e-03        2.137279e+03
               84900        1.990820e-03        2.434265e+03
               85000        1.970995e-03        2.887697e+03
               85100        1.933292e-03        2.760822e+03
               85200        1.907643e-03        2.530178e+03
               85300        1.986562e-03        3.011902e+03
               85400        1.993900e-03        2.456072e+03
               85500        2.098559e-03        2.210273e+03
               85600        2.145396e-03        2.403443e+03
               85700        2.072066e-03        2.180966e+03
               85800        1.986958e-03        2.487637e+03
               85900        1.979300e-03        2.998408e+03
               86000        2.101534e-03        2.589660e+03
               86100        2.021547e-03        2.754028e+03
               86200        2.054566e-03        3.085368e+03
               86300        2.111399e-03        2.199912e+03
               86400        2.041265e-03        2.556569e+03
               86500        2.072617e-03        2.463880e+03
               86600        2.001224e-03        2.278212e+03
               86700        2.038027e-03        2.379380e+03
               86800        1.986501e-03        2.416621e+03
               86900        2.005541e-03        2.284174e+03
               87000        2.087763e-03        2.710811e+03
               87100        2.054424e-03        2.143386e+03
               87200        2.023297e-03        2.212232e+03
               87300        3.344982e-03        2.155126e+03
               87400        2.030798e-03        2.565963e+03
               87500        2.027472e-03        2.399052e+03
               87600        2.070771e-03        2.635790e+03
               87700        2.060515e-03        2.659840e+03
               87800        1.970011e-03        2.462012e+03
               87900        1.960461e-03        2.615609e+03
               88000        2.041469e-03        2.636132e+03
               88100        2.078082e-03        2.554441e+03
               88200        2.170059e-03        2.272260e+03
               88300        2.130610e-03        2.252877e+03
               88400        2.046902e-03        2.379408e+03
               88500        2.013122e-03        2.655502e+03
               88600        1.959569e-03        2.461690e+03
               88700        2.228045e-03        2.660740e+03
               88800        2.007736e-03        2.651283e+03
               88900        1.939960e-03        2.556031e+03
               89000        2.002767e-03        2.374292e+03
               89100        2.112842e-03        2.065717e+03
               89200        1.940085e-03        2.520911e+03
               89300        2.044670e-03        2.537510e+03
               89400        2.074950e-03        2.680934e+03
               89500        1.999120e-03        2.437716e+03
               89600        1.944379e-03        2.232676e+03
               89700        1.947628e-03        2.437352e+03
               89800        2.044894e-03        2.284555e+03
               89900        2.053774e-03        2.262500e+03
               90000        2.097793e-03        2.454950e+03
               90100        1.989100e-03        2.228427e+03
               90200        2.009863e-03        2.107623e+03
               90300        2.020409e-03        2.624086e+03
               90400        2.152220e-03        2.120277e+03
               90500        2.220727e-03        2.230533e+03
               90600        2.002053e-03        2.664876e+03
               90700        1.994626e-03        2.130730e+03
               90800        2.151925e-03        2.134590e+03
               90900        2.388986e-03        2.345094e+03
               91000        2.011982e-03        2.508177e+03
               91100        2.001742e-03        2.303800e+03
               91200        1.953587e-03        2.501927e+03
               91300        2.011432e-03        2.320372e+03
               91400        2.044706e-03        2.563642e+03
               91500        2.097275e-03        2.462473e+03
               91600        1.983082e-03        2.593415e+03
               91700        2.275843e-03        2.610437e+03
               91800        2.029408e-03        2.247860e+03
               91900        1.995574e-03        2.661981e+03
               92000        2.017303e-03        2.717767e+03
               92100        2.204342e-03        2.364604e+03
               92200        2.122807e-03        2.155279e+03
               92300        2.213396e-03        2.128092e+03
               92400        2.019016e-03        2.212492e+03
               92500        1.992777e-03        2.551084e+03
               92600        2.118998e-03        2.677411e+03
               92700        1.956858e-03        2.430580e+03
               92800        1.999301e-03        2.887428e+03
               92900        2.132626e-03        2.330625e+03
               93000        2.253762e-03        2.604558e+03
               93100        2.049560e-03        2.912191e+03
               93200        2.438133e-03        2.656661e+03
               93300        2.044478e-03        2.270276e+03
               93400        3.955997e-03        2.256956e+03
               93500        2.104163e-03        2.125103e+03
               93600        1.949409e-03        2.226304e+03
               93700        2.009008e-03        2.240270e+03
               93800        2.137526e-03        2.502364e+03
               93900        2.013061e-03        3.195810e+03
               94000        1.949899e-03        2.753379e+03
               94100        2.011647e-03        2.724737e+03
               94200        2.073588e-03        2.334842e+03
               94300        2.010675e-03        2.558549e+03
               94400        2.037425e-03        2.277928e+03
               94500        2.094722e-03        2.487783e+03
               94600        1.999414e-03        2.287448e+03
               94700        1.986883e-03        2.304044e+03
               94800        1.941972e-03        2.637211e+03
               94900        1.985763e-03        2.415522e+03
               95000        2.003511e-03        2.238579e+03
               95100        2.115029e-03        2.307393e+03
               95200        2.058075e-03        2.577303e+03
               95300        1.934901e-03        2.432964e+03
               95400        2.059228e-03        2.784296e+03
               95500        2.042828e-03        2.117796e+03
               95600        2.067199e-03        3.254762e+03
               95700        1.995561e-03        2.586208e+03
               95800        1.935018e-03        2.314377e+03
               95900        2.066893e-03        2.103800e+03
               96000        1.968350e-03        2.588301e+03
               96100        2.008849e-03        2.571636e+03
               96200        1.960277e-03        2.572875e+03
               96300        1.982559e-03        2.292242e+03
               96400        2.182970e-03        2.596583e+03
               96500        2.103092e-03        2.166672e+03
               96600        2.106859e-03        2.218155e+03
               96700        1.981204e-03        2.037372e+03
               96800        1.994188e-03        2.582841e+03
               96900        2.220517e-03        2.099697e+03
               97000        2.045467e-03        2.223193e+03
               97100        1.935666e-03        2.319782e+03
               97200        1.981241e-03        2.395994e+03
               97300        2.002424e-03        2.479513e+03
               97400        1.945510e-03        2.278134e+03
               97500        1.960112e-03        2.338119e+03
               97600        2.091053e-03        2.343960e+03
               97700        2.192350e-03        2.244827e+03
               97800        2.137436e-03        2.176707e+03
               97900        1.948371e-03        2.419467e+03
               98000        2.002797e-03        2.280790e+03
               98100        1.973046e-03        2.305332e+03
               98200        2.172373e-03        2.338410e+03
               98300        1.955472e-03        2.158832e+03
               98400        2.041453e-03        2.936963e+03
               98500        2.019691e-03        2.258008e+03
               98600        3.517511e-03        2.323866e+03
               98700        1.987128e-03        2.135179e+03
               98800        2.001793e-03        2.750652e+03
               98900        2.010882e-03        2.256456e+03
               99000        2.165926e-03        2.675837e+03
               99100        2.010045e-03        2.209377e+03
               99200        2.062504e-03        2.050441e+03
               99300        2.002564e-03        2.223953e+03
               99400        3.619828e-03        2.372115e+03
               99500        2.087947e-03        2.209954e+03
               99600        2.063889e-03        2.135187e+03
               99700        2.100428e-03        2.530585e+03
               99800        2.119467e-03        2.786436e+03
               99900        2.026925e-03        2.425134e+03
              100000        1.939023e-03        2.130293e+03
