Period: 100
               Epoch           Time cost                Loss
                 100        3.137211e-03        1.247222e+04
                 200        2.052915e-03        1.247222e+04
                 300        2.118082e-03        1.247222e+04
                 400        4.036699e-03        1.247222e+04
                 500        2.245869e-03        1.152988e+04
                 600        3.795898e-03        7.265763e+03
                 700        2.825931e-03        7.265763e+03
                 800        2.418344e-03        6.839003e+03
                 900        3.953561e-03        6.839003e+03
                1000        2.709514e-03        8.932633e+03
                1100        2.669861e-03        7.752785e+03
                1200        2.957553e-03        7.752785e+03
                1300        2.791668e-03        7.679129e+03
                1400        5.047176e-03        6.748327e+03
                1500        3.652376e-03        6.748327e+03
                1600        2.927543e-03        7.535343e+03
                1700        2.600955e-03        7.535343e+03
                1800        2.553895e-03        1.051826e+04
                1900        2.652725e-03        8.651522e+03
                2000        2.846652e-03        5.661377e+03
                2100        2.603616e-03        6.441945e+03
                2200        2.478350e-03        6.030321e+03
                2300        2.652952e-03        6.030321e+03
                2400        2.950293e-03        5.883944e+03
                2500        2.652821e-03        1.195120e+04
                2600        2.576366e-03        7.432009e+03
                2700        2.675000e-03        7.090325e+03
                2800        2.860083e-03        7.090325e+03
                2900        2.738912e-03        5.240454e+03
                3000        2.667334e-03        4.574416e+03
                3100        2.656899e-03        6.350651e+03
                3200        2.702477e-03        5.162216e+03
                3300        2.551433e-03        5.162216e+03
                3400        2.426460e-03        6.675254e+03
                3500        2.736521e-03        8.657205e+03
                3600        2.598050e-03        4.994874e+03
                3700        2.685187e-03        4.994874e+03
                3800        2.491820e-03        6.560117e+03
                3900        2.574223e-03        6.560117e+03
                4000        2.776690e-03        7.589885e+03
                4100        4.144510e-03        5.759422e+03
                4200        4.615077e-03        5.164989e+03
                4300        3.051415e-03        5.164989e+03
                4400        2.580696e-03        6.986513e+03
                4500        2.158454e-03        6.986513e+03
                4600        2.641331e-03        5.117998e+03
                4700        2.265454e-03        7.230892e+03
                4800        2.798905e-03        8.766603e+03
                4900        2.736667e-03        6.256875e+03
                5000        2.805046e-03        6.256875e+03
                5100        2.550470e-03        8.048981e+03
                5200        2.982206e-03        6.407225e+03
                5300        2.524339e-03        7.046426e+03
                5400        2.586091e-03        1.103690e+04
                5500        2.494016e-03        5.805175e+03
                5600        3.072269e-03        5.805175e+03
                5700        2.682174e-03        7.594480e+03
                5800        2.867232e-03        7.055280e+03
                5900        2.571172e-03        7.362867e+03
                6000        2.653715e-03        8.073729e+03
                6100        2.731120e-03        6.417974e+03
                6200        2.773947e-03        6.417974e+03
                6300        2.619807e-03        5.655144e+03
                6400        2.553170e-03        6.331276e+03
                6500        2.522381e-03        4.850214e+03
                6600        2.800229e-03        5.795081e+03
                6700        2.506857e-03        5.795081e+03
                6800        2.685652e-03        5.540940e+03
                6900        2.677396e-03        8.211199e+03
                7000        2.543169e-03        7.395062e+03
                7100        3.884069e-03        7.395062e+03
                7200        2.594733e-03        5.341432e+03
                7300        3.137725e-03        4.768033e+03
                7400        2.721889e-03        8.935168e+03
                7500        2.356359e-03        6.444145e+03
                7600        3.779535e-03        6.423896e+03
                7700        2.633314e-03        6.423896e+03
                7800        3.093345e-03        4.427773e+03
                7900        2.269738e-03        5.700338e+03
                8000        2.758617e-03        5.443536e+03
                8100        2.390484e-03        4.623271e+03
                8200        2.914594e-03        4.623271e+03
                8300        2.589477e-03        5.156099e+03
                8400        2.750181e-03        5.156099e+03
                8500        2.693065e-03        8.162078e+03
                8600        2.665757e-03        7.504827e+03
                8700        2.599014e-03        6.568522e+03
                8800        2.727998e-03        4.363228e+03
                8900        2.567932e-03        5.733641e+03
                9000        2.762919e-03        4.876483e+03
                9100        2.571039e-03        4.682643e+03
                9200        2.685642e-03        4.876483e+03
                9300        2.854716e-03        4.787066e+03
                9400        2.979843e-03        5.880435e+03
                9500        2.556478e-03        4.381527e+03
                9600        2.606096e-03        5.357705e+03
                9700        2.628600e-03        4.971566e+03
                9800        2.900348e-03        5.784251e+03
                9900        2.383920e-03        4.490705e+03
               10000        2.602258e-03        5.016811e+03
               10100        3.872407e-03        5.016811e+03
               10200        4.019635e-03        6.065149e+03
               10300        3.456466e-03        4.522142e+03
               10400        3.761812e-03        4.522142e+03
               10500        3.330565e-03        4.788489e+03
               10600        3.372928e-03        4.752109e+03
               10700        2.804688e-03        4.752109e+03
               10800        2.344609e-03        6.388093e+03
               10900        2.259374e-03        5.288849e+03
               11000        2.946077e-03        5.288849e+03
               11100        2.221318e-03        4.566551e+03
               11200        2.590337e-03        5.700940e+03
               11300        2.587754e-03        5.700940e+03
               11400        2.672493e-03        4.614385e+03
               11500        2.643761e-03        4.614385e+03
               11600        2.710658e-03        4.857286e+03
               11700        2.759248e-03        4.857286e+03
               11800        2.623972e-03        4.279156e+03
               11900        2.476901e-03        4.824594e+03
               12000        2.693626e-03        4.753650e+03
               12100        2.527856e-03        4.753650e+03
               12200        2.678824e-03        5.711111e+03
               12300        2.705718e-03        5.711111e+03
               12400        2.736113e-03        5.691000e+03
               12500        2.679767e-03        5.462716e+03
               12600        2.564604e-03        4.632171e+03
               12700        2.675718e-03        5.923289e+03
               12800        2.804730e-03        4.341726e+03
               12900        2.560578e-03        5.591134e+03
               13000        2.582094e-03        6.592694e+03
               13100        2.579614e-03        4.473378e+03
               13200        3.522498e-03        4.473378e+03
               13300        3.738680e-03        5.342856e+03
               13400        2.709230e-03        4.648502e+03
               13500        3.493865e-03        5.126682e+03
               13600        4.756181e-03        4.531466e+03
               13700        2.461120e-03        3.530961e+03
               13800        2.729110e-03        7.179277e+03
               13900        2.592468e-03        3.636919e+03
               14000        2.668011e-03        4.827816e+03
               14100        2.679958e-03        5.970224e+03
               14200        2.707464e-03        5.224566e+03
               14300        2.707316e-03        5.581330e+03
               14400        2.865691e-03        4.670117e+03
               14500        2.755364e-03        4.670117e+03
               14600        2.680082e-03        4.768929e+03
               14700        2.577660e-03        5.501394e+03
               14800        2.520704e-03        5.501394e+03
               14900        2.498995e-03        3.599719e+03
               15000        2.445005e-03        3.599719e+03
               15100        2.466304e-03        4.969266e+03
               15200        2.443053e-03        4.376364e+03
               15300        2.634794e-03        3.518353e+03
               15400        2.750918e-03        3.297152e+03
               15500        2.570724e-03        3.297152e+03
               15600        2.516803e-03        4.426669e+03
               15700        2.730316e-03        7.631689e+03
               15800        2.770211e-03        4.058128e+03
               15900        2.675231e-03        4.726736e+03
               16000        2.616135e-03        3.753254e+03
               16100        4.255742e-03        5.144360e+03
               16200        3.104833e-03        3.897963e+03
               16300        3.180033e-03        3.999014e+03
               16400        2.970301e-03        6.554075e+03
               16500        2.495197e-03        4.012282e+03
               16600        2.602370e-03        4.194563e+03
               16700        2.617657e-03        4.079244e+03
               16800        2.683182e-03        4.625151e+03
               16900        2.672433e-03        4.458489e+03
               17000        2.746120e-03        4.458489e+03
               17100        2.364366e-03        3.760544e+03
               17200        2.541174e-03        3.659151e+03
               17300        2.666436e-03        3.659151e+03
               17400        2.412657e-03        3.490620e+03
               17500        2.595424e-03        4.875485e+03
               17600        2.608516e-03        3.959921e+03
               17700        2.689005e-03        4.906141e+03
               17800        2.616925e-03        4.506846e+03
               17900        2.582913e-03        4.359594e+03
               18000        2.687017e-03        5.179200e+03
               18100        2.680529e-03        4.480476e+03
               18200        2.727109e-03        5.837162e+03
               18300        2.440779e-03        5.094906e+03
               18400        2.630728e-03        5.338573e+03
               18500        2.563656e-03        4.111024e+03
               18600        2.717367e-03        4.108893e+03
               18700        2.643490e-03        4.108893e+03
               18800        2.635213e-03        3.846475e+03
               18900        3.618520e-03        3.723235e+03
               19000        3.865310e-03        5.973490e+03
               19100        3.412869e-03        4.539454e+03
               19200        3.104134e-03        4.539454e+03
               19300        2.785452e-03        4.229999e+03
               19400        2.666528e-03        5.397058e+03
               19500        2.558189e-03        3.349221e+03
               19600        2.521168e-03        6.180607e+03
               19700        2.764702e-03        4.618503e+03
               19800        2.756465e-03        5.235194e+03
               19900        2.572520e-03        4.298498e+03
               20000        2.705762e-03        3.356992e+03
               20100        2.577878e-03        5.927239e+03
               20200        2.793568e-03        5.927239e+03
               20300        2.700266e-03        4.103043e+03
               20400        2.670266e-03        3.308334e+03
               20500        2.637005e-03        3.308334e+03
               20600        2.794157e-03        5.034523e+03
               20700        2.547442e-03        4.701778e+03
               20800        3.088152e-03        4.110778e+03
               20900        2.654418e-03        4.110778e+03
               21000        2.756187e-03        4.648099e+03
               21100        2.603358e-03        5.523108e+03
               21200        3.063788e-03        4.065197e+03
               21300        2.515210e-03        3.211025e+03
               21400        2.689217e-03        3.211025e+03
               21500        2.673063e-03        3.873963e+03
               21600        2.999801e-03        3.873963e+03
               21700        2.557136e-03        5.084007e+03
               21800        4.087967e-03        5.188588e+03
               21900        3.529010e-03        5.188588e+03
               22000        3.873848e-03        4.938209e+03
               22100        3.614177e-03        4.938209e+03
               22200        2.762828e-03        3.463689e+03
               22300        2.365519e-03        3.463689e+03
               22400        2.715888e-03        3.502292e+03
               22500        2.659897e-03        5.016930e+03
               22600        2.816363e-03        4.756609e+03
               22700        2.519261e-03        7.546937e+03
               22800        2.636414e-03        7.546937e+03
               22900        2.460189e-03        4.468884e+03
               23000        2.651366e-03        4.041558e+03
               23100        2.629663e-03        4.062510e+03
               23200        2.705208e-03        4.062510e+03
               23300        3.899841e-03        4.794606e+03
               23400        2.610406e-03        4.794606e+03
               23500        2.788067e-03        4.192634e+03
               23600        2.549807e-03        3.619414e+03
               23700        2.717501e-03        3.327627e+03
               23800        2.662467e-03        3.665808e+03
               23900        2.607358e-03        3.665808e+03
               24000        2.770820e-03        4.241685e+03
               24100        2.823460e-03        4.241685e+03
               24200        2.534496e-03        4.223967e+03
               24300        2.656510e-03        4.223967e+03
               24400        2.529802e-03        6.564527e+03
               24500        2.704680e-03        4.350619e+03
               24600        2.479521e-03        4.350619e+03
               24700        2.596526e-03        5.430056e+03
               24800        2.543233e-03        3.546964e+03
               24900        3.208119e-03        3.546964e+03
               25000        3.127970e-03        4.053550e+03
               25100        3.195964e-03        3.343078e+03
               25200        3.118394e-03        3.343078e+03
               25300        3.179452e-03        4.382866e+03
               25400        2.959178e-03        4.382866e+03
               25500        3.181205e-03        4.437537e+03
               25600        2.444710e-03        4.135072e+03
               25700        2.516583e-03        3.128989e+03
               25800        2.411005e-03        4.207115e+03
               25900        2.867747e-03        4.207115e+03
               26000        2.681037e-03        5.048690e+03
               26100        2.692479e-03        5.048690e+03
               26200        2.777877e-03        4.678191e+03
               26300        2.779477e-03        3.614341e+03
               26400        2.543597e-03        3.248501e+03
               26500        2.551280e-03        3.248501e+03
               26600        2.780504e-03        4.189773e+03
               26700        2.653347e-03        4.181546e+03
               26800        2.621008e-03        4.314021e+03
               26900        2.605102e-03        4.314021e+03
               27000        2.622971e-03        3.442877e+03
               27100        2.633131e-03        3.442877e+03
               27200        2.504790e-03        4.165473e+03
               27300        2.613632e-03        4.004020e+03
               27400        2.724097e-03        4.241692e+03
               27500        2.552882e-03        4.126766e+03
               27600        4.197836e-03        4.453165e+03
               27700        3.328780e-03        3.416468e+03
               27800        2.943401e-03        3.986488e+03
               27900        4.228114e-03        4.361791e+03
               28000        3.649555e-03        3.212954e+03
               28100        2.379105e-03        4.366801e+03
               28200        2.711756e-03        4.366801e+03
               28300        2.244444e-03        4.104847e+03
               28400        2.484662e-03        4.104847e+03
               28500        2.580076e-03        4.113434e+03
               28600        2.353732e-03        3.408926e+03
               28700        2.346878e-03        4.243346e+03
               28800        2.755603e-03        4.243346e+03
               28900        2.405900e-03        3.404413e+03
               29000        2.239711e-03        5.013812e+03
               29100        2.275542e-03        5.013812e+03
               29200        2.251483e-03        6.778621e+03
               29300        2.748865e-03        3.883227e+03
               29400        2.325851e-03        4.473364e+03
               29500        2.387713e-03        3.837550e+03
               29600        2.572161e-03        1.037740e+04
               29700        2.235509e-03        3.740876e+03
               29800        2.228344e-03        2.725811e+03
               29900        2.672567e-03        2.725811e+03
               30000        2.526197e-03        3.770187e+03
               30100        2.239674e-03        3.444525e+03
               30200        2.680813e-03        3.444525e+03
               30300        2.167778e-03        5.801626e+03
               30400        2.221344e-03        3.198723e+03
               30500        2.632130e-03        4.008190e+03
               30600        2.321955e-03        4.777159e+03
               30700        2.201020e-03        4.777159e+03
               30800        2.664306e-03        4.311163e+03
               30900        2.332282e-03        4.311163e+03
               31000        2.335964e-03        3.311579e+03
               31100        2.198892e-03        3.214869e+03
               31200        2.854216e-03        4.030559e+03
               31300        2.283315e-03        4.646147e+03
               31400        3.774924e-03        4.664040e+03
               31500        4.089327e-03        3.540026e+03
               31600        3.207403e-03        3.569948e+03
               31700        2.335113e-03        3.175680e+03
               31800        2.751719e-03        3.455476e+03
               31900        2.135701e-03        3.455476e+03
               32000        3.044301e-03        3.003949e+03
               32100        2.209968e-03        4.200707e+03
               32200        2.996070e-03        3.837085e+03
               32300        2.269463e-03        3.222721e+03
               32400        3.269262e-03        3.222721e+03
               32500        2.155506e-03        4.637119e+03
               32600        2.871752e-03        3.186029e+03
               32700        2.345779e-03        3.528602e+03
               32800        3.113846e-03        3.588566e+03
               32900        2.192215e-03        3.588566e+03
               33000        2.833996e-03        3.357491e+03
               33100        2.208009e-03        2.956965e+03
               33200        3.266444e-03        5.110494e+03
               33300        2.575260e-03        4.371453e+03
               33400        2.825463e-03        4.371453e+03
               33500        2.895401e-03        3.263877e+03
               33600        2.977618e-03        3.192950e+03
               33700        2.868521e-03        3.782147e+03
               33800        2.702913e-03        4.628541e+03
               33900        3.224040e-03        4.887506e+03
               34000        2.800333e-03        4.887506e+03
               34100        2.409829e-03        4.770538e+03
               34200        2.882771e-03        4.088779e+03
               34300        2.225124e-03        3.321000e+03
               34400        2.679550e-03        3.321000e+03
               34500        2.155552e-03        3.055895e+03
               34600        2.680540e-03        6.080534e+03
               34700        2.231196e-03        3.082787e+03
               34800        3.061347e-03        3.082787e+03
               34900        3.022483e-03        3.700448e+03
               35000        2.899965e-03        3.700448e+03
               35100        2.233353e-03        3.249357e+03
               35200        2.891601e-03        4.055195e+03
               35300        2.138758e-03        3.461433e+03
               35400        2.770125e-03        3.941297e+03
               35500        2.284226e-03        3.941297e+03
               35600        2.820850e-03        3.196316e+03
               35700        2.566692e-03        3.359835e+03
               35800        2.846722e-03        4.372072e+03
               35900        2.977308e-03        3.168681e+03
               36000        2.845798e-03        3.515193e+03
               36100        2.726238e-03        3.719324e+03
               36200        2.856963e-03        4.582772e+03
               36300        3.940279e-03        4.321141e+03
               36400        3.695120e-03        3.275253e+03
               36500        2.939797e-03        3.062080e+03
               36600        2.546166e-03        4.289290e+03
               36700        2.492539e-03        3.339896e+03
               36800        2.221530e-03        3.681995e+03
               36900        2.678265e-03        2.678114e+03
               37000        2.225871e-03        3.121095e+03
               37100        2.222496e-03        2.837994e+03
               37200        2.913121e-03        2.983344e+03
               37300        2.262670e-03        2.653289e+03
               37400        2.292449e-03        2.836154e+03
               37500        2.807025e-03        3.208495e+03
               37600        2.251481e-03        3.075354e+03
               37700        2.281203e-03        4.638743e+03
               37800        2.893076e-03        3.095961e+03
               37900        2.270089e-03        3.095961e+03
               38000        2.289799e-03        3.209779e+03
               38100        2.772929e-03        2.742046e+03
               38200        2.237070e-03        3.234219e+03
               38300        2.234737e-03        3.944666e+03
               38400        2.865957e-03        4.636257e+03
               38500        2.222416e-03        3.058755e+03
               38600        2.170528e-03        3.667914e+03
               38700        2.629924e-03        3.667914e+03
               38800        2.850688e-03        2.651511e+03
               38900        2.827893e-03        2.577667e+03
               39000        2.331985e-03        2.577667e+03
               39100        2.882711e-03        5.162301e+03
               39200        2.927941e-03        2.482111e+03
               39300        2.890773e-03        2.280464e+03
               39400        3.415590e-03        3.820084e+03
               39500        3.526853e-03        3.215945e+03
               39600        3.339331e-03        6.534458e+03
               39700        2.202005e-03        2.591699e+03
               39800        2.840609e-03        3.261687e+03
               39900        2.203941e-03        3.541724e+03
               40000        2.693836e-03        4.369649e+03
               40100        2.227537e-03        3.303088e+03
               40200        2.834285e-03        2.808510e+03
               40300        2.498277e-03        3.203008e+03
               40400        2.765525e-03        2.966967e+03
               40500        2.311394e-03        4.161636e+03
               40600        2.760860e-03        4.161636e+03
               40700        2.592619e-03        2.630214e+03
               40800        2.793518e-03        3.682940e+03
               40900        2.253126e-03        3.098452e+03
               41000        2.939086e-03        3.952108e+03
               41100        2.939199e-03        5.087421e+03
               41200        2.969053e-03        5.087421e+03
               41300        2.866851e-03        2.409850e+03
               41400        2.838810e-03        2.409850e+03
               41500        2.771793e-03        2.744436e+03
               41600        2.865186e-03        2.744436e+03
               41700        4.139532e-03        4.002977e+03
               41800        3.652814e-03        4.002977e+03
               41900        3.222166e-03        2.994718e+03
               42000        2.362224e-03        3.711089e+03
               42100        2.639319e-03        2.790272e+03
               42200        2.467268e-03        3.140903e+03
               42300        2.862774e-03        2.961489e+03
               42400        2.731298e-03        2.606040e+03
               42500        2.610862e-03        3.111107e+03
               42600        2.621033e-03        2.462636e+03
               42700        2.469828e-03        2.714226e+03
               42800        2.549984e-03        3.620168e+03
               42900        2.373284e-03        2.509362e+03
               43000        2.599780e-03        2.509362e+03
               43100        2.627794e-03        2.889166e+03
               43200        2.608028e-03        2.374378e+03
               43300        2.700452e-03        2.726550e+03
               43400        2.752262e-03        3.032583e+03
               43500        2.624041e-03        3.032583e+03
               43600        2.694917e-03        4.132237e+03
               43700        2.523601e-03        4.319517e+03
               43800        2.772139e-03        2.722029e+03
               43900        2.690793e-03        2.671565e+03
               44000        2.529893e-03        2.671565e+03
               44100        2.694533e-03        4.104950e+03
               44200        2.403310e-03        2.786382e+03
               44300        2.336129e-03        2.786382e+03
               44400        3.443895e-03        3.857905e+03
               44500        2.629750e-03        3.538831e+03
               44600        2.733421e-03        3.538831e+03
               44700        3.238158e-03        3.401395e+03
               44800        2.321442e-03        3.154563e+03
               44900        3.585276e-03        3.028649e+03
               45000        2.314872e-03        3.028649e+03
               45100        2.142305e-03        4.933613e+03
               45200        2.788620e-03        2.747022e+03
               45300        2.359304e-03        2.747022e+03
               45400        2.291891e-03        3.090629e+03
               45500        2.931284e-03        2.660050e+03
               45600        2.223329e-03        3.154357e+03
               45700        2.215970e-03        4.150613e+03
               45800        2.344433e-03        2.780777e+03
               45900        2.944156e-03        2.492139e+03
               46000        2.336762e-03        3.287873e+03
               46100        2.758422e-03        4.852226e+03
               46200        2.251285e-03        3.276930e+03
               46300        2.743218e-03        4.550284e+03
               46400        2.339473e-03        3.653811e+03
               46500        3.115189e-03        2.908853e+03
               46600        3.050033e-03        2.563176e+03
               46700        2.961800e-03        3.801960e+03
               46800        2.840012e-03        2.585427e+03
               46900        3.005431e-03        3.564888e+03
               47000        2.800736e-03        3.412423e+03
               47100        3.368367e-03        3.750058e+03
               47200        3.778270e-03        2.482495e+03
               47300        3.466216e-03        3.288573e+03
               47400        2.302593e-03        3.272604e+03
               47500        2.629928e-03        2.571406e+03
               47600        2.769663e-03        3.159979e+03
               47700        2.220538e-03        3.159979e+03
               47800        2.197777e-03        2.478302e+03
               47900        2.910704e-03        3.896894e+03
               48000        2.349416e-03        3.896894e+03
               48100        2.754209e-03        2.883897e+03
               48200        2.280988e-03        2.843501e+03
               48300        2.766100e-03        3.281812e+03
               48400        2.241397e-03        3.281812e+03
               48500        2.648338e-03        2.935848e+03
               48600        2.312567e-03        2.546991e+03
               48700        2.920232e-03        2.354006e+03
               48800        2.531579e-03        2.635768e+03
               48900        2.860494e-03        2.635768e+03
               49000        3.173916e-03        2.725080e+03
               49100        2.767247e-03        6.129182e+03
               49200        2.833357e-03        2.646759e+03
               49300        2.839339e-03        3.066846e+03
               49400        2.786272e-03        2.985640e+03
               49500        2.474598e-03        2.642076e+03
               49600        3.337317e-03        3.681596e+03
               49700        3.933037e-03        2.384323e+03
               49800        3.723947e-03        2.325334e+03
               49900        2.390929e-03        2.595249e+03
               50000        2.866081e-03        2.595249e+03
               50100        2.928354e-03        2.823499e+03
               50200        2.895482e-03        2.823499e+03
               50300        3.049211e-03        2.595622e+03
               50400        2.908529e-03        2.595622e+03
               50500        3.163986e-03        2.662111e+03
               50600        2.881833e-03        7.079946e+03
               50700        2.795413e-03        7.079946e+03
               50800        2.859470e-03        2.750816e+03
               50900        2.866642e-03        2.373401e+03
               51000        2.886581e-03        3.356294e+03
               51100        2.686875e-03        3.086824e+03
               51200        3.952559e-03        2.745477e+03
               51300        3.015944e-03        3.505323e+03
               51400        4.115100e-03        2.213930e+03
               51500        2.757969e-03        2.451946e+03
               51600        2.244161e-03        2.995360e+03
               51700        2.765182e-03        2.383289e+03
               51800        2.217790e-03        1.860225e+03
               51900        2.173093e-03        1.860225e+03
               52000        2.492746e-03        3.008570e+03
               52100        2.281942e-03        2.598685e+03
               52200        2.254201e-03        6.588275e+03
               52300        2.736838e-03        3.269647e+03
               52400        2.373661e-03        3.904071e+03
               52500        2.512331e-03        4.340341e+03
               52600        2.672707e-03        2.509328e+03
               52700        2.281773e-03        2.657774e+03
               52800        2.258415e-03        2.657774e+03
               52900        2.509789e-03        2.115194e+03
               53000        2.223007e-03        2.818498e+03
               53100        2.159428e-03        2.313618e+03
               53200        2.681678e-03        2.206434e+03
               53300        2.431530e-03        2.206434e+03
               53400        2.873754e-03        3.536654e+03
               53500        2.897174e-03        3.087578e+03
               53600        2.470773e-03        1.888364e+03
               53700        2.221866e-03        2.679085e+03
               53800        2.237746e-03        2.679085e+03
               53900        2.580954e-03        2.426496e+03
               54000        2.276783e-03        2.483695e+03
               54100        3.106431e-03        2.720128e+03
               54200        2.911446e-03        9.241673e+03
               54300        4.084093e-03        9.241673e+03
               54400        3.746817e-03        2.948248e+03
               54500        2.367961e-03        2.584112e+03
               54600        2.805024e-03        2.255836e+03
               54700        2.210178e-03        2.461883e+03
               54800        2.787945e-03        2.297959e+03
               54900        2.386940e-03        3.077602e+03
               55000        2.760940e-03        3.692986e+03
               55100        2.261171e-03        2.568873e+03
               55200        2.815644e-03        3.065045e+03
               55300        2.370262e-03        2.854648e+03
               55400        2.856036e-03        2.866193e+03
               55500        2.300515e-03        4.894720e+03
               55600        3.121920e-03        2.121893e+03
               55700        2.169436e-03        3.439900e+03
               55800        3.035231e-03        3.439900e+03
               55900        2.293589e-03        2.653761e+03
               56000        3.088576e-03        2.690848e+03
               56100        2.338655e-03        2.690848e+03
               56200        2.838583e-03        2.690848e+03
               56300        2.324133e-03        2.764369e+03
               56400        3.010185e-03        2.764369e+03
               56500        2.231631e-03        2.984638e+03
               56600        2.778424e-03        2.984638e+03
               56700        2.497182e-03        3.310144e+03
               56800        3.118592e-03        3.310144e+03
               56900        3.347827e-03        3.310144e+03
               57000        3.419301e-03        2.333884e+03
               57100        3.200072e-03        3.341714e+03
               57200        3.401322e-03        3.341714e+03
               57300        3.025286e-03        2.284360e+03
               57400        2.205447e-03        3.563066e+03
               57500        3.579278e-03        2.585700e+03
               57600        3.060901e-03        2.585700e+03
               57700        3.039290e-03        2.646599e+03
               57800        2.304999e-03        3.039859e+03
               57900        2.972715e-03        3.802284e+03
               58000        2.239934e-03        3.255792e+03
               58100        2.832895e-03        3.255792e+03
               58200        2.228557e-03        2.001873e+03
               58300        3.153410e-03        3.364677e+03
               58400        2.241599e-03        3.364677e+03
               58500        2.683181e-03        2.531687e+03
               58600        2.211720e-03        2.128085e+03
               58700        3.042381e-03        2.128085e+03
               58800        2.480894e-03        1.879932e+03
               58900        2.890451e-03        3.649090e+03
               59000        3.043883e-03        3.649090e+03
               59100        2.831719e-03        1.934813e+03
               59200        3.468779e-03        2.432461e+03
               59300        4.615145e-03        2.432461e+03
               59400        2.887895e-03        2.432461e+03
               59500        2.807279e-03        1.883720e+03
               59600        2.706817e-03        1.890819e+03
               59700        2.634795e-03        1.890819e+03
               59800        2.160329e-03        2.855557e+03
               59900        2.983977e-03        2.855557e+03
               60000        2.339837e-03        2.251879e+03
               60100        2.819697e-03        2.251879e+03
               60200        2.243087e-03        2.363546e+03
               60300        2.936781e-03        3.088914e+03
               60400        2.352124e-03        3.088914e+03
               60500        2.858180e-03        2.802201e+03
               60600        2.178224e-03        1.989204e+03
               60700        2.709490e-03        1.989204e+03
               60800        2.844555e-03        2.355003e+03
               60900        2.901026e-03        3.730336e+03
               61000        2.980326e-03        3.048428e+03
               61100        2.860420e-03        2.995652e+03
               61200        2.725982e-03        2.995652e+03
               61300        2.792298e-03        4.238060e+03
               61400        3.052323e-03        4.238060e+03
               61500        3.963827e-03        2.806857e+03
               61600        3.711714e-03        2.515063e+03
               61700        4.304868e-03        2.515063e+03
               61800        3.928638e-03        4.167653e+03
               61900        2.350916e-03        4.167653e+03
               62000        2.742308e-03        4.167653e+03
               62100        2.276910e-03        2.891128e+03
               62200        2.720101e-03        2.891128e+03
               62300        2.261276e-03        2.891128e+03
               62400        2.624007e-03        2.177608e+03
               62500        2.294887e-03        2.177608e+03
               62600        2.823038e-03        1.792811e+03
               62700        2.847631e-03        1.860001e+03
               62800        3.033133e-03        1.860001e+03
               62900        2.913966e-03        3.275984e+03
               63000        2.813513e-03        3.275984e+03
               63100        2.721297e-03        3.275984e+03
               63200        2.894438e-03        2.142978e+03
               63300        2.860149e-03        1.965303e+03
               63400        2.802521e-03        1.965303e+03
               63500        4.433697e-03        1.976225e+03
               63600        3.772903e-03        2.335800e+03
               63700        4.433012e-03        2.034086e+03
               63800        4.592248e-03        2.437139e+03
               63900        2.653377e-03        2.947741e+03
               64000        2.614853e-03        2.947741e+03
               64100        2.372807e-03        2.947741e+03
               64200        2.734216e-03        2.917886e+03
               64300        2.273095e-03        2.864276e+03
               64400        2.759940e-03        2.110790e+03
               64500        2.347557e-03        3.633351e+03
               64600        2.688097e-03        7.401521e+03
               64700        2.339917e-03        1.917524e+03
               64800        3.990476e-03        3.161062e+03
               64900        2.287083e-03        2.647757e+03
               65000        2.868128e-03        2.120350e+03
               65100        2.244146e-03        2.111499e+03
               65200        2.766493e-03        2.178517e+03
               65300        2.315374e-03        2.189947e+03
               65400        2.282780e-03        2.798178e+03
               65500        2.923307e-03        2.663638e+03
               65600        2.253465e-03        4.179207e+03
               65700        2.774212e-03        3.307356e+03
               65800        2.239702e-03        2.054531e+03
               65900        2.833265e-03        2.139567e+03
               66000        2.252725e-03        2.757942e+03
               66100        2.756008e-03        3.232712e+03
               66200        3.388845e-03        2.146099e+03
               66300        2.542928e-03        2.279834e+03
               66400        4.128045e-03        2.793068e+03
               66500        3.038301e-03        2.494716e+03
               66600        4.202256e-03        2.494716e+03
               66700        3.642051e-03        2.000335e+03
               66800        2.893288e-03        2.682760e+03
               66900        2.971459e-03        2.682760e+03
               67000        3.823118e-03        2.490305e+03
               67100        2.851649e-03        2.490305e+03
               67200        2.284254e-03        2.045033e+03
               67300        2.277711e-03        2.658094e+03
               67400        2.220897e-03        1.844692e+03
               67500        2.200732e-03        2.481123e+03
               67600        2.674037e-03        2.354406e+03
               67700        2.290397e-03        2.809013e+03
               67800        2.339563e-03        1.806295e+03
               67900        2.302305e-03        3.142382e+03
               68000        2.381292e-03        3.142382e+03
               68100        2.236261e-03        2.441060e+03
               68200        2.210537e-03        2.870378e+03
               68300        2.489923e-03        3.178996e+03
               68400        2.258775e-03        4.125594e+03
               68500        2.126198e-03        2.553433e+03
               68600        2.391974e-03        2.238933e+03
               68700        2.344614e-03        2.437298e+03
               68800        2.344442e-03        2.823456e+03
               68900        2.286270e-03        2.823456e+03
               69000        2.256980e-03        2.434753e+03
               69100        2.273335e-03        3.454295e+03
               69200        2.252313e-03        2.893691e+03
               69300        2.129939e-03        2.686481e+03
               69400        2.188357e-03        2.686481e+03
               69500        2.239746e-03        2.686481e+03
               69600        2.296723e-03        3.216537e+03
               69700        2.512756e-03        2.813600e+03
               69800        2.328916e-03        2.813600e+03
               69900        2.717091e-03        4.120468e+03
               70000        2.212415e-03        4.120468e+03
               70100        2.233599e-03        2.072028e+03
               70200        2.969578e-03        2.034012e+03
               70300        2.182058e-03        2.907223e+03
               70400        2.189938e-03        2.156527e+03
               70500        2.762417e-03        4.547055e+03
               70600        2.247257e-03        2.098906e+03
               70700        2.195474e-03        3.353624e+03
               70800        2.601952e-03        2.105255e+03
               70900        3.745801e-03        2.506295e+03
               71000        3.654878e-03        2.210590e+03
               71100        3.647843e-03        2.906299e+03
               71200        3.619709e-03        2.906299e+03
               71300        2.221083e-03        1.805027e+03
               71400        2.814309e-03        1.680402e+03
               71500        2.274776e-03        2.797208e+03
               71600        2.979449e-03        3.257007e+03
               71700        2.708116e-03        2.157211e+03
               71800        2.786612e-03        2.466836e+03
               71900        2.855372e-03        2.466836e+03
               72000        2.866368e-03        3.674286e+03
               72100        2.843852e-03        2.278254e+03
               72200        2.937595e-03        2.492452e+03
               72300        2.853412e-03        2.492452e+03
               72400        2.847176e-03        1.684291e+03
               72500        2.766770e-03        2.579753e+03
               72600        2.695831e-03        1.610334e+03
               72700        3.751180e-03        1.610334e+03
               72800        3.643371e-03        1.840061e+03
               72900        2.431842e-03        1.840061e+03
               73000        2.917828e-03        3.578211e+03
               73100        2.281915e-03        3.000870e+03
               73200        2.777387e-03        3.034852e+03
               73300        2.374122e-03        1.815169e+03
               73400        2.707679e-03        2.141848e+03
               73500        2.144212e-03        3.021261e+03
               73600        2.986718e-03        2.344745e+03
               73700        2.445945e-03        1.945436e+03
               73800        3.108675e-03        1.889319e+03
               73900        2.234550e-03        2.111632e+03
               74000        2.822183e-03        1.682220e+03
               74100        2.155242e-03        2.454766e+03
               74200        2.819411e-03        1.878556e+03
               74300        2.184039e-03        1.883715e+03
               74400        2.782635e-03        1.883715e+03
               74500        2.107602e-03        1.824825e+03
               74600        2.653629e-03        1.824825e+03
               74700        3.262914e-03        1.824825e+03
               74800        3.070508e-03        2.272599e+03
               74900        2.910633e-03        2.272599e+03
               75000        2.750506e-03        2.153957e+03
               75100        3.421261e-03        3.425015e+03
               75200        4.070464e-03        2.982902e+03
               75300        2.893812e-03        2.982902e+03
               75400        3.038851e-03        4.154848e+03
               75500        2.748670e-03        2.926120e+03
               75600        2.919664e-03        2.009131e+03
               75700        2.667736e-03        2.660637e+03
               75800        2.894733e-03        2.209884e+03
               75900        3.001931e-03        3.132458e+03
               76000        3.069495e-03        2.098883e+03
               76100        3.142093e-03        2.457029e+03
               76200        3.008420e-03        2.128119e+03
               76300        2.776030e-03        2.289201e+03
               76400        2.877928e-03        2.282277e+03
               76500        2.877816e-03        2.799096e+03
               76600        3.965817e-03        1.920052e+03
               76700        2.785696e-03        1.920052e+03
               76800        3.745997e-03        1.920052e+03
               76900        2.999565e-03        2.020076e+03
               77000        2.581176e-03        2.020076e+03
               77100        2.720500e-03        2.020076e+03
               77200        2.581543e-03        2.826702e+03
               77300        3.177507e-03        2.826702e+03
               77400        2.852979e-03        2.477905e+03
               77500        2.696391e-03        2.477905e+03
               77600        2.651796e-03        1.877057e+03
               77700        2.828415e-03        1.877057e+03
               77800        2.657166e-03        2.949896e+03
               77900        2.869869e-03        1.976758e+03
               78000        2.229493e-03        1.976758e+03
               78100        3.097911e-03        2.340770e+03
               78200        2.303108e-03        2.340770e+03
               78300        2.747863e-03        2.050670e+03
               78400        2.162124e-03        1.608996e+03
               78500        3.204764e-03        3.149620e+03
               78600        2.483468e-03        2.055351e+03
               78700        3.021506e-03        2.015030e+03
               78800        2.301153e-03        2.184081e+03
               78900        2.616771e-03        3.105922e+03
               79000        2.154903e-03        3.105922e+03
               79100        2.768393e-03        2.719012e+03
               79200        2.225697e-03        2.168540e+03
               79300        2.907690e-03        2.271166e+03
               79400        3.654235e-03        2.839519e+03
               79500        3.713122e-03        2.839519e+03
               79600        3.601766e-03        3.263722e+03
               79700        3.724228e-03        2.894902e+03
               79800        2.289692e-03        1.802893e+03
               79900        2.806307e-03        1.865978e+03
               80000        2.470504e-03        1.865978e+03
               80100        2.831386e-03        1.865978e+03
               80200        2.443889e-03        2.049484e+03
               80300        2.867672e-03        2.370680e+03
               80400        2.282157e-03        1.639158e+03
               80500        2.761534e-03        1.639158e+03
               80600        2.280676e-03        3.722703e+03
               80700        2.804077e-03        1.590427e+03
               80800        2.417447e-03        1.820629e+03
               80900        2.749890e-03        1.934134e+03
               81000        2.155624e-03        1.624677e+03
               81100        2.698624e-03        3.959033e+03
               81200        2.714961e-03        3.959033e+03
               81300        3.136653e-03        1.892182e+03
               81400        2.914999e-03        2.097613e+03
               81500        2.812241e-03        2.097613e+03
               81600        3.121872e-03        1.731387e+03
               81700        3.234957e-03        3.606103e+03
               81800        4.185832e-03        2.540173e+03
               81900        3.652994e-03        1.703631e+03
               82000        2.863385e-03        2.028362e+03
               82100        2.317534e-03        2.028362e+03
               82200        2.845734e-03        2.165431e+03
               82300        2.226635e-03        2.169712e+03
               82400        2.736276e-03        2.132276e+03
               82500        2.350369e-03        2.304899e+03
               82600        3.001206e-03        1.781585e+03
               82700        2.243484e-03        1.937892e+03
               82800        2.714803e-03        2.461025e+03
               82900        2.491800e-03        2.307845e+03
               83000        2.792137e-03        1.828417e+03
               83100        2.294854e-03        2.078814e+03
               83200        2.586907e-03        2.531647e+03
               83300        2.275914e-03        2.215064e+03
               83400        2.819142e-03        1.735132e+03
               83500        2.338745e-03        3.017608e+03
               83600        3.002379e-03        2.104045e+03
               83700        2.759249e-03        3.180872e+03
               83800        2.990018e-03        2.308137e+03
               83900        2.715836e-03        2.067832e+03
               84000        2.942814e-03        2.608180e+03
               84100        3.357982e-03        2.070780e+03
               84200        4.039426e-03        1.994033e+03
               84300        3.770473e-03        2.015361e+03
               84400        2.968124e-03        1.437423e+03
               84500        2.316401e-03        2.654259e+03
               84600        2.864424e-03        1.650378e+03
               84700        2.344070e-03        1.472918e+03
               84800        2.779868e-03        1.936086e+03
               84900        2.258579e-03        1.686599e+03
               85000        2.807645e-03        1.634944e+03
               85100        2.317825e-03        1.812412e+03
               85200        2.870241e-03        1.955896e+03
               85300        2.246372e-03        1.594041e+03
               85400        4.016145e-03        2.171038e+03
               85500        2.172107e-03        1.892203e+03
               85600        2.679950e-03        3.529476e+03
               85700        2.399563e-03        1.871834e+03
               85800        2.994818e-03        1.678045e+03
               85900        2.485588e-03        2.269020e+03
               86000        2.739538e-03        2.288026e+03
               86100        2.264254e-03        1.951008e+03
               86200        2.897610e-03        1.475236e+03
               86300        2.291993e-03        3.352501e+03
               86400        2.924308e-03        1.812796e+03
               86500        2.216343e-03        1.566723e+03
               86600        2.920769e-03        5.873924e+03
               86700        2.220130e-03        3.808079e+03
               86800        2.823966e-03        3.808079e+03
               86900        3.404750e-03        2.101951e+03
               87000        3.100207e-03        1.298288e+03
               87100        2.824576e-03        2.702972e+03
               87200        2.931878e-03        1.356957e+03
               87300        2.917148e-03        1.356957e+03
               87400        2.939001e-03        1.484447e+03
               87500        2.977492e-03        3.634454e+03
               87600        2.877213e-03        3.634454e+03
               87700        2.958519e-03        1.280937e+03
               87800        2.956396e-03        1.280937e+03
               87900        2.946408e-03        1.877059e+03
               88000        2.366308e-03        1.877059e+03
               88100        2.777657e-03        2.707676e+03
               88200        2.263270e-03        2.323766e+03
               88300        2.948176e-03        1.554607e+03
               88400        2.733140e-03        1.664092e+03
               88500        2.823426e-03        1.664092e+03
               88600        2.229898e-03        1.628608e+03
               88700        2.803679e-03        1.628608e+03
               88800        2.665034e-03        1.322970e+03
               88900        3.046047e-03        2.651968e+03
               89000        3.569260e-03        2.346696e+03
               89100        3.372057e-03        1.666174e+03
               89200        2.251125e-03        1.666174e+03
               89300        2.819598e-03        2.462236e+03
               89400        2.987845e-03        1.284403e+03
               89500        2.430665e-03        1.284403e+03
               89600        2.869580e-03        1.323850e+03
               89700        2.293584e-03        3.040761e+03
               89800        2.710491e-03        3.040761e+03
               89900        3.243253e-03        2.332588e+03
               90000        2.868779e-03        2.696409e+03
               90100        2.419123e-03        2.696409e+03
               90200        2.886350e-03        1.992474e+03
               90300        2.298797e-03        1.638100e+03
               90400        2.811197e-03        1.638100e+03
               90500        2.398821e-03        1.345227e+03
               90600        2.823767e-03        2.455131e+03
               90700        2.225914e-03        1.593332e+03
               90800        2.827134e-03        2.417349e+03
               90900        2.618068e-03        2.417349e+03
               91000        2.792781e-03        1.898002e+03
               91100        2.755124e-03        2.578590e+03
               91200        2.835288e-03        2.578590e+03
               91300        2.484730e-03        2.370018e+03
               91400        2.685745e-03        2.589509e+03
               91500        2.673284e-03        1.482928e+03
               91600        2.692522e-03        1.513293e+03
               91700        2.719939e-03        1.972243e+03
               91800        4.482980e-03        1.972243e+03
               91900        3.272301e-03        2.339054e+03
               92000        3.226057e-03        1.982191e+03
               92100        2.700570e-03        1.752098e+03
               92200        2.733001e-03        2.117625e+03
               92300        2.873286e-03        2.117625e+03
               92400        2.865953e-03        2.117625e+03
               92500        2.666201e-03        1.579646e+03
               92600        2.531192e-03        1.579646e+03
               92700        2.719543e-03        1.957006e+03
               92800        2.962419e-03        1.957006e+03
               92900        2.753477e-03        3.017120e+03
               93000        2.626020e-03        1.747096e+03
               93100        3.213545e-03        1.747096e+03
               93200        2.461401e-03        1.889239e+03
               93300        2.691952e-03        1.808112e+03
               93400        2.819655e-03        1.576781e+03
               93500        2.748216e-03        2.109733e+03
               93600        2.866674e-03        1.276258e+03
               93700        2.763401e-03        1.276258e+03
               93800        2.639507e-03        1.474247e+03
               93900        2.479061e-03        1.474247e+03
               94000        2.629572e-03        1.659567e+03
               94100        2.792013e-03        2.173716e+03
               94200        2.780732e-03        3.193591e+03
               94300        2.744048e-03        2.468649e+03
               94400        2.550615e-03        2.619809e+03
               94500        2.649290e-03        2.015306e+03
               94600        2.626423e-03        2.015306e+03
               94700        3.640785e-03        2.030874e+03
               94800        3.400441e-03        1.938050e+03
               94900        2.594410e-03        2.189546e+03
               95000        2.728738e-03        2.199256e+03
               95100        2.769592e-03        2.199256e+03
               95200        2.622429e-03        2.237918e+03
               95300        2.635819e-03        3.005103e+03
               95400        2.644625e-03        1.497848e+03
               95500        2.740669e-03        2.067318e+03
               95600        2.490479e-03        2.432722e+03
               95700        2.728632e-03        3.340987e+03
               95800        2.698318e-03        1.736536e+03
               95900        2.625199e-03        1.578294e+03
               96000        2.576866e-03        1.578294e+03
               96100        2.465608e-03        2.398929e+03
               96200        2.203082e-03        1.781751e+03
               96300        2.249917e-03        1.706018e+03
               96400        3.035896e-03        1.885968e+03
               96500        3.095183e-03        1.885968e+03
               96600        2.203023e-03        2.514155e+03
               96700        2.308940e-03        3.365137e+03
               96800        2.199514e-03        2.183483e+03
               96900        2.181054e-03        2.373522e+03
               97000        2.331743e-03        2.373522e+03
               97100        2.201986e-03        2.356811e+03
               97200        2.240261e-03        3.055267e+03
               97300        2.187121e-03        2.022205e+03
               97400        2.246204e-03        1.820713e+03
               97500        2.193504e-03        2.944456e+03
               97600        2.189578e-03        2.944456e+03
               97700        2.446433e-03        1.793132e+03
               97800        2.263567e-03        2.116689e+03
               97900        2.275952e-03        1.953409e+03
               98000        2.025749e-03        2.391296e+03
               98100        2.323050e-03        1.773587e+03
               98200        3.155610e-03        1.748620e+03
               98300        2.090656e-03        1.748620e+03
               98400        1.797800e-03        1.748620e+03
               98500        1.717937e-03        2.630973e+03
               98600        1.769581e-03        2.000620e+03
               98700        1.744403e-03        2.116608e+03
               98800        1.759704e-03        1.620225e+03
               98900        1.807451e-03        1.620225e+03
               99000        1.916751e-03        2.037199e+03
               99100        1.915430e-03        1.499282e+03
               99200        1.724037e-03        1.499282e+03
               99300        1.719864e-03        2.116652e+03
               99400        1.714517e-03        2.116652e+03
               99500        1.778745e-03        1.293316e+03
               99600        1.744358e-03        1.293316e+03
               99700        1.791740e-03        1.828297e+03
               99800        1.769443e-03        1.828297e+03
               99900        2.818108e-03        2.207044e+03
              100000        1.760759e-03        2.207044e+03
