Period: 100
               Epoch           Time cost                Loss
                 100        5.705220e-04        2.226559e+04
                 200        1.907050e-04        2.226559e+04
                 300        1.377100e-04        2.226559e+04
                 400        1.272240e-04        2.226559e+04
                 500        1.304220e-04        2.223426e+04
                 600        1.415930e-04        1.550458e+04
                 700        1.398810e-04        1.550458e+04
                 800        2.149770e-04        1.550458e+04
                 900        1.683080e-04        9.496520e+03
                1000        1.454160e-04        8.642730e+03
                1100        1.545550e-04        9.496522e+03
                1200        1.257792e-03        9.496548e+03
                1300        1.206700e-04        9.362066e+03
                1400        1.327090e-04        9.496539e+03
                1500        1.568450e-04        6.415038e+03
                1600        1.263780e-04        6.415030e+03
                1700        1.859260e-04        6.415029e+03
                1800        1.189190e-04        6.415029e+03
                1900        1.784320e-04        5.972485e+03
                2000        1.601940e-04        5.972485e+03
                2100        1.201810e-04        5.972497e+03
                2200        1.572030e-04        5.972497e+03
                2300        1.066500e-04        5.972469e+03
                2400        1.520170e-04        5.972469e+03
                2500        1.030580e-04        5.972485e+03
                2600        1.432600e-04        5.511250e+03
                2700        1.048310e-04        5.442785e+03
                2800        1.522080e-04        5.442778e+03
                2900        1.029950e-04        5.429807e+03
                3000        1.490580e-04        5.442884e+03
                3100        1.299760e-04        5.442922e+03
                3200        1.614350e-04        5.462673e+03
                3300        1.196570e-04        3.514502e+03
                3400        1.698460e-04        3.473771e+03
                3500        1.677490e-04        3.473553e+03
                3600        1.770370e-04        3.473475e+03
                3700        1.404940e-04        3.473553e+03
                3800        1.703350e-04        3.473553e+03
                3900        1.516320e-04        3.473475e+03
                4000        1.611900e-04        1.559917e+03
                4100        1.509190e-04        1.507693e+03
                4200        1.723140e-04        1.522104e+03
                4300        1.521780e-04        1.507683e+03
                4400        1.663220e-04        1.507681e+03
                4500        1.543880e-04        1.507693e+03
                4600        1.583260e-04        9.442103e+02
                4700        1.184310e-04        9.132651e+02
                4800        1.487990e-04        9.132274e+02
                4900        1.323400e-04        9.132264e+02
                5000        2.547300e-04        9.132311e+02
                5100        1.404120e-04        9.133097e+02
                5200        1.440320e-04        9.132274e+02
                5300        1.864360e-04        5.534770e+02
                5400        2.512060e-04        3.741706e+02
                5500        1.061925e-03        4.010979e+02
                5600        1.722460e-04        3.741748e+02
                5700        1.538840e-04        4.010240e+02
                5800        1.454800e-04        4.010152e+02
                5900        2.454250e-04        3.741694e+02
                6000        1.407480e-04        2.398603e+02
                6100        1.797230e-04        2.242964e+02
                6200        2.129700e-04        2.242723e+02
                6300        1.659920e-04        2.242729e+02
                6400        1.544100e-04        2.242795e+02
                6500        1.457520e-04        2.242727e+02
                6600        2.244190e-04        1.629308e+02
                6700        1.217160e-04        1.612080e+02
                6800        1.367290e-04        1.612081e+02
                6900        1.277250e-04        1.612171e+02
                7000        1.510010e-04        1.612168e+02
                7100        1.137300e-04        1.296922e+02
                7200        1.545020e-04        1.262200e+02
                7300        1.353810e-04        1.262200e+02
                7400        1.348800e-04        1.262199e+02
                7500        1.441890e-04        1.262201e+02
                7600        1.759350e-04        9.324001e+01
                7700        1.671450e-04        9.041033e+01
                7800        1.603620e-04        9.041040e+01
                7900        1.737690e-04        9.041053e+01
                8000        1.554140e-04        9.041078e+01
                8100        1.634670e-04        4.945717e+01
                8200        1.693200e-04        4.943093e+01
                8300        1.658420e-04        5.627678e+01
                8400        2.795760e-04        4.942772e+01
                8500        1.677580e-04        4.337664e+01
                8600        1.508790e-04        4.337877e+01
                8700        1.589420e-04        4.337968e+01
                8800        1.643420e-04        4.337893e+01
                8900        9.844400e-05        4.337740e+01
                9000        1.594620e-04        2.235271e+01
                9100        1.061596e-03        2.235320e+01
                9200        9.305300e-05        2.235271e+01
                9300        1.481460e-04        2.235271e+01
                9400        1.648020e-04        2.235271e+01
                9500        1.443930e-04        2.235303e+01
                9600        1.655160e-04        2.235320e+01
                9700        1.568410e-04        2.235271e+01
                9800        1.644150e-04        1.758118e+01
                9900        9.097200e-05        1.757463e+01
               10000        1.640230e-04        1.757544e+01
               10100        1.576190e-04        1.757235e+01
               10200        1.700980e-04        1.757295e+01
               10300        1.448920e-04        1.757463e+01
               10400        1.467840e-04        1.079454e+01
               10500        1.464430e-04        1.079447e+01
               10600        1.890570e-04        1.079452e+01
               10700        1.428640e-04        1.079445e+01
               10800        1.547710e-04        1.079445e+01
               10900        1.424050e-04        7.962616e+00
               11000        1.361310e-04        7.962616e+00
               11100        1.637920e-04        7.962616e+00
               11200        1.544110e-04        7.962616e+00
               11300        1.409730e-04        7.962616e+00
               11400        1.557350e-04        7.962616e+00
               11500        1.627450e-04        7.962616e+00
               11600        1.706510e-04        7.962616e+00
               11700        1.030028e-03        7.962616e+00
               11800        1.433410e-04        5.283710e+00
               11900        1.558270e-04        5.283710e+00
               12000        1.606290e-04        5.283710e+00
               12100        1.613880e-04        5.357051e+00
               12200        1.390410e-04        5.283702e+00
               12300        1.521940e-04        5.283710e+00
               12400        1.692000e-04        7.962616e+00
               12500        1.628890e-04        5.356629e+00
               12600        1.574500e-04        4.394976e+00
               12700        1.362080e-04        4.394976e+00
               12800        1.760270e-04        4.394976e+00
               12900        1.697750e-04        4.394976e+00
               13000        1.884460e-04        4.394976e+00
               13100        1.687350e-04        4.394976e+00
               13200        1.766300e-04        3.800679e+00
               13300        1.629100e-04        3.800679e+00
               13400        1.610080e-04        3.800679e+00
               13500        1.439950e-04        3.800679e+00
               13600        1.646560e-04        3.800679e+00
               13700        1.671740e-04        3.104233e+00
               13800        8.889500e-05        3.104233e+00
               13900        1.519100e-04        3.104233e+00
               14000        1.834310e-04        3.104233e+00
               14100        1.794060e-04        3.104233e+00
               14200        2.026231e-03        3.104233e+00
               14300        1.422940e-04        1.964698e+00
               14400        1.588660e-04        1.981829e+00
               14500        1.630680e-04        1.964732e+00
               14600        1.401920e-04        1.982010e+00
               14700        1.492930e-04        1.981776e+00
               14800        1.303670e-04        1.981824e+00
               14900        1.500890e-04        3.104233e+00
               15000        1.547190e-04        1.340647e+00
               15100        1.421100e-04        1.340647e+00
               15200        9.194600e-05        1.340646e+00
               15300        1.517980e-04        1.672661e+00
               15400        1.562750e-04        8.055537e-01
               15500        1.832470e-04        8.055517e-01
               15600        1.498830e-04        8.055656e-01
               15700        1.635630e-04        8.055629e-01
               15800        1.671660e-04        8.055665e-01
               15900        1.609370e-04        8.052825e-01
               16000        1.332840e-04        5.555323e-01
               16100        1.493890e-04        5.555305e-01
               16200        1.702730e-04        5.987997e-01
               16300        1.602050e-04        5.504173e-01
               16400        1.745410e-04        5.504563e-01
               16500        1.719800e-04        5.504563e-01
               16600        1.379960e-04        4.219069e-01
               16700        1.637380e-04        4.219208e-01
               16800        1.427620e-04        4.219203e-01
               16900        1.586110e-04        4.219351e-01
               17000        1.383710e-04        4.135308e-01
               17100        1.619020e-04        4.135688e-01
               17200        1.590680e-04        3.105933e-01
               17300        1.118500e-03        3.105887e-01
               17400        1.425330e-04        3.105880e-01
               17500        1.671180e-04        3.105881e-01
               17600        1.416960e-04        2.990166e-01
               17700        1.422570e-04        2.990056e-01
               17800        1.393800e-04        2.990371e-01
               17900        1.093940e-04        2.134900e-01
               18000        1.508790e-04        2.134898e-01
               18100        1.556500e-04        2.134881e-01
               18200        1.416090e-04        1.933140e-01
               18300        1.732640e-04        1.933237e-01
               18400        1.411340e-04        1.911813e-01
               18500        1.615570e-04        1.857931e-01
               18600        1.595280e-04        1.133686e-01
               18700        1.586300e-04        9.213277e-02
               18800        1.887440e-04        1.133687e-01
               18900        1.358270e-04        9.213335e-02
               19000        1.378430e-04        1.133607e-01
               19100        1.670480e-04        8.317552e-02
               19200        1.851720e-04        6.156497e-02
               19300        1.776480e-04        6.156497e-02
               19400        1.605720e-04        6.156432e-02
               19500        1.667760e-04        7.791327e-02
               19600        1.399540e-04        5.784881e-02
               19700        1.524210e-04        5.874453e-02
               19800        1.467400e-04        4.660849e-02
               19900        1.470860e-04        4.660779e-02
               20000        1.574620e-04        4.660779e-02
               20100        1.348290e-04        4.660779e-02
               20200        9.343900e-05        4.660779e-02
               20300        1.594330e-04        4.660779e-02
               20400        1.362850e-04        3.120510e-02
               20500        1.595690e-04        3.120510e-02
               20600        1.436970e-04        3.120510e-02
               20700        2.116550e-04        3.120510e-02
               20800        1.820840e-04        3.120510e-02
               20900        1.367890e-04        3.120510e-02
               21000        1.843500e-04        2.125003e-02
               21100        2.128740e-04        2.125373e-02
               21200        1.415290e-04        2.125373e-02
               21300        1.441960e-04        2.125401e-02
               21400        1.785460e-04        2.125373e-02
               21500        1.470000e-04        1.717789e-02
               21600        1.430460e-04        1.719941e-02
               21700        1.622840e-04        1.719919e-02
               21800        9.574900e-05        1.716531e-02
               21900        1.415340e-04        1.720202e-02
               22000        1.309620e-04        1.718043e-02
               22100        1.479000e-04        1.184459e-02
               22200        1.972070e-04        1.184454e-02
               22300        1.661660e-04        1.177922e-02
               22400        1.586510e-04        1.184448e-02
               22500        1.599340e-04        1.178964e-02
               22600        1.725710e-04        1.184459e-02
               22700        1.375380e-04        6.971315e-03
               22800        8.633000e-05        6.971276e-03
               22900        1.529850e-04        7.475286e-03
               23000        1.308760e-04        6.971315e-03
               23100        1.640330e-04        7.475299e-03
               23200        1.544500e-04        6.971315e-03
               23300        1.579830e-04        7.475309e-03
               23400        1.450270e-04        1.013275e-02
               23500        3.491275e-03        6.657709e-03
               23600        9.404400e-05        6.657745e-03
               23700        1.415860e-04        6.657729e-03
               23800        2.313060e-04        6.971315e-03
               23900        1.848830e-04        5.283219e-03
               24000        2.539390e-04        5.656711e-03
               24100        1.942050e-04        5.283299e-03
               24200        1.510400e-04        5.656699e-03
               24300        1.333340e-04        5.270007e-03
               24400        1.631540e-04        5.656729e-03
               24500        9.834100e-05        5.656711e-03
               24600        2.514720e-04        3.899961e-03
               24700        2.453740e-04        3.881910e-03
               24800        1.487410e-04        3.900652e-03
               24900        1.678070e-04        3.881910e-03
               25000        1.330390e-04        3.900059e-03
               25100        1.369080e-04        3.881869e-03
               25200        9.731200e-05        3.881910e-03
               25300        1.431130e-04        3.349536e-03
               25400        2.140450e-04        3.350369e-03
               25500        1.369420e-04        3.349881e-03
               25600        1.482610e-04        2.091060e-03
               25700        9.771800e-05        2.090503e-03
               25800        1.573750e-04        2.091038e-03
               25900        2.661390e-04        2.090723e-03
               26000        9.161200e-05        1.470340e-03
               26100        1.609670e-04        1.470495e-03
               26200        1.521110e-04        1.470340e-03
               26300        1.996670e-04        1.470340e-03
               26400        1.427790e-04        1.593351e-03
               26500        1.563610e-04        1.470340e-03
               26600        1.449520e-04        1.470340e-03
               26700        1.352060e-04        1.169977e-03
               26800        1.702770e-04        1.170063e-03
               26900        1.463610e-04        1.170062e-03
               27000        9.714070e-04        1.170067e-03
               27100        1.334970e-04        1.170068e-03
               27200        1.399670e-04        1.170061e-03
               27300        1.315130e-04        9.487403e-04
               27400        1.203790e-04        9.487554e-04
               27500        1.239990e-04        9.487554e-04
               27600        1.569910e-04        9.487554e-04
               27700        1.731860e-04        9.487554e-04
               27800        1.940640e-04        9.487403e-04
               27900        2.480600e-04        8.645426e-04
               28000        1.761110e-04        8.645840e-04
               28100        1.377970e-04        8.645426e-04
               28200        1.508790e-04        8.645426e-04
               28300        1.053360e-04        8.645426e-04
               28400        1.384480e-04        8.646595e-04
               28500        1.370130e-04        6.657142e-04
               28600        1.671500e-04        6.657628e-04
               28700        1.372040e-04        6.656530e-04
               28800        1.622110e-04        6.656577e-04
               28900        1.472270e-04        5.708057e-04
               29000        9.335200e-05        5.708057e-04
               29100        2.134290e-04        8.645426e-04
               29200        1.499920e-04        4.760986e-04
               29300        1.571210e-04        4.761081e-04
               29400        1.593590e-04        4.761030e-04
               29500        1.910400e-04        4.760777e-04
               29600        1.592750e-04        4.761011e-04
               29700        9.693000e-05        4.761090e-04
               29800        1.530470e-04        4.033326e-04
               29900        1.616450e-04        4.034803e-04
               30000        1.500610e-04        4.034805e-04
               30100        1.556590e-04        4.034807e-04
               30200        1.405620e-04        4.034806e-04
               30300        1.633130e-04        4.034804e-04
               30400        1.443880e-04        3.428033e-04
               30500        1.469820e-04        3.428033e-04
               30600        1.448870e-04        3.428033e-04
               30700        1.594170e-04        3.428033e-04
               30800        1.653160e-04        3.428033e-04
               30900        1.683710e-04        3.428033e-04
               31000        1.502250e-04        2.668426e-04
               31100        1.533960e-04        2.668411e-04
               31200        1.905380e-04        2.668411e-04
               31300        1.375570e-04        2.668411e-04
               31400        1.733470e-04        2.668426e-04
               31500        1.335650e-04        2.668426e-04
               31600        1.625270e-04        2.668426e-04
               31700        1.516670e-04        2.668411e-04
               31800        1.196580e-04        3.428033e-04
               31900        1.306620e-04        1.930469e-04
               32000        1.214820e-04        2.061753e-04
               32100        1.709840e-04        1.930567e-04
               32200        1.590010e-04        2.062638e-04
               32300        9.300030e-04        2.062569e-04
               32400        1.643450e-04        1.883528e-04
               32500        1.350490e-04        1.356512e-04
               32600        1.562640e-04        1.356526e-04
               32700        1.531360e-04        1.356518e-04
               32800        1.670980e-04        1.356525e-04
               32900        1.692200e-04        1.356519e-04
               33000        1.508810e-04        1.356526e-04
               33100        1.701840e-04        1.258784e-04
               33200        1.337440e-04        1.258793e-04
               33300        1.572950e-04        1.258609e-04
               33400        1.728740e-04        1.258776e-04
               33500        1.470080e-04        1.309438e-04
               33600        1.742380e-04        6.816877e-05
               33700        1.477420e-04        6.816726e-05
               33800        1.321780e-04        6.941256e-05
               33900        1.506370e-04        6.816449e-05
               34000        1.621060e-04        2.062638e-04
               34100        1.514560e-04        1.171806e-04
               34200        1.480350e-04        6.060350e-05
               34300        1.504990e-04        6.060331e-05
               34400        8.633100e-05        6.060324e-05
               34500        1.472330e-04        6.059506e-05
               34600        1.622330e-04        6.059502e-05
               34700        1.548950e-04        6.816726e-05
               34800        1.536890e-04        2.302572e-05
               34900        1.376420e-04        1.047392e-05
               35000        1.526610e-04        1.047261e-05
               35100        1.429730e-04        1.047261e-05
               35200        1.621180e-04        1.047261e-05
               35300        1.531790e-04        1.047392e-05
               35400        2.169060e-04        1.047392e-05
               35500        1.559420e-04        9.327771e-06
               35600        1.642450e-04        9.326212e-06
               35700        1.727820e-04        9.326212e-06
               35800        1.757710e-04        9.325918e-06
               35900        1.695980e-04        9.326212e-06
               36000        2.242440e-04        9.326212e-06
               36100        2.111543e-03        9.325918e-06
               36200        1.763160e-04        7.898013e-06
               36300        1.481150e-04        7.898021e-06
               36400        1.648720e-04        7.898043e-06
               36500        1.422770e-04        7.898164e-06
               36600        1.758030e-04        1.047392e-05
               36700        2.780460e-04        5.216085e-06
               36800        4.555630e-04        5.215574e-06
               36900        1.653500e-04        5.215332e-06
               37000        1.621470e-04        5.215153e-06
               37100        1.674740e-04        5.215186e-06
               37200        1.477240e-04        2.881780e-06
               37300        1.413190e-04        2.881563e-06
               37400        1.886390e-04        2.892738e-06
               37500        1.704530e-04        2.892496e-06
               37600        1.409370e-04        2.881796e-06
               37700        1.612980e-04        2.892715e-06
               37800        1.490810e-04        2.686582e-06
               37900        1.596570e-04        2.686582e-06
               38000        1.497400e-04        2.686582e-06
               38100        2.525350e-04        2.686582e-06
               38200        1.620060e-04        2.686582e-06
               38300        1.680690e-04        2.686582e-06
               38400        1.694050e-04        2.320454e-06
               38500        3.278480e-04        2.320454e-06
               38600        1.800520e-04        2.320454e-06
               38700        1.810310e-04        2.320463e-06
               38800        1.524880e-04        2.320454e-06
               38900        1.655960e-04        2.320463e-06
               39000        1.796920e-04        2.320454e-06
               39100        1.865417e-03        2.006538e-06
               39200        1.102617e-03        2.006519e-06
               39300        1.687710e-04        2.006509e-06
               39400        1.750100e-04        2.006518e-06
               39500        1.722180e-04        1.996795e-06
               39600        1.055680e-04        1.550689e-06
               39700        1.426590e-04        1.550690e-06
               39800        1.723870e-04        1.448072e-06
               39900        1.584570e-04        1.448077e-06
               40000        1.995410e-04        1.448082e-06
               40100        1.926980e-04        8.688034e-07
               40200        1.461350e-04        1.360003e-06
               40300        9.655900e-05        8.636261e-07
               40400        1.671360e-04        5.218368e-07
               40500        1.617380e-04        5.218565e-07
               40600        1.454410e-04        5.218535e-07
               40700        1.494340e-04        5.218435e-07
               40800        1.209240e-04        1.550690e-06
               40900        1.518670e-04        5.218346e-07
               41000        1.751390e-04        3.417505e-07
               41100        1.719410e-04        3.417505e-07
               41200        1.500050e-04        3.417503e-07
               41300        1.795500e-04        3.417503e-07
               41400        1.622270e-04        2.632709e-07
               41500        1.816840e-04        2.664978e-07
               41600        1.705230e-04        2.665008e-07
               41700        1.701870e-04        2.632709e-07
               41800        1.682720e-04        2.664969e-07
               41900        1.081250e-04        2.665000e-07
               42000        1.611740e-04        2.665004e-07
               42100        1.536150e-04        2.066113e-07
               42200        1.415930e-04        2.065934e-07
               42300        1.760860e-04        1.830090e-07
               42400        1.711360e-04        2.065950e-07
               42500        1.544400e-04        1.829564e-07
               42600        1.692470e-04        1.758021e-07
               42700        1.681580e-04        1.768472e-07
               42800        1.833260e-04        1.758013e-07
               42900        1.537610e-04        1.758013e-07
               43000        1.867790e-04        1.757935e-07
               43100        1.486660e-04        1.758021e-07
               43200        1.752740e-04        1.384247e-07
               43300        1.408800e-04        1.378606e-07
               43400        1.683200e-04        1.384183e-07
               43500        2.059920e-04        1.384268e-07
               43600        1.570080e-04        1.384268e-07
               43700        1.828220e-04        1.384217e-07
               43800        1.745680e-04        1.384194e-07
               43900        1.721140e-04        1.162551e-07
               44000        1.478980e-04        1.162554e-07
               44100        1.715890e-04        1.162568e-07
               44200        1.832080e-04        1.162554e-07
               44300        1.496260e-04        1.162568e-07
               44400        1.751570e-04        1.162554e-07
               44500        1.612090e-04        1.162554e-07
               44600        1.645180e-04        8.655090e-08
               44700        1.461960e-04        8.656643e-08
               44800        1.778690e-04        8.656696e-08
               44900        1.566550e-04        8.656639e-08
               45000        1.711040e-04        8.656639e-08
               45100        1.571460e-04        8.653210e-08
               45200        1.648220e-04        7.717244e-08
               45300        1.691270e-04        7.717071e-08
               45400        1.527220e-04        3.910775e-08
               45500        1.734390e-04        3.186710e-08
               45600        1.561550e-04        3.186508e-08
               45700        1.771610e-04        2.627992e-08
               45800        1.821780e-04        2.627992e-08
               45900        1.752300e-04        2.627992e-08
               46000        1.493070e-04        3.186642e-08
               46100        9.362800e-05        1.478243e-08
               46200        1.554440e-04        1.231289e-08
               46300        1.679140e-04        1.478233e-08
               46400        1.449800e-04        1.478296e-08
               46500        1.643770e-04        1.478314e-08
               46600        2.085260e-04        2.584469e-08
               46700        1.529450e-04        2.627992e-08
               46800        1.706150e-04        1.142928e-08
               46900        1.531460e-04        1.142933e-08
               47000        1.620010e-04        1.142933e-08
               47100        1.059300e-04        1.142928e-08
               47200        1.266650e-04        1.142933e-08
               47300        1.783090e-04        1.142933e-08
               47400        1.053120e-04        1.069058e-08
               47500        1.726040e-04        1.069037e-08
               47600        1.553940e-04        1.069037e-08
               47700        1.716230e-04        1.069040e-08
               47800        9.974600e-05        1.069037e-08
               47900        1.483100e-04        1.069040e-08
               48000        1.398060e-04        7.257826e-09
               48100        1.754160e-04        7.257826e-09
               48200        1.451100e-04        7.257826e-09
               48300        1.685870e-04        7.257826e-09
               48400        1.078270e-04        7.257826e-09
               48500        1.612340e-04        7.257826e-09
               48600        1.737080e-04        7.257826e-09
               48700        1.758020e-04        1.142933e-08
               48800        1.759550e-04        5.784993e-09
               48900        1.731410e-04        5.737690e-09
               49000        1.872630e-04        5.785189e-09
               49100        1.635150e-04        5.737690e-09
               49200        1.668310e-04        5.737690e-09
               49300        1.125410e-04        5.785162e-09
               49400        1.660470e-04        5.151740e-09
               49500        1.579080e-04        5.151740e-09
               49600        1.867000e-04        5.151728e-09
               49700        1.877110e-04        5.151728e-09
               49800        1.790710e-04        5.151728e-09
               49900        1.678030e-04        5.151728e-09
               50000        1.582670e-04        2.743375e-09
               50100        1.538080e-04        2.743305e-09
               50200        1.466080e-04        2.743204e-09
               50300        1.759720e-04        2.743124e-09
               50400        1.563140e-04        2.743156e-09
               50500        1.869380e-04        1.286259e-09
               50600        1.900510e-04        1.286031e-09
               50700        1.569530e-04        1.286071e-09
               50800        2.446800e-04        1.285984e-09
               50900        1.458440e-04        1.286031e-09
               51000        1.443520e-04        1.248188e-09
               51100        2.728820e-04        1.247602e-09
               51200        1.891530e-04        6.223900e-10
               51300        1.735220e-04        6.223833e-10
               51400        1.817270e-04        6.223814e-10
               51500        1.457460e-04        6.223833e-10
               51600        1.726130e-04        5.052216e-10
               51700        1.616440e-04        5.052291e-10
               51800        1.756650e-04        5.052242e-10
               51900        1.260860e-04        5.052242e-10
               52000        1.534370e-04        6.213677e-10
               52100        1.652890e-04        6.223809e-10
               52200        1.702390e-04        5.046290e-10
               52300        1.646440e-04        4.325331e-10
               52400        2.105850e-04        4.325271e-10
               52500        2.110070e-04        4.325315e-10
               52600        1.828920e-04        4.325315e-10
               52700        2.138630e-04        4.325271e-10
               52800        1.914640e-04        4.315314e-10
               52900        1.858910e-04        3.546429e-10
               53000        1.561940e-04        3.546303e-10
               53100        1.723570e-04        3.546296e-10
               53200        1.779430e-04        3.546296e-10
               53300        1.837520e-04        2.763535e-10
               53400        1.793710e-04        2.763642e-10
               53500        1.658280e-04        2.763535e-10
               53600        2.162160e-04        2.763535e-10
               53700        1.592870e-04        2.763642e-10
               53800        1.527910e-04        2.481912e-10
               53900        1.819290e-04        2.481912e-10
               54000        1.832570e-04        2.481912e-10
               54100        1.952660e-04        2.481912e-10
               54200        1.675240e-04        2.481912e-10
               54300        1.595710e-04        2.372781e-10
               54400        2.066180e-04        2.372781e-10
               54500        1.550540e-04        2.372781e-10
               54600        1.633090e-04        2.372781e-10
               54700        1.806460e-04        1.358223e-10
               54800        3.343350e-04        1.358194e-10
               54900        2.712080e-04        1.359485e-10
               55000        1.908200e-04        1.359485e-10
               55100        1.036100e-04        1.359477e-10
               55200        1.665540e-04        1.330593e-10
               55300        1.449990e-04        1.122594e-10
               55400        1.916570e-04        1.122582e-10
               55500        1.932450e-04        1.122531e-10
               55600        1.633840e-04        1.122555e-10
               55700        1.802450e-04        1.061752e-10
               55800        1.603380e-04        5.389236e-11
               55900        1.896400e-04        5.389241e-11
               56000        1.133860e-04        5.306645e-11
               56100        1.899320e-04        3.326742e-11
               56200        1.826790e-04        3.326803e-11
               56300        1.723880e-04        3.326590e-11
               56400        1.756460e-04        3.187199e-11
               56500        1.790540e-04        3.082529e-11
               56600        1.747700e-04        2.825054e-11
               56700        1.516850e-04        1.474526e-11
               56800        1.869040e-04        1.474524e-11
               56900        1.707370e-04        1.474514e-11
               57000        1.882720e-04        1.476992e-11
               57100        2.018780e-04        1.474509e-11
               57200        1.957970e-04        1.474466e-11
               57300        1.845310e-04        1.476992e-11
               57400        1.800120e-04        1.006177e-11
               57500        1.935450e-04        1.006605e-11
               57600        1.688950e-04        1.006605e-11
               57700        1.893390e-04        1.006608e-11
               57800        1.795640e-04        1.006604e-11
               57900        1.489010e-04        1.006609e-11
               58000        1.743040e-04        1.006605e-11
               58100        1.131580e-04        1.474466e-11
               58200        1.688030e-04        6.407085e-12
               58300        1.820370e-04        6.598676e-12
               58400        2.065560e-04        6.598675e-12
               58500        1.584480e-04        6.598669e-12
               58600        1.823680e-04        6.598668e-12
               58700        2.104300e-04        6.407085e-12
               58800        1.855610e-04        4.910734e-12
               58900        1.494140e-04        4.910734e-12
               59000        1.815130e-04        4.910734e-12
               59100        1.845400e-04        4.910734e-12
               59200        1.947550e-04        4.910734e-12
               59300        1.684720e-04        4.910734e-12
               59400        1.509350e-04        6.598676e-12
               59500        1.895730e-04        4.911115e-12
               59600        1.616840e-04        4.078245e-12
               59700        2.007980e-04        4.078233e-12
               59800        1.565110e-04        4.076941e-12
               59900        1.746750e-04        4.076941e-12
               60000        1.692090e-04        4.078243e-12
               60100        2.209490e-04        4.078234e-12
               60200        1.622340e-04        4.078118e-12
               60300        1.855500e-04        3.563058e-12
               60400        1.570640e-04        3.563057e-12
               60500        1.802000e-04        3.563102e-12
               60600        1.640570e-04        3.563146e-12
               60700        1.891970e-04        3.563148e-12
               60800        1.146690e-04        3.563106e-12
               60900        1.590920e-04        3.486613e-12
               61000        1.703910e-04        3.563102e-12
               61100        1.743950e-04        3.086520e-12
               61200        1.730130e-04        3.086516e-12
               61300        1.650630e-04        3.086329e-12
               61400        1.646350e-04        3.086507e-12
               61500        1.600170e-04        3.086509e-12
               61600        1.665620e-04        2.311617e-12
               61700        1.754840e-04        2.311800e-12
               61800        1.780500e-04        2.311617e-12
               61900        1.954770e-04        2.311617e-12
               62000        1.875360e-04        2.311617e-12
               62100        1.087610e-04        3.033471e-12
               62200        1.561430e-04        2.189084e-12
               62300        1.858270e-04        2.189074e-12
               62400        1.778420e-04        2.189091e-12
               62500        1.704690e-04        2.163155e-12
               62600        1.459280e-04        1.361321e-12
               62700        1.977370e-04        1.361319e-12
               62800        1.921680e-04        1.361315e-12
               62900        1.364060e-04        1.361319e-12
               63000        1.572290e-04        1.361318e-12
               63100        1.642200e-04        1.338492e-12
               63200        1.721900e-04        1.058746e-12
               63300        1.444170e-04        1.058747e-12
               63400        1.068910e-04        1.058742e-12
               63500        1.197020e-04        1.058743e-12
               63600        1.551520e-04        1.058744e-12
               63700        1.484820e-04        1.056504e-12
               63800        1.634120e-04        1.055979e-12
               63900        1.509190e-04        1.055975e-12
               64000        1.185380e-04        3.327834e-13
               64100        1.397660e-04        3.106020e-13
               64200        9.962200e-05        3.072568e-13
               64300        1.595720e-04        1.448205e-13
               64400        1.374660e-04        1.487808e-13
               64500        1.552140e-04        1.487853e-13
               64600        1.657020e-04        1.487852e-13
               64700        1.549500e-04        1.487880e-13
               64800        2.300800e-04        1.487848e-13
               64900        6.943800e-04        1.467622e-13
               65000        1.966490e-04        1.487852e-13
               65100        1.778550e-04        1.356711e-13
               65200        1.449910e-04        6.982351e-14
               65300        1.047900e-04        7.033925e-14
               65400        1.839250e-04        7.033856e-14
               65500        1.879650e-04        6.979946e-14
               65600        2.942020e-04        7.033846e-14
               65700        1.747520e-04        1.883804e-14
               65800        1.822750e-04        1.881673e-14
               65900        1.786890e-04        1.881752e-14
               66000        1.641050e-04        1.881640e-14
               66100        1.657330e-04        1.881640e-14
               66200        2.140840e-04        1.881752e-14
               66300        3.145610e-04        1.226714e-14
               66400        1.799140e-04        1.226665e-14
               66500        1.592250e-04        1.226674e-14
               66600        2.586780e-04        1.226637e-14
               66700        1.829030e-04        1.226667e-14
               66800        1.859280e-04        1.189640e-14
               66900        1.669010e-04        1.226714e-14
               67000        1.729010e-04        7.317261e-15
               67100        1.568060e-04        7.421596e-15
               67200        1.449620e-04        7.421003e-15
               67300        1.739280e-04        7.421445e-15
               67400        1.542140e-04        7.317261e-15
               67500        1.771660e-04        7.317261e-15
               67600        1.420530e-04        5.976118e-15
               67700        1.747750e-04        5.977347e-15
               67800        1.777870e-04        5.976134e-15
               67900        1.917570e-04        5.976118e-15
               68000        1.936800e-04        5.977347e-15
               68100        1.603090e-04        5.976118e-15
               68200        1.467910e-04        5.976118e-15
               68300        1.864330e-04        4.604682e-15
               68400        1.530300e-04        4.604682e-15
               68500        1.676330e-04        4.604682e-15
               68600        1.037190e-04        4.604682e-15
               68700        1.596800e-04        4.604682e-15
               68800        1.835650e-04        3.359021e-15
               68900        1.464630e-04        3.358826e-15
               69000        1.843680e-04        3.358453e-15
               69100        1.432020e-04        3.358821e-15
               69200        1.541820e-04        3.358373e-15
               69300        1.899410e-04        3.358813e-15
               69400        1.898550e-04        2.498472e-15
               69500        1.665970e-04        2.032067e-15
               69600        2.017940e-04        2.032040e-15
               69700        1.849930e-04        2.032043e-15
               69800        1.619420e-04        1.648823e-15
               69900        1.902350e-04        1.470798e-15
               70000        1.631670e-04        1.470770e-15
               70100        2.115130e-04        1.470797e-15
               70200        1.793140e-04        1.470759e-15
               70300        1.909290e-04        1.470759e-15
               70400        1.720210e-04        1.470759e-15
               70500        1.813830e-04        1.012639e-15
               70600        1.622430e-04        1.012636e-15
               70700        1.949590e-04        1.012638e-15
               70800        1.633980e-04        1.012638e-15
               70900        1.873220e-04        9.590305e-16
               71000        1.908330e-04        7.372912e-16
               71100        1.622350e-04        7.498888e-16
               71200        1.664990e-04        7.372875e-16
               71300        1.580320e-04        7.372855e-16
               71400        1.716490e-04        7.372469e-16
               71500        1.868190e-04        3.358453e-15
               71600        1.864050e-04        5.935305e-16
               71700        1.622160e-04        5.478825e-16
               71800        1.558470e-04        5.478822e-16
               71900        1.940290e-04        3.358453e-15
               72000        2.018110e-04        2.863540e-16
               72100        1.549860e-04        2.863070e-16
               72200        1.966250e-04        2.863053e-16
               72300        1.572560e-04        2.732013e-16
               72400        2.160420e-04        1.822645e-16
               72500        1.571030e-04        1.822602e-16
               72600        2.075970e-04        1.822607e-16
               72700        1.828610e-04        1.822602e-16
               72800        2.392070e-04        1.822617e-16
               72900        2.181290e-04        1.758037e-16
               73000        1.573790e-04        1.598110e-16
               73100        2.294200e-04        1.598111e-16
               73200        1.728470e-04        1.598135e-16
               73300        1.514180e-04        1.598111e-16
               73400        1.613840e-04        1.598110e-16
               73500        1.105140e-04        1.149831e-16
               73600        1.526950e-04        1.340124e-16
               73700        1.848840e-04        1.098236e-16
               73800        1.636340e-04        1.149797e-16
               73900        1.912870e-04        9.171364e-17
               74000        1.665260e-04        9.171364e-17
               74100        1.815600e-04        9.171364e-17
               74200        2.167090e-04        9.384429e-17
               74300        1.830650e-04        1.813657e-16
               74400        1.928630e-04        9.135134e-17
               74500        1.876170e-04        1.024458e-16
               74600        1.120100e-03        7.363020e-17
               74700        1.853620e-04        7.363064e-17
               74800        1.579470e-04        7.153562e-17
               74900        1.725030e-04        7.363041e-17
               75000        1.797510e-04        7.363020e-17
               75100        1.886570e-04        3.813673e-17
               75200        1.528130e-04        3.060325e-17
               75300        1.147469e-03        3.066923e-17
               75400        1.795450e-04        3.067184e-17
               75500        1.689770e-04        3.060325e-17
               75600        1.609160e-04        2.962181e-17
               75700        1.492190e-04        2.006951e-17
               75800        1.665270e-04        1.559885e-17
               75900        1.903520e-04        1.344891e-17
               76000        1.662190e-04        1.344898e-17
               76100        1.409300e-04        1.257120e-17
               76200        1.603280e-04        1.242027e-17
               76300        1.424110e-04        8.563106e-18
               76400        1.657090e-04        8.563145e-18
               76500        1.622730e-04        8.563209e-18
               76600        1.703930e-04        8.736471e-18
               76700        1.565690e-04        8.563213e-18
               76800        1.630130e-04        8.737502e-18
               76900        1.710400e-04        8.563145e-18
               77000        1.505120e-04        5.249825e-18
               77100        1.292860e-04        4.411147e-18
               77200        1.759070e-04        4.399004e-18
               77300        1.783720e-04        4.399105e-18
               77400        1.542900e-04        4.411294e-18
               77500        1.790790e-04        4.411293e-18
               77600        1.802950e-04        3.699908e-18
               77700        1.758780e-04        3.677627e-18
               77800        1.534250e-04        2.644857e-18
               77900        1.570050e-04        2.644916e-18
               78000        1.693590e-04        2.644978e-18
               78100        1.760700e-04        2.639986e-18
               78200        2.087290e-04        2.626269e-18
               78300        1.860470e-04        2.626265e-18
               78400        1.515840e-04        4.399105e-18
               78500        1.711440e-04        2.288016e-18
               78600        1.132380e-04        2.288017e-18
               78700        2.262630e-04        2.288018e-18
               78800        1.515870e-04        1.699616e-18
               78900        1.092983e-03        1.699616e-18
               79000        1.817970e-04        1.699616e-18
               79100        1.514040e-04        1.699616e-18
               79200        1.554140e-04        1.699616e-18
               79300        1.822720e-04        1.554174e-18
               79400        1.606750e-04        1.554185e-18
               79500        1.718680e-04        1.552712e-18
               79600        1.794140e-04        1.344473e-18
               79700        1.843790e-04        1.344473e-18
               79800        1.564680e-04        1.344473e-18
               79900        1.694270e-04        1.344473e-18
               80000        1.803840e-04        6.248790e-19
               80100        1.736470e-04        6.248788e-19
               80200        1.630900e-04        6.248788e-19
               80300        1.715850e-04        6.248793e-19
               80400        1.775490e-04        6.248788e-19
               80500        1.667170e-04        6.248788e-19
               80600        1.596050e-04        3.395897e-19
               80700        1.845680e-04        3.412393e-19
               80800        1.915480e-04        3.395897e-19
               80900        1.761720e-04        3.412388e-19
               81000        1.888280e-04        3.412439e-19
               81100        1.549670e-04        3.395897e-19
               81200        1.913350e-04        3.395897e-19
               81300        1.456640e-04        2.152194e-19
               81400        1.539270e-04        2.152194e-19
               81500        1.601650e-04        2.152194e-19
               81600        1.706780e-04        2.152194e-19
               81700        1.636190e-04        2.152194e-19
               81800        1.721720e-04        2.152194e-19
               81900        1.722010e-04        1.032715e-19
               82000        1.375370e-04        1.031145e-19
               82100        1.653910e-04        1.032715e-19
               82200        1.777230e-04        1.032708e-19
               82300        1.784940e-04        1.032708e-19
               82400        1.820080e-04        2.152194e-19
               82500        1.712240e-04        8.290961e-20
               82600        1.782290e-04        8.334264e-20
               82700        1.619050e-04        8.334336e-20
               82800        1.503440e-04        8.290961e-20
               82900        1.474170e-04        8.334259e-20
               83000        1.744290e-04        1.032715e-19
               83100        1.488870e-04        8.334259e-20
               83200        1.723500e-04        8.334336e-20
               83300        1.484070e-04        4.894371e-20
               83400        1.729740e-04        4.894740e-20
               83500        1.553330e-04        4.894804e-20
               83600        1.716400e-04        4.894779e-20
               83700        1.700300e-04        4.554501e-20
               83800        1.664400e-04        3.987612e-20
               83900        1.477890e-04        3.987612e-20
               84000        1.225800e-04        3.987612e-20
               84100        1.769520e-04        3.987612e-20
               84200        1.466040e-04        3.987612e-20
               84300        1.871090e-04        3.987612e-20
               84400        1.474540e-04        3.024248e-20
               84500        1.012680e-04        3.022074e-20
               84600        1.591130e-04        3.024273e-20
               84700        1.447190e-04        3.024273e-20
               84800        1.357580e-04        3.024276e-20
               84900        1.064760e-04        2.758502e-20
               85000        1.820750e-04        2.758358e-20
               85100        1.732930e-04        2.539174e-20
               85200        1.591250e-04        2.539299e-20
               85300        1.929280e-04        2.539167e-20
               85400        1.820590e-04        2.539210e-20
               85500        1.848310e-04        2.315467e-20
               85600        2.112990e-04        2.315456e-20
               85700        1.132773e-03        2.315456e-20
               85800        1.512150e-04        2.315467e-20
               85900        1.850480e-04        2.315456e-20
               86000        1.807140e-04        2.315456e-20
               86100        1.854030e-04        2.102111e-20
               86200        1.742230e-04        2.102088e-20
               86300        1.903600e-04        2.102111e-20
               86400        1.802980e-04        2.102088e-20
               86500        1.741050e-04        2.102088e-20
               86600        1.932460e-04        2.102111e-20
               86700        1.527620e-04        1.646646e-20
               86800        1.921610e-04        1.646650e-20
               86900        2.488640e-04        1.646285e-20
               87000        2.006360e-04        1.646656e-20
               87100        2.011160e-04        1.646655e-20
               87200        1.964400e-04        1.289128e-20
               87300        1.989170e-04        1.289128e-20
               87400        1.078770e-04        1.289128e-20
               87500        1.604060e-04        1.289128e-20
               87600        1.097030e-04        1.289128e-20
               87700        1.742220e-04        1.289128e-20
               87800        1.693360e-04        1.289128e-20
               87900        1.631520e-04        7.847415e-21
               88000        1.811740e-04        7.810118e-21
               88100        1.688250e-04        7.847464e-21
               88200        1.778930e-04        7.810118e-21
               88300        1.987510e-04        7.847412e-21
               88400        1.858880e-04        7.810118e-21
               88500        1.847150e-04        5.245196e-21
               88600        1.563790e-04        5.245221e-21
               88700        1.860790e-04        5.245190e-21
               88800        1.716910e-04        5.245090e-21
               88900        1.975380e-04        5.245296e-21
               89000        1.622340e-04        5.049757e-21
               89100        1.988340e-04        4.305696e-21
               89200        1.657600e-04        4.305680e-21
               89300        2.289920e-04        4.305795e-21
               89400        1.855450e-04        4.305688e-21
               89500        1.653960e-04        4.305806e-21
               89600        1.822490e-04        4.305792e-21
               89700        1.672540e-04        4.306040e-21
               89800        1.881530e-04        4.305696e-21
               89900        1.762370e-04        3.233515e-21
               90000        2.018080e-04        3.233512e-21
               90100        1.849970e-04        3.233519e-21
               90200        1.871490e-04        3.233510e-21
               90300        1.897680e-04        3.233505e-21
               90400        1.582410e-04        2.771988e-21
               90500        1.889070e-04        2.771988e-21
               90600        1.558520e-04        2.771996e-21
               90700        1.863340e-04        2.771993e-21
               90800        1.773360e-04        2.771993e-21
               90900        1.901300e-04        2.771996e-21
               91000        1.565740e-04        2.298772e-21
               91100        1.597880e-04        2.298756e-21
               91200        1.876200e-04        2.298777e-21
               91300        1.589530e-04        2.298750e-21
               91400        1.773420e-04        2.298756e-21
               91500        1.037330e-04        2.298750e-21
               91600        1.557550e-04        2.298756e-21
               91700        1.824580e-04        1.714472e-21
               91800        1.616440e-04        1.714472e-21
               91900        1.637550e-04        1.714472e-21
               92000        1.577460e-04        1.714469e-21
               92100        1.805080e-04        1.714469e-21
               92200        1.404590e-04        9.940723e-22
               92300        1.799010e-04        9.929102e-22
               92400        1.762290e-04        9.940673e-22
               92500        1.677240e-04        9.928973e-22
               92600        1.854740e-04        9.928973e-22
               92700        1.870610e-04        9.929139e-22
               92800        1.779860e-04        9.366080e-22
               92900        1.691990e-04        8.081624e-22
               93000        1.831540e-04        8.081614e-22
               93100        1.628460e-04        8.081649e-22
               93200        1.751810e-04        8.081621e-22
               93300        1.956590e-04        8.081667e-22
               93400        1.844810e-04        7.948827e-22
               93500        1.772690e-04        6.370387e-22
               93600        1.752050e-04        6.309539e-22
               93700        1.797210e-04        6.309539e-22
               93800        1.810040e-04        6.915520e-22
               93900        1.784040e-04        6.370385e-22
               94000        1.709450e-04        6.370383e-22
               94100        1.702090e-04        6.370385e-22
               94200        1.745690e-04        5.004410e-22
               94300        1.694530e-04        5.012264e-22
               94400        1.409600e-04        5.004411e-22
               94500        1.814210e-04        2.522382e-22
               94600        1.656730e-04        2.500860e-22
               94700        1.678010e-04        2.522382e-22
               94800        1.432910e-04        2.500900e-22
               94900        1.747260e-04        2.500867e-22
               95000        1.509400e-04        2.522382e-22
               95100        1.783330e-04        2.333028e-22
               95200        1.619910e-04        2.333028e-22
               95300        1.774790e-04        2.333046e-22
               95400        1.564220e-04        2.339008e-22
               95500        1.488130e-04        2.333024e-22
               95600        1.684150e-04        2.333046e-22
               95700        1.502330e-04        2.079497e-22
               95800        1.354980e-04        2.079497e-22
               95900        1.580920e-04        2.079497e-22
               96000        1.640220e-04        2.079497e-22
               96100        1.606010e-04        2.079497e-22
               96200        1.576480e-04        2.079497e-22
               96300        1.603450e-04        1.494700e-22
               96400        1.561270e-04        1.499950e-22
               96500        1.548640e-04        1.499950e-22
               96600        1.471110e-04        1.499949e-22
               96700        1.588420e-04        1.499946e-22
               96800        1.476140e-04        1.499950e-22
               96900        2.496430e-04        1.499950e-22
               97000        1.491270e-04        1.088087e-22
               97100        1.615890e-04        1.088092e-22
               97200        1.562690e-04        1.088085e-22
               97300        1.509290e-04        1.088085e-22
               97400        1.403720e-04        1.088085e-22
               97500        1.477650e-04        1.027202e-22
               97600        1.489150e-04        1.027202e-22
               97700        1.477510e-04        1.027202e-22
               97800        1.463640e-04        1.027202e-22
               97900        8.731600e-05        1.027202e-22
               98000        1.432680e-04        1.027202e-22
               98100        1.524320e-04        1.027202e-22
               98200        1.434950e-04        7.633238e-23
               98300        1.460060e-04        7.633245e-23
               98400        1.466360e-04        7.633227e-23
               98500        1.427560e-04        7.633245e-23
               98600        1.263090e-04        7.633245e-23
               98700        1.357280e-04        5.470706e-23
               98800        1.353560e-04        5.470731e-23
               98900        1.325420e-04        5.470728e-23
               99000        1.403730e-04        5.470728e-23
               99100        1.434790e-04        5.470728e-23
               99200        1.341880e-04        5.470728e-23
               99300        1.404410e-04        5.470706e-23
               99400        1.087450e-04        7.616105e-23
               99500        1.085080e-04        3.556433e-23
               99600        8.271100e-05        3.560077e-23
               99700        1.080950e-04        3.556433e-23
               99800        8.791900e-05        3.556433e-23
               99900        8.823700e-05        3.556433e-23
              100000        8.799700e-05        3.560128e-23
