Period: 100
               Epoch           Time cost                Loss
                 100        1.197960e-04        2.691601e+03
                 200        8.908700e-05        2.599532e+03
                 300        9.171700e-05        2.590617e+03
                 400        9.113000e-05        2.590468e+03
                 500        9.101800e-05        2.590455e+03
                 600        9.137600e-05        2.590455e+03
                 700        1.020040e-04        2.590455e+03
                 800        8.657900e-05        2.590455e+03
                 900        8.635600e-05        2.590455e+03
                1000        8.944100e-05        2.590455e+03
                1100        8.720100e-05        2.590455e+03
                1200        8.749000e-05        2.590455e+03
                1300        8.708300e-05        2.590455e+03
                1400        8.731600e-05        2.590455e+03
                1500        8.778400e-05        2.590455e+03
                1600        8.706900e-05        2.590455e+03
                1700        8.655600e-05        2.590455e+03
                1800        8.717100e-05        2.590455e+03
                1900        1.300060e-04        2.589232e+03
                2000        1.231910e-04        1.125318e+03
                2100        1.067440e-04        1.125318e+03
                2200        1.271860e-04        4.185718e+02
                2300        1.197510e-04        4.185718e+02
                2400        1.287250e-04        8.940382e+01
                2500        1.177270e-04        8.940406e+01
                2600        1.066500e-04        3.031622e+01
                2700        8.891600e-05        3.031622e+01
                2800        8.779400e-05        1.068263e+01
                2900        8.653300e-05        1.068263e+01
                3000        8.706200e-05        3.364293e+00
                3100        8.502200e-05        3.364298e+00
                3200        8.488200e-05        7.654141e-01
                3300        8.508600e-05        7.654322e-01
                3400        8.523900e-05        2.349036e-01
                3500        8.547600e-05        2.349036e-01
                3600        8.465500e-05        6.754352e-02
                3700        8.633200e-05        6.754554e-02
                3800        8.524000e-05        3.074452e-02
                3900        8.759300e-05        3.074452e-02
                4000        8.901400e-05        3.962844e-03
                4100        8.793700e-05        3.962842e-03
                4200        8.695000e-05        1.342791e-03
                4300        8.488600e-05        1.342797e-03
                4400        8.447700e-05        4.136079e-04
                4500        8.463000e-05        4.136079e-04
                4600        8.924100e-05        1.558681e-04
                4700        8.896400e-05        1.558681e-04
                4800        8.903000e-05        4.713092e-05
                4900        8.615900e-05        4.713449e-05
                5000        8.460800e-05        1.011070e-05
                5100        8.405900e-05        1.011090e-05
                5200        8.575500e-05        3.066211e-06
                5300        8.519200e-05        3.066219e-06
                5400        8.732600e-05        1.076952e-06
                5500        9.016400e-05        1.076999e-06
                5600        8.936700e-05        3.390267e-07
                5700        8.897300e-05        3.390361e-07
                5800        9.013100e-05        1.188044e-07
                5900        8.645800e-05        1.188044e-07
                6000        8.560600e-05        3.782937e-08
                6100        8.412600e-05        3.782913e-08
                6200        8.482200e-05        1.742920e-08
                6300        8.516600e-05        1.742920e-08
                6400        9.011300e-05        5.008554e-09
                6500        8.898800e-05        5.008554e-09
                6600        8.527300e-05        1.292932e-09
                6700        8.405100e-05        1.293048e-09
                6800        8.489200e-05        4.510617e-10
                6900        8.498500e-05        4.510617e-10
                7000        8.715800e-05        1.199284e-10
                7100        8.891400e-05        3.496414e-11
                7200        8.464500e-05        3.496507e-11
                7300        8.447600e-05        1.359359e-11
                7400        8.998800e-05        1.359359e-11
                7500        9.001800e-05        5.806799e-12
                7600        9.497400e-05        5.806723e-12
                7700        8.455700e-05        1.699691e-12
                7800        8.484600e-05        1.699691e-12
                7900        8.584200e-05        5.433840e-13
                8000        8.535500e-05        5.433767e-13
                8100        8.587900e-05        1.858299e-13
                8200        8.883500e-05        1.858650e-13
                8300        8.720900e-05        9.054644e-14
                8400        8.905300e-05        9.054467e-14
                8500        7.099500e-05        3.082945e-14
                8600        7.327300e-05        3.082864e-14
                8700        7.060300e-05        1.003175e-14
                8800        7.447700e-05        1.003175e-14
                8900        7.421300e-05        2.898932e-15
                9000        7.634400e-05        2.898932e-15
                9100        7.483200e-05        1.484035e-15
                9200        7.558800e-05        1.484012e-15
                9300        7.159200e-05        5.542466e-16
                9400        7.728000e-05        5.542466e-16
                9500        7.429000e-05        1.599047e-16
                9600        7.694600e-05        1.599047e-16
                9700        7.512400e-05        4.340391e-17
                9800        7.770500e-05        4.340391e-17
                9900        7.283800e-05        1.414275e-17
               10000        7.725300e-05        1.414275e-17
               10100        7.394100e-05        4.330924e-18
               10200        7.619900e-05        4.330924e-18
               10300        7.406800e-05        1.336339e-18
               10400        7.626400e-05        1.336345e-18
               10500        7.440000e-05        4.802388e-19
               10600        7.517400e-05        4.802388e-19
               10700        7.678900e-05        1.305035e-19
               10800        9.346600e-05        1.305035e-19
               10900        1.017010e-04        4.733350e-20
               11000        9.389700e-05        4.733102e-20
               11100        9.416500e-05        1.673179e-20
               11200        9.550800e-05        1.673168e-20
               11300        9.493000e-05        6.059770e-21
               11400        9.392800e-05        6.061378e-21
               11500        9.423400e-05        2.299575e-21
               11600        7.714000e-05        2.300923e-21
               11700        7.194300e-05        1.082584e-21
               11800        9.245100e-05        1.082584e-21
               11900        9.249700e-05        2.861317e-22
               12000        9.256500e-05        2.861311e-22
               12100        9.226100e-05        1.064720e-22
               12200        9.617200e-05        1.064727e-22
               12300        9.585700e-05        4.454460e-23
               12400        9.343200e-05        4.454470e-23
               12500        9.244300e-05        1.871666e-23
               12600        9.360300e-05        5.989433e-24
               12700        9.296000e-05        5.989433e-24
               12800        9.339100e-05        2.377911e-24
               12900        9.100600e-05        2.377427e-24
               13000        9.163100e-05        8.848347e-25
               13100        9.066500e-05        8.848347e-25
               13200        9.378900e-05        3.002212e-25
               13300        9.072100e-05        3.001560e-25
               13400        9.431500e-05        1.288481e-25
               13500        9.456400e-05        1.288481e-25
               13600        9.451500e-05        5.289940e-26
               13700        1.035840e-04        5.289940e-26
               13800        9.734800e-05        1.923594e-26
               13900        9.337900e-05        1.923826e-26
               14000        9.277200e-05        6.329446e-27
               14100        9.271600e-05        6.329446e-27
               14200        9.400300e-05        3.342121e-27
               14300        9.638300e-05        3.342121e-27
               14400        9.555000e-05        1.656413e-27
               14500        9.262100e-05        1.656413e-27
               14600        9.175000e-05        1.656413e-27
               14700        9.350700e-05        8.555984e-28
               14800        9.497300e-05        8.391483e-28
               14900        9.371500e-05        6.256394e-28
               15000        9.105000e-05        5.931934e-28
               15100        9.750600e-05        3.590763e-28
               15200        9.735000e-05        3.751813e-28
               15300        9.443800e-05        4.425721e-28
               15400        9.397200e-05        4.562333e-28
               15500        9.355500e-05        3.766197e-28
               15600        9.243100e-05        3.670579e-28
               15700        9.173300e-05        3.302496e-28
               15800        9.237100e-05        3.791193e-28
               15900        9.305000e-05        3.878136e-28
               16000        9.425400e-05        3.762725e-28
               16100        9.232200e-05        3.669704e-28
               16200        9.581700e-05        3.498158e-28
               16300        9.364800e-05        3.105815e-28
               16400        9.022800e-05        2.582085e-28
               16500        7.516000e-05        2.566110e-28
               16600        7.172100e-05        2.729340e-28
               16700        7.377200e-05        2.973438e-28
               16800        7.117100e-05        2.879240e-28
               16900        7.376400e-05        3.574307e-28
               17000        7.227100e-05        3.574307e-28
               17100        7.352600e-05        3.362481e-28
               17200        7.069600e-05        3.362481e-28
               17300        7.293700e-05        3.428800e-28
               17400        7.179900e-05        3.428800e-28
               17500        7.144600e-05        4.128400e-28
               17600        7.078500e-05        4.128400e-28
               17700        7.134600e-05        3.948099e-28
               17800        7.170200e-05        3.948099e-28
               17900        7.111400e-05        3.190019e-28
               18000        7.163800e-05        3.190019e-28
               18100        7.322600e-05        4.036399e-28
               18200        7.404700e-05        4.036399e-28
               18300        7.319900e-05        4.659523e-28
               18400        7.235500e-05        4.659523e-28
               18500        6.966900e-05        4.659523e-28
               18600        7.174400e-05        3.394894e-28
               18700        7.366800e-05        3.488438e-28
               18800        7.349600e-05        3.488438e-28
               18900        7.288700e-05        3.192419e-28
               19000        7.276400e-05        3.192419e-28
               19100        7.138900e-05        3.079218e-28
               19200        7.341100e-05        3.079218e-28
               19300        7.441600e-05        3.157101e-28
               19400        7.275700e-05        3.157101e-28
               19500        7.058500e-05        3.376239e-28
               19600        7.215300e-05        3.376239e-28
               19700        7.233000e-05        3.363224e-28
               19800        7.179400e-05        3.363224e-28
               19900        7.431500e-05        3.676884e-28
               20000        7.135300e-05        3.676884e-28
               20100        7.405800e-05        3.471488e-28
               20200        7.054700e-05        3.471488e-28
               20300        7.489700e-05        3.890742e-28
               20400        9.061300e-05        3.890742e-28
               20500        9.187900e-05        3.652294e-28
               20600        9.402500e-05        3.652294e-28
               20700        7.665700e-05        3.389736e-28
               20800        7.149900e-05        3.389736e-28
               20900        7.137300e-05        3.241328e-28
               21000        7.005800e-05        3.241328e-28
               21100        7.307400e-05        3.454735e-28
               21200        7.170400e-05        3.454735e-28
               21300        7.280500e-05        3.658080e-28
               21400        7.067900e-05        3.658080e-28
               21500        7.253300e-05        3.210444e-28
               21600        6.948100e-05        3.210444e-28
               21700        7.194000e-05        3.292037e-28
               21800        7.043700e-05        3.292037e-28
               21900        7.343000e-05        2.930574e-28
               22000        7.141300e-05        2.930574e-28
               22100        7.301300e-05        2.240957e-28
               22200        7.237300e-05        2.240957e-28
               22300        7.421300e-05        3.253078e-28
               22400        7.247000e-05        3.253078e-28
               22500        7.429600e-05        3.080791e-28
               22600        7.248500e-05        3.080791e-28
               22700        7.205300e-05        2.716466e-28
               22800        7.262100e-05        2.716466e-28
               22900        7.390100e-05        2.420363e-28
               23000        7.109000e-05        2.420363e-28
               23100        7.421400e-05        2.555256e-28
               23200        8.911800e-05        2.555256e-28
               23300        9.256900e-05        2.648473e-28
               23400        8.980900e-05        2.648473e-28
               23500        9.108300e-05        2.886952e-28
               23600        8.926900e-05        2.886952e-28
               23700        9.292000e-05        2.885504e-28
               23800        9.088000e-05        2.885504e-28
               23900        9.199800e-05        3.176204e-28
               24000        9.025800e-05        3.176204e-28
               24100        8.984800e-05        2.669658e-28
               24200        1.028960e-04        2.669658e-28
               24300        9.056700e-05        2.645934e-28
               24400        9.044600e-05        2.645934e-28
               24500        9.284000e-05        2.619358e-28
               24600        9.019200e-05        2.619358e-28
               24700        9.103300e-05        2.542663e-28
               24800        8.880200e-05        2.542663e-28
               24900        9.064700e-05        2.548601e-28
               25000        8.944100e-05        2.548601e-28
               25100        9.228600e-05        2.861419e-28
               25200        8.555700e-05        2.861419e-28
               25300        8.688600e-05        2.986983e-28
               25400        8.824900e-05        2.986983e-28
               25500        8.946200e-05        2.734383e-28
               25600        8.837500e-05        2.734383e-28
               25700        8.902800e-05        2.417902e-28
               25800        8.994400e-05        2.417902e-28
               25900        8.726200e-05        2.471497e-28
               26000        8.701200e-05        2.471497e-28
               26100        9.010700e-05        2.393990e-28
               26200        8.808500e-05        2.393990e-28
               26300        9.012100e-05        2.659105e-28
               26400        8.995900e-05        2.659105e-28
               26500        9.506700e-05        2.748986e-28
               26600        8.834700e-05        2.748986e-28
               26700        9.005600e-05        2.605357e-28
               26800        9.237000e-05        2.605357e-28
               26900        7.219400e-05        2.342799e-28
               27000        7.411900e-05        2.342799e-28
               27100        9.147800e-05        2.251033e-28
               27200        9.148300e-05        2.251033e-28
               27300        9.068500e-05        2.596731e-28
               27400        8.945700e-05        2.596731e-28
               27500        9.098500e-05        2.600448e-28
               27600        8.946300e-05        2.600448e-28
               27700        8.944800e-05        2.726932e-28
               27800        9.212100e-05        2.726932e-28
               27900        9.258800e-05        3.047124e-28
               28000        9.244200e-05        3.047124e-28
               28100        9.171100e-05        3.047124e-28
               28200        7.193800e-05        3.145504e-28
               28300        7.408400e-05        2.665506e-28
               28400        7.054900e-05        2.692359e-28
               28500        7.310800e-05        2.509943e-28
               28600        7.259100e-05        2.476764e-28
               28700        7.108700e-05        2.466290e-28
               28800        7.439400e-05        2.398848e-28
               28900        7.636300e-05        2.462928e-28
               29000        6.966700e-05        2.748700e-28
               29100        7.459200e-05        2.829235e-28
               29200        7.238200e-05        2.909695e-28
               29300        7.312000e-05        2.886785e-28
               29400        8.973900e-05        2.814976e-28
               29500        9.101700e-05        2.963384e-28
               29600        9.317100e-05        3.118251e-28
               29700        9.765100e-05        3.036667e-28
               29800        8.990400e-05        3.006804e-28
               29900        9.087100e-05        3.293090e-28
               30000        8.788700e-05        3.210635e-28
               30100        9.230100e-05        2.964514e-28
               30200        8.982700e-05        2.764208e-28
               30300        8.879000e-05        2.715953e-28
               30400        9.018900e-05        2.512088e-28
               30500        9.231100e-05        2.200886e-28
               30600        9.004200e-05        2.292606e-28
               30700        9.175800e-05        3.022777e-28
               30800        9.068400e-05        2.596338e-28
               30900        9.264300e-05        2.921826e-28
               31000        9.032900e-05        2.829325e-28
               31100        9.010400e-05        3.003658e-28
               31200        8.757400e-05        3.138362e-28
               31300        9.047000e-05        2.524644e-28
               31400        9.176400e-05        2.606141e-28
               31500        8.905000e-05        2.812941e-28
               31600        8.724600e-05        2.887053e-28
               31700        8.849800e-05        2.749683e-28
               31800        8.882200e-05        3.050819e-28
               31900        8.916700e-05        3.014863e-28
               32000        9.308500e-05        2.959907e-28
               32100        9.071000e-05        2.959907e-28
               32200        9.399700e-05        2.700693e-28
               32300        9.401000e-05        2.700693e-28
               32400        9.448000e-05        2.501234e-28
               32500        9.507700e-05        2.501234e-28
               32600        9.277600e-05        3.100102e-28
               32700        9.552500e-05        3.064339e-28
               32800        9.885300e-05        3.241888e-28
               32900        1.019090e-04        3.151893e-28
               33000        9.708100e-05        3.071178e-28
               33100        7.153900e-05        2.847789e-28
               33200        8.352000e-05        2.926969e-28
               33300        9.684100e-05        2.663093e-28
               33400        9.767600e-05        2.828909e-28
               33500        9.559500e-05        3.624096e-28
               33600        9.711100e-05        3.738999e-28
               33700        9.767100e-05        3.469670e-28
               33800        9.479300e-05        3.410357e-28
               33900        9.657600e-05        2.938997e-28
               34000        9.492100e-05        3.096173e-28
               34100        9.503000e-05        3.065175e-28
               34200        9.853600e-05        2.973489e-28
               34300        9.805500e-05        3.069823e-28
               34400        1.001580e-04        2.857497e-28
               34500        9.989200e-05        2.561336e-28
               34600        9.603100e-05        2.536640e-28
               34700        9.605900e-05        3.173748e-28
               34800        7.353300e-05        3.278347e-28
               34900        8.278800e-05        3.482903e-28
               35000        9.550500e-05        3.796798e-28
               35100        9.574500e-05        3.796798e-28
               35200        9.590800e-05        3.415207e-28
               35300        9.609000e-05        3.415207e-28
               35400        9.722100e-05        3.001836e-28
               35500        9.786000e-05        3.001836e-28
               35600        9.620000e-05        3.110274e-28
               35700        9.759900e-05        3.110274e-28
               35800        9.359300e-05        2.950906e-28
               35900        9.927800e-05        2.950906e-28
               36000        7.373400e-05        3.599225e-28
               36100        8.895700e-05        3.599225e-28
               36200        9.351300e-05        3.297622e-28
               36300        9.618900e-05        3.297622e-28
               36400        7.501100e-05        3.522993e-28
               36500        8.484300e-05        3.522993e-28
               36600        9.567000e-05        4.213833e-28
               36700        9.764400e-05        4.213833e-28
               36800        1.005190e-04        3.483138e-28
               36900        9.799300e-05        3.483138e-28
               37000        9.912900e-05        2.931850e-28
               37100        9.725500e-05        2.931850e-28
               37200        9.632300e-05        2.924010e-28
               37300        9.793400e-05        2.924010e-28
               37400        9.724100e-05        2.905259e-28
               37500        9.591700e-05        2.905259e-28
               37600        1.034290e-04        2.811440e-28
               37700        9.516700e-05        2.811440e-28
               37800        9.716900e-05        3.058613e-28
               37900        9.761900e-05        3.058613e-28
               38000        9.920500e-05        3.055198e-28
               38100        9.938800e-05        3.055198e-28
               38200        9.847800e-05        2.717853e-28
               38300        9.677400e-05        2.717853e-28
               38400        7.565400e-05        3.506035e-28
               38500        8.198700e-05        3.506035e-28
               38600        9.718400e-05        3.521837e-28
               38700        9.975900e-05        3.521837e-28
               38800        9.777100e-05        3.602117e-28
               38900        9.694400e-05        3.602117e-28
               39000        9.617400e-05        3.567937e-28
               39100        9.733300e-05        3.567937e-28
               39200        9.664400e-05        3.758829e-28
               39300        9.775100e-05        3.758829e-28
               39400        7.444100e-05        3.858113e-28
               39500        8.077000e-05        3.858113e-28
               39600        9.581100e-05        4.077076e-28
               39700        9.586100e-05        4.077076e-28
               39800        9.653400e-05        3.704886e-28
               39900        9.828200e-05        3.704886e-28
               40000        9.820500e-05        3.457562e-28
               40100        9.744100e-05        3.457562e-28
               40200        7.377900e-05        3.268375e-28
               40300        8.263200e-05        3.268375e-28
               40400        9.478100e-05        3.382382e-28
               40500        9.744400e-05        3.382382e-28
               40600        9.852800e-05        3.063174e-28
               40700        9.890700e-05        3.063174e-28
               40800        1.010400e-04        2.634564e-28
               40900        9.768300e-05        2.634564e-28
               41000        9.700400e-05        2.758838e-28
               41100        9.774300e-05        2.758838e-28
               41200        9.531000e-05        2.379782e-28
               41300        9.774900e-05        2.379782e-28
               41400        9.546200e-05        2.575931e-28
               41500        1.035460e-04        2.575931e-28
               41600        9.560200e-05        2.352937e-28
               41700        9.652800e-05        2.352937e-28
               41800        9.727000e-05        2.967077e-28
               41900        9.289300e-05        2.967077e-28
               42000        9.557100e-05        2.736244e-28
               42100        9.602800e-05        2.736244e-28
               42200        9.885900e-05        2.145015e-28
               42300        9.529200e-05        2.145015e-28
               42400        1.001980e-04        2.259675e-28
               42500        9.679900e-05        2.273428e-28
               42600        9.717500e-05        2.273428e-28
               42700        9.920000e-05        2.269109e-28
               42800        9.480200e-05        2.269109e-28
               42900        9.838900e-05        2.186399e-28
               43000        9.635500e-05        2.186399e-28
               43100        9.679500e-05        2.302361e-28
               43200        9.870700e-05        2.302361e-28
               43300        9.965300e-05        2.781365e-28
               43400        1.003700e-04        2.781365e-28
               43500        9.724200e-05        2.754567e-28
               43600        9.897400e-05        2.754074e-28
               43700        9.558800e-05        2.416279e-28
               43800        9.586500e-05        2.416279e-28
               43900        9.781200e-05        2.747891e-28
               44000        9.843300e-05        2.747891e-28
               44100        9.747600e-05        2.568945e-28
               44200        7.497700e-05        2.568945e-28
               44300        8.150600e-05        2.505185e-28
               44400        9.367000e-05        2.505185e-28
               44500        9.725800e-05        2.271627e-28
               44600        9.555100e-05        2.271627e-28
               44700        9.714600e-05        2.566228e-28
               44800        9.517100e-05        2.675219e-28
               44900        9.520000e-05        2.536965e-28
               45000        9.644800e-05        2.638911e-28
               45100        7.486700e-05        2.578803e-28
               45200        8.117500e-05        2.774425e-28
               45300        9.504700e-05        2.768613e-28
               45400        9.735900e-05        3.193506e-28
               45500        9.440500e-05        2.562063e-28
               45600        9.901400e-05        2.423072e-28
               45700        1.019400e-04        2.099154e-28
               45800        9.798700e-05        2.099154e-28
               45900        8.092500e-05        2.201663e-28
               46000        7.573400e-05        2.201663e-28
               46100        8.011000e-05        2.218360e-28
               46200        9.909400e-05        2.218360e-28
               46300        9.972700e-05        2.161923e-28
               46400        9.841800e-05        2.161923e-28
               46500        9.768400e-05        2.033095e-28
               46600        9.468500e-05        2.033095e-28
               46700        9.337800e-05        2.435295e-28
               46800        9.785000e-05        2.435295e-28
               46900        9.586700e-05        2.875493e-28
               47000        9.282800e-05        2.875493e-28
               47100        9.752100e-05        2.549850e-28
               47200        9.851600e-05        2.549850e-28
               47300        9.593200e-05        2.468612e-28
               47400        9.475200e-05        2.468612e-28
               47500        9.508800e-05        2.957089e-28
               47600        9.239800e-05        2.957089e-28
               47700        9.548300e-05        2.590232e-28
               47800        9.754100e-05        2.590232e-28
               47900        9.397400e-05        3.003613e-28
               48000        9.517500e-05        3.003613e-28
               48100        9.199700e-05        3.093772e-28
               48200        9.365900e-05        3.093772e-28
               48300        9.562400e-05        2.897880e-28
               48400        9.590200e-05        2.897880e-28
               48500        9.566900e-05        2.892242e-28
               48600        9.478900e-05        2.892242e-28
               48700        9.678000e-05        2.959009e-28
               48800        9.428200e-05        2.959009e-28
               48900        9.782000e-05        2.890086e-28
               49000        9.687900e-05        2.890086e-28
               49100        9.722000e-05        3.059694e-28
               49200        9.916700e-05        3.059694e-28
               49300        9.676500e-05        3.345880e-28
               49400        9.998600e-05        3.345880e-28
               49500        9.430900e-05        2.584277e-28
               49600        9.516900e-05        2.584277e-28
               49700        9.442600e-05        2.497045e-28
               49800        9.600200e-05        2.497045e-28
               49900        9.739900e-05        2.974009e-28
               50000        9.980500e-05        2.974009e-28
               50100        1.014050e-04        3.593159e-28
               50200        9.673100e-05        3.593159e-28
               50300        9.908700e-05        2.874124e-28
               50400        9.953000e-05        2.874124e-28
               50500        1.002380e-04        3.046333e-28
               50600        9.405000e-05        3.046333e-28
               50700        9.849800e-05        2.977856e-28
               50800        9.734100e-05        2.977856e-28
               50900        9.475500e-05        3.038089e-28
               51000        9.658100e-05        3.038089e-28
               51100        9.562200e-05        2.880079e-28
               51200        9.474900e-05        2.880079e-28
               51300        9.666500e-05        2.527374e-28
               51400        9.760300e-05        2.527374e-28
               51500        9.714800e-05        2.489073e-28
               51600        9.719300e-05        2.489073e-28
               51700        9.832300e-05        2.696216e-28
               51800        9.802200e-05        2.696216e-28
               51900        9.619800e-05        2.812997e-28
               52000        7.429500e-05        2.812997e-28
               52100        8.162500e-05        2.878394e-28
               52200        9.727500e-05        2.878394e-28
               52300        9.936800e-05        3.060659e-28
               52400        9.710900e-05        3.060659e-28
               52500        9.647200e-05        2.949851e-28
               52600        1.005330e-04        2.949851e-28
               52700        9.756400e-05        3.015049e-28
               52800        9.790800e-05        3.015049e-28
               52900        9.667000e-05        3.207719e-28
               53000        9.922000e-05        3.207719e-28
               53100        9.994500e-05        3.207719e-28
               53200        9.355200e-05        3.237009e-28
               53300        9.625900e-05        3.841078e-28
               53400        9.419100e-05        3.841078e-28
               53500        9.516900e-05        3.808292e-28
               53600        9.522000e-05        3.808292e-28
               53700        9.343600e-05        3.328216e-28
               53800        9.680000e-05        3.328216e-28
               53900        9.751400e-05        3.701290e-28
               54000        9.828500e-05        3.701290e-28
               54100        9.740500e-05        3.089512e-28
               54200        9.537300e-05        3.089512e-28
               54300        9.591400e-05        2.194762e-28
               54400        9.746100e-05        2.194762e-28
               54500        9.635600e-05        2.493966e-28
               54600        9.550500e-05        2.493966e-28
               54700        9.483200e-05        2.140434e-28
               54800        9.517600e-05        2.140434e-28
               54900        9.743900e-05        2.621278e-28
               55000        9.388100e-05        2.621278e-28
               55100        9.458900e-05        2.300975e-28
               55200        9.671800e-05        2.300975e-28
               55300        8.140500e-05        2.225400e-28
               55400        8.307500e-05        2.225400e-28
               55500        9.552800e-05        1.998578e-28
               55600        9.535100e-05        1.998578e-28
               55700        9.456400e-05        2.008200e-28
               55800        9.353500e-05        2.391189e-28
               55900        9.690400e-05        2.391189e-28
               56000        9.321600e-05        2.894404e-28
               56100        9.761800e-05        2.894404e-28
               56200        9.508300e-05        2.894404e-28
               56300        9.642100e-05        3.168853e-28
               56400        9.617500e-05        3.214838e-28
               56500        9.786800e-05        3.214838e-28
               56600        9.855100e-05        2.690490e-28
               56700        8.018800e-05        2.690490e-28
               56800        8.199700e-05        3.311028e-28
               56900        9.577100e-05        3.311028e-28
               57000        9.331100e-05        3.222317e-28
               57100        9.988300e-05        3.222317e-28
               57200        9.854400e-05        2.797312e-28
               57300        1.003710e-04        2.797312e-28
               57400        9.649400e-05        2.313182e-28
               57500        9.590200e-05        2.313182e-28
               57600        9.750100e-05        2.697355e-28
               57700        1.006150e-04        2.697355e-28
               57800        1.008070e-04        2.373446e-28
               57900        9.973300e-05        2.373446e-28
               58000        9.812900e-05        2.498696e-28
               58100        1.051640e-04        2.443360e-28
               58200        9.543500e-05        2.443360e-28
               58300        9.728500e-05        2.443360e-28
               58400        9.693500e-05        2.640487e-28
               58500        9.608700e-05        2.938381e-28
               58600        9.925200e-05        2.938381e-28
               58700        7.411000e-05        2.887078e-28
               58800        8.356700e-05        2.887078e-28
               58900        9.486700e-05        2.263790e-28
               59000        9.577600e-05        2.325028e-28
               59100        9.796100e-05        2.325028e-28
               59200        9.973300e-05        2.402878e-28
               59300        1.008470e-04        2.402878e-28
               59400        9.865300e-05        2.175180e-28
               59500        9.785300e-05        2.175180e-28
               59600        9.922000e-05        2.479241e-28
               59700        9.721200e-05        2.479241e-28
               59800        9.577500e-05        2.271025e-28
               59900        9.786300e-05        2.271025e-28
               60000        9.730600e-05        2.243462e-28
               60100        9.703500e-05        2.243462e-28
               60200        9.990800e-05        2.662886e-28
               60300        9.929100e-05        2.591391e-28
               60400        9.819300e-05        2.591391e-28
               60500        9.441300e-05        3.252771e-28
               60600        9.785400e-05        3.252771e-28
               60700        9.797500e-05        2.266514e-28
               60800        9.851300e-05        2.266514e-28
               60900        9.681900e-05        2.596828e-28
               61000        9.604800e-05        2.596828e-28
               61100        7.521400e-05        2.674074e-28
               61200        8.283900e-05        2.674074e-28
               61300        9.734900e-05        2.486874e-28
               61400        9.494700e-05        2.486874e-28
               61500        9.924000e-05        2.753841e-28
               61600        9.716400e-05        2.753841e-28
               61700        9.922000e-05        2.534586e-28
               61800        1.000960e-04        2.534586e-28
               61900        9.567200e-05        2.213743e-28
               62000        9.586100e-05        2.213743e-28
               62100        9.885000e-05        1.771802e-28
               62200        9.707800e-05        1.771802e-28
               62300        9.556000e-05        1.908101e-28
               62400        9.866600e-05        1.908101e-28
               62500        9.799900e-05        1.908101e-28
               62600        9.672400e-05        2.707042e-28
               62700        9.700000e-05        2.531216e-28
               62800        9.751400e-05        2.531216e-28
               62900        9.730100e-05        2.709689e-28
               63000        9.376700e-05        2.709689e-28
               63100        9.916300e-05        2.601866e-28
               63200        9.889200e-05        2.601866e-28
               63300        9.932100e-05        2.479042e-28
               63400        9.762200e-05        2.479042e-28
               63500        9.963500e-05        2.769609e-28
               63600        1.048540e-04        2.769609e-28
               63700        9.475800e-05        2.303590e-28
               63800        9.644900e-05        2.303590e-28
               63900        9.660100e-05        2.204459e-28
               64000        9.890800e-05        2.204459e-28
               64100        9.619800e-05        2.462283e-28
               64200        9.723400e-05        2.462283e-28
               64300        9.896700e-05        2.462283e-28
               64400        9.573700e-05        2.574588e-28
               64500        9.806000e-05        2.633424e-28
               64600        9.863600e-05        2.633424e-28
               64700        7.670300e-05        2.321882e-28
               64800        8.277600e-05        2.321882e-28
               64900        9.446900e-05        2.524180e-28
               65000        9.638600e-05        2.524180e-28
               65100        9.659300e-05        2.763771e-28
               65200        9.857100e-05        2.763771e-28
               65300        9.614700e-05        2.488080e-28
               65400        7.500400e-05        2.488080e-28
               65500        8.210800e-05        2.500708e-28
               65600        9.916400e-05        2.500708e-28
               65700        9.845700e-05        2.500708e-28
               65800        9.729700e-05        2.842992e-28
               65900        9.480000e-05        2.691012e-28
               66000        9.374700e-05        2.698901e-28
               66100        9.673900e-05        2.667637e-28
               66200        9.690400e-05        2.476791e-28
               66300        9.834700e-05        2.476791e-28
               66400        9.369100e-05        2.628676e-28
               66500        9.379400e-05        2.628676e-28
               66600        9.856100e-05        2.346452e-28
               66700        9.382500e-05        2.346452e-28
               66800        9.315900e-05        2.279054e-28
               66900        1.033870e-04        2.279054e-28
               67000        9.673200e-05        2.589631e-28
               67100        1.005380e-04        2.589631e-28
               67200        9.729900e-05        2.733170e-28
               67300        9.774200e-05        2.733170e-28
               67400        9.705400e-05        2.357314e-28
               67500        9.564300e-05        2.357314e-28
               67600        9.718000e-05        2.259571e-28
               67700        9.818200e-05        2.259571e-28
               67800        9.363900e-05        2.874319e-28
               67900        9.516400e-05        2.874319e-28
               68000        9.598300e-05        2.610239e-28
               68100        9.712800e-05        2.610239e-28
               68200        9.416700e-05        2.665701e-28
               68300        9.463200e-05        2.665701e-28
               68400        9.496400e-05        2.998080e-28
               68500        9.615800e-05        2.998080e-28
               68600        9.486600e-05        2.938901e-28
               68700        9.723500e-05        2.938901e-28
               68800        9.673300e-05        3.026555e-28
               68900        9.641700e-05        3.026555e-28
               69000        1.050100e-04        3.063959e-28
               69100        9.624500e-05        3.063959e-28
               69200        9.973200e-05        2.532865e-28
               69300        7.453200e-05        2.532865e-28
               69400        8.436800e-05        2.030654e-28
               69500        9.896900e-05        2.030654e-28
               69600        9.653000e-05        2.258524e-28
               69700        9.293200e-05        2.258524e-28
               69800        7.425000e-05        2.527202e-28
               69900        8.316800e-05        2.527202e-28
               70000        9.228000e-05        2.078415e-28
               70100        9.419900e-05        2.078415e-28
               70200        9.828700e-05        2.097018e-28
               70300        9.706800e-05        2.097018e-28
               70400        9.429800e-05        2.086358e-28
               70500        9.742700e-05        2.086358e-28
               70600        9.768900e-05        2.258905e-28
               70700        9.509400e-05        2.258905e-28
               70800        9.796200e-05        2.263489e-28
               70900        9.713400e-05        2.009854e-28
               71000        9.802600e-05        2.009854e-28
               71100        9.723200e-05        2.197395e-28
               71200        9.389200e-05        2.197395e-28
               71300        9.682700e-05        2.076849e-28
               71400        9.380200e-05        2.076849e-28
               71500        9.629100e-05        2.312938e-28
               71600        9.588100e-05        2.312938e-28
               71700        1.002580e-04        2.323120e-28
               71800        9.622900e-05        2.323120e-28
               71900        9.653700e-05        2.528196e-28
               72000        9.885500e-05        2.528196e-28
               72100        9.599400e-05        2.624706e-28
               72200        9.656700e-05        2.624706e-28
               72300        7.454800e-05        2.778165e-28
               72400        8.258400e-05        2.778165e-28
               72500        9.590700e-05        2.642313e-28
               72600        9.239300e-05        2.642313e-28
               72700        9.717100e-05        2.648878e-28
               72800        9.925700e-05        2.648878e-28
               72900        9.737900e-05        2.460655e-28
               73000        9.825200e-05        2.460655e-28
               73100        9.617900e-05        2.608199e-28
               73200        9.508900e-05        2.608199e-28
               73300        9.450700e-05        2.911436e-28
               73400        9.504600e-05        2.956256e-28
               73500        9.438700e-05        2.956256e-28
               73600        9.560600e-05        3.149452e-28
               73700        9.416500e-05        3.149452e-28
               73800        9.639300e-05        2.833580e-28
               73900        9.706500e-05        2.833580e-28
               74000        7.729800e-05        3.513527e-28
               74100        8.150200e-05        3.513527e-28
               74200        9.838700e-05        3.099937e-28
               74300        7.541300e-05        3.099937e-28
               74400        8.302200e-05        2.807780e-28
               74500        9.781300e-05        2.807780e-28
               74600        9.691000e-05        2.811501e-28
               74700        9.708100e-05        2.811501e-28
               74800        9.715100e-05        2.811501e-28
               74900        9.840000e-05        3.046229e-28
               75000        9.612200e-05        2.822248e-28
               75100        9.574400e-05        2.822248e-28
               75200        9.801700e-05        2.701276e-28
               75300        9.630000e-05        2.701276e-28
               75400        9.556900e-05        2.389674e-28
               75500        9.870200e-05        2.389674e-28
               75600        9.542700e-05        2.215936e-28
               75700        9.584800e-05        2.215936e-28
               75800        7.469500e-05        2.128035e-28
               75900        8.246000e-05        2.128035e-28
               76000        9.467800e-05        2.117126e-28
               76100        9.907900e-05        2.117126e-28
               76200        9.632800e-05        2.117126e-28
               76300        9.816200e-05        2.123921e-28
               76400        1.007810e-04        2.185732e-28
               76500        9.949800e-05        2.086249e-28
               76600        1.002010e-04        2.086249e-28
               76700        9.977900e-05        1.715518e-28
               76800        9.558200e-05        1.715518e-28
               76900        9.684700e-05        2.546091e-28
               77000        9.668000e-05        2.546091e-28
               77100        9.722100e-05        2.499583e-28
               77200        9.894300e-05        2.499583e-28
               77300        9.793200e-05        2.192587e-28
               77400        9.913600e-05        2.192587e-28
               77500        9.909700e-05        2.295260e-28
               77600        9.873500e-05        2.295260e-28
               77700        8.027700e-05        2.292012e-28
               77800        8.477000e-05        2.292012e-28
               77900        9.892600e-05        1.808642e-28
               78000        1.002560e-04        1.808642e-28
               78100        9.688400e-05        2.145325e-28
               78200        1.003530e-04        2.145325e-28
               78300        9.940300e-05        2.929351e-28
               78400        9.342200e-05        2.929351e-28
               78500        9.861000e-05        2.787047e-28
               78600        9.762400e-05        2.781130e-28
               78700        1.025340e-04        2.754397e-28
               78800        9.659600e-05        2.754397e-28
               78900        9.745700e-05        2.697904e-28
               79000        1.000830e-04        2.697904e-28
               79100        9.801400e-05        3.009365e-28
               79200        9.813600e-05        3.009365e-28
               79300        9.830400e-05        2.901011e-28
               79400        1.025680e-04        2.901011e-28
               79500        9.892100e-05        2.907581e-28
               79600        9.826700e-05        2.907581e-28
               79700        9.831600e-05        2.770613e-28
               79800        9.556600e-05        2.770613e-28
               79900        1.002480e-04        2.418809e-28
               80000        9.896500e-05        2.418809e-28
               80100        7.371800e-05        2.610261e-28
               80200        8.626000e-05        2.610261e-28
               80300        9.832300e-05        2.418993e-28
               80400        8.064700e-05        2.418993e-28
               80500        8.537000e-05        2.751356e-28
               80600        1.010670e-04        2.751356e-28
               80700        9.814700e-05        3.431005e-28
               80800        9.841000e-05        3.431005e-28
               80900        9.715300e-05        2.853099e-28
               81000        9.748700e-05        2.853099e-28
               81100        1.001300e-04        2.986197e-28
               81200        9.612700e-05        2.986197e-28
               81300        7.759400e-05        2.712664e-28
               81400        8.220400e-05        2.712664e-28
               81500        9.884400e-05        2.562315e-28
               81600        9.783400e-05        2.562315e-28
               81700        9.747400e-05        2.667464e-28
               81800        9.581300e-05        2.667464e-28
               81900        9.387100e-05        2.855850e-28
               82000        9.850600e-05        2.855850e-28
               82100        9.752700e-05        2.863884e-28
               82200        9.960600e-05        2.863884e-28
               82300        9.729600e-05        2.527144e-28
               82400        9.630100e-05        2.527144e-28
               82500        9.787900e-05        2.370791e-28
               82600        9.811900e-05        2.370791e-28
               82700        9.569000e-05        2.653467e-28
               82800        9.754100e-05        2.653467e-28
               82900        9.685200e-05        2.614805e-28
               83000        9.438300e-05        2.614805e-28
               83100        9.771400e-05        2.454820e-28
               83200        9.995700e-05        2.454820e-28
               83300        9.672200e-05        2.451101e-28
               83400        9.693800e-05        2.451101e-28
               83500        9.987100e-05        2.901815e-28
               83600        9.709300e-05        2.901815e-28
               83700        9.662400e-05        3.029965e-28
               83800        9.635300e-05        3.029965e-28
               83900        9.438600e-05        2.897927e-28
               84000        9.941500e-05        2.897927e-28
               84100        9.751900e-05        2.852222e-28
               84200        9.715900e-05        2.852222e-28
               84300        9.671100e-05        2.760911e-28
               84400        9.457800e-05        2.760911e-28
               84500        9.432400e-05        2.590540e-28
               84600        9.870400e-05        2.590540e-28
               84700        9.665100e-05        2.756078e-28
               84800        9.720700e-05        2.756078e-28
               84900        9.752100e-05        2.797173e-28
               85000        9.805300e-05        2.797173e-28
               85100        1.009550e-04        2.600091e-28
               85200        9.804200e-05        2.600091e-28
               85300        9.524500e-05        2.272202e-28
               85400        9.364800e-05        2.272202e-28
               85500        9.894200e-05        2.454544e-28
               85600        9.837200e-05        2.454544e-28
               85700        9.550200e-05        2.088977e-28
               85800        9.897600e-05        2.088977e-28
               85900        9.524000e-05        2.165712e-28
               86000        9.724400e-05        2.165712e-28
               86100        9.936600e-05        2.352299e-28
               86200        9.874900e-05        2.352299e-28
               86300        9.580000e-05        2.532791e-28
               86400        9.386000e-05        2.532791e-28
               86500        9.811400e-05        2.804711e-28
               86600        9.820800e-05        2.804711e-28
               86700        9.852900e-05        3.006077e-28
               86800        9.637100e-05        3.006077e-28
               86900        9.819500e-05        2.328383e-28
               87000        9.833100e-05        2.328383e-28
               87100        9.584500e-05        2.210748e-28
               87200        9.747400e-05        2.210748e-28
               87300        9.641400e-05        2.034671e-28
               87400        9.650300e-05        2.034671e-28
               87500        9.667700e-05        2.154420e-28
               87600        9.888300e-05        2.154420e-28
               87700        9.687200e-05        2.325237e-28
               87800        1.011760e-04        2.325237e-28
               87900        9.694800e-05        2.190590e-28
               88000        9.553500e-05        2.190590e-28
               88100        9.519300e-05        2.190590e-28
               88200        9.855100e-05        2.397581e-28
               88300        9.672200e-05        2.239870e-28
               88400        9.685700e-05        2.239870e-28
               88500        9.760100e-05        2.394217e-28
               88600        9.754100e-05        2.394217e-28
               88700        7.459500e-05        2.048881e-28
               88800        8.316000e-05        2.048881e-28
               88900        9.797200e-05        2.697866e-28
               89000        9.300000e-05        2.697866e-28
               89100        9.616900e-05        2.150371e-28
               89200        9.540300e-05        2.150371e-28
               89300        9.471400e-05        2.131372e-28
               89400        9.860500e-05        2.131372e-28
               89500        9.813700e-05        2.526016e-28
               89600        9.835700e-05        2.526016e-28
               89700        9.936200e-05        2.676804e-28
               89800        1.007260e-04        2.676804e-28
               89900        9.651600e-05        2.618699e-28
               90000        9.832400e-05        2.618699e-28
               90100        7.483400e-05        2.319641e-28
               90200        8.538600e-05        2.319641e-28
               90300        7.435700e-05        2.522518e-28
               90400        8.390800e-05        2.522518e-28
               90500        9.497200e-05        2.886766e-28
               90600        9.776100e-05        2.886766e-28
               90700        9.690200e-05        3.068393e-28
               90800        9.927200e-05        3.068393e-28
               90900        9.814500e-05        3.483459e-28
               91000        9.807700e-05        3.483459e-28
               91100        9.503100e-05        3.588910e-28
               91200        9.343100e-05        3.588910e-28
               91300        7.478600e-05        3.132963e-28
               91400        8.436500e-05        3.132963e-28
               91500        7.307600e-05        3.540986e-28
               91600        8.669100e-05        3.338886e-28
               91700        9.562800e-05        3.338886e-28
               91800        9.864800e-05        2.938932e-28
               91900        9.826300e-05        2.938932e-28
               92000        9.460000e-05        3.508278e-28
               92100        9.526400e-05        3.508278e-28
               92200        9.889300e-05        3.504187e-28
               92300        9.768500e-05        3.504187e-28
               92400        9.793700e-05        2.594474e-28
               92500        9.553900e-05        2.594474e-28
               92600        1.003470e-04        2.857566e-28
               92700        9.658700e-05        2.857566e-28
               92800        9.476000e-05        2.711879e-28
               92900        9.889500e-05        2.711879e-28
               93000        9.827200e-05        2.783439e-28
               93100        9.755600e-05        2.783439e-28
               93200        9.426900e-05        3.468659e-28
               93300        9.495200e-05        3.468659e-28
               93400        9.443300e-05        3.582951e-28
               93500        9.539000e-05        3.582951e-28
               93600        9.589000e-05        3.063041e-28
               93700        9.049400e-05        3.063041e-28
               93800        7.929600e-05        2.854740e-28
               93900        7.795500e-05        2.854740e-28
               94000        7.735200e-05        2.818111e-28
               94100        7.586600e-05        2.818111e-28
               94200        7.608300e-05        2.881559e-28
               94300        7.823600e-05        2.881559e-28
               94400        7.796200e-05        2.881559e-28
               94500        7.706800e-05        2.591630e-28
               94600        7.664100e-05        1.945974e-28
               94700        7.956700e-05        1.945974e-28
               94800        7.667900e-05        2.169000e-28
               94900        7.659400e-05        2.169000e-28
               95000        7.781600e-05        2.143344e-28
               95100        7.870400e-05        2.143344e-28
               95200        7.625800e-05        2.341655e-28
               95300        7.678500e-05        2.341655e-28
               95400        7.575600e-05        2.739737e-28
               95500        7.690300e-05        2.739737e-28
               95600        7.639100e-05        2.707364e-28
               95700        7.749200e-05        2.707364e-28
               95800        7.676800e-05        2.652112e-28
               95900        7.785000e-05        2.652112e-28
               96000        7.670600e-05        2.657049e-28
               96100        7.651700e-05        2.657049e-28
               96200        7.570500e-05        2.938930e-28
               96300        7.899300e-05        2.938930e-28
               96400        7.787300e-05        2.992379e-28
               96500        7.965900e-05        2.992379e-28
               96600        7.736800e-05        3.438675e-28
               96700        7.720600e-05        3.438675e-28
               96800        7.745600e-05        2.843616e-28
               96900        7.955000e-05        2.843616e-28
               97000        7.898100e-05        2.843616e-28
               97100        7.703400e-05        2.316723e-28
               97200        7.858800e-05        2.897592e-28
               97300        8.062500e-05        2.897592e-28
               97400        7.732400e-05        2.157540e-28
               97500        7.845300e-05        2.157540e-28
               97600        7.913800e-05        2.776885e-28
               97700        7.497400e-05        2.776885e-28
               97800        7.585000e-05        2.426951e-28
               97900        7.537100e-05        2.426951e-28
               98000        7.760800e-05        2.194799e-28
               98100        7.724700e-05        2.194799e-28
               98200        7.711700e-05        2.372655e-28
               98300        7.541600e-05        2.372655e-28
               98400        7.602700e-05        2.379502e-28
               98500        7.533300e-05        2.379502e-28
               98600        7.756600e-05        2.294880e-28
               98700        7.434500e-05        2.294880e-28
               98800        7.985600e-05        2.146875e-28
               98900        7.776500e-05        2.146875e-28
               99000        7.583100e-05        2.228894e-28
               99100        7.696600e-05        2.228894e-28
               99200        7.477600e-05        2.400073e-28
               99300        7.598600e-05        2.400073e-28
               99400        7.603800e-05        2.699132e-28
               99500        7.624900e-05        2.699132e-28
               99600        7.531300e-05        2.470090e-28
               99700        7.513400e-05        2.470090e-28
               99800        7.380200e-05        2.334631e-28
               99900        7.610400e-05        2.334631e-28
              100000        7.397000e-05        2.601047e-28
