Period: 100
               Epoch           Time cost                Loss
                 100        7.633480e-04        1.766596e+04
                 200        2.476240e-04        1.766596e+04
                 300        2.244090e-04        1.766596e+04
                 400        2.073440e-04        1.766596e+04
                 500        2.343330e-04        1.127406e+04
                 600        2.201230e-04        1.127512e+04
                 700        2.393030e-04        6.860762e+03
                 800        2.193190e-04        6.860761e+03
                 900        2.577170e-04        5.558499e+03
                1000        2.343790e-04        5.558499e+03
                1100        2.142790e-04        4.023244e+03
                1200        2.418020e-04        4.023244e+03
                1300        2.354040e-04        2.068175e+03
                1400        2.397700e-04        2.068762e+03
                1500        2.283030e-04        1.059419e+03
                1600        2.286510e-04        8.985463e+02
                1700        2.131350e-04        8.985314e+02
                1800        2.379930e-04        5.698133e+02
                1900        2.039870e-04        5.698133e+02
                2000        2.570020e-04        5.678684e+02
                2100        2.331770e-04        1.997107e+02
                2200        2.131540e-04        1.997309e+02
                2300        2.542470e-04        1.833312e+02
                2400        2.140290e-04        1.245708e+02
                2500        2.685460e-04        1.245397e+02
                2600        2.402470e-04        7.734071e+01
                2700        2.215940e-04        7.734071e+01
                2800        2.519270e-04        6.058322e+01
                2900        2.453880e-04        6.058322e+01
                3000        2.175580e-04        3.635663e+01
                3100        2.601410e-04        3.635091e+01
                3200        2.466070e-04        3.409628e+01
                3300        2.277180e-04        2.360496e+01
                3400        2.550500e-04        2.360361e+01
                3500        2.361490e-04        1.615904e+01
                3600        2.211190e-04        1.615904e+01
                3700        1.917750e-04        1.613629e+01
                3800        2.556760e-04        1.162272e+01
                3900        2.273030e-04        1.164134e+01
                4000        2.420570e-04        6.414619e+00
                4100        2.098720e-04        5.766783e+00
                4200        2.533070e-04        2.378709e+00
                4300        1.820110e-04        2.378747e+00
                4400        2.678590e-04        2.103978e+00
                4500        2.553480e-04        1.300681e+00
                4600        1.940930e-04        1.113737e+00
                4700        2.576240e-04        1.113728e+00
                4800        2.029620e-04        7.589568e-01
                4900        2.167490e-04        6.621243e-01
                5000        2.502320e-04        5.405649e-01
                5100        2.147920e-04        5.405561e-01
                5200        2.679650e-04        3.753176e-01
                5300        2.385930e-04        2.184442e-01
                5400        2.084970e-04        2.184442e-01
                5500        2.568500e-04        2.185249e-01
                5600        1.928280e-04        8.722981e-02
                5700        2.503430e-04        8.687827e-02
                5800        1.907750e-04        8.701013e-02
                5900        2.691820e-04        4.264711e-02
                6000        2.061740e-04        4.264871e-02
                6100        2.638440e-04        4.264658e-02
                6200        2.199020e-04        3.822523e-02
                6300        2.222470e-04        2.280997e-02
                6400        2.181630e-04        2.281023e-02
                6500        2.327260e-04        2.277873e-02
                6600        2.302540e-04        2.277885e-02
                6700        2.631320e-04        1.138761e-02
                6800        2.330470e-04        1.138872e-02
                6900        2.750880e-04        1.079589e-02
                7000        2.364620e-04        1.079704e-02
                7100        1.798910e-04        1.079589e-02
                7200        2.172050e-04        6.679482e-03
                7300        2.823600e-04        6.678171e-03
                7400        3.187670e-04        4.672148e-03
                7500        3.118000e-04        2.867160e-03
                7600        2.979290e-04        2.867275e-03
                7700        2.820070e-04        1.562111e-03
                7800        3.141500e-04        1.562111e-03
                7900        2.699920e-04        9.940810e-04
                8000        2.452920e-04        9.939786e-04
                8100        2.419420e-04        7.282210e-04
                8200        3.195610e-04        5.278464e-04
                8300        2.312530e-04        5.278032e-04
                8400        2.807660e-04        3.262178e-04
                8500        2.667910e-04        3.262088e-04
                8600        2.555650e-04        3.239186e-04
                8700        2.499820e-04        1.760235e-04
                8800        2.661170e-04        1.760362e-04
                8900        2.706110e-04        1.710508e-04
                9000        3.291290e-04        1.710589e-04
                9100        2.749300e-04        8.982207e-05
                9200        2.681950e-04        8.982438e-05
                9300        2.778790e-04        6.311273e-05
                9400        2.322890e-04        6.311402e-05
                9500        6.470090e-04        4.773638e-05
                9600        3.472000e-04        4.772940e-05
                9700        2.971140e-04        2.612667e-05
                9800        2.567060e-04        2.612810e-05
                9900        2.611060e-04        2.570758e-05
               10000        2.815160e-04        2.570758e-05
               10100        2.946730e-04        1.992606e-05
               10200        2.730160e-04        1.992606e-05
               10300        2.738400e-04        1.324922e-05
               10400        2.852760e-04        1.324922e-05
               10500        2.582130e-04        8.592680e-06
               10600        2.864620e-04        8.592680e-06
               10700        1.878770e-04        6.294962e-06
               10800        2.560500e-04        6.294765e-06
               10900        2.692440e-04        4.899041e-06
               11000        2.514570e-04        4.904629e-06
               11100        2.263370e-04        3.006229e-06
               11200        2.380330e-04        3.003757e-06
               11300        2.096760e-04        2.736325e-06
               11400        3.172880e-04        2.217831e-06
               11500        1.835840e-04        2.217724e-06
               11600        2.854030e-04        2.217831e-06
               11700        2.857870e-04        1.470409e-06
               11800        1.677760e-04        1.102029e-06
               11900        2.774920e-04        1.102082e-06
               12000        1.714940e-04        8.462947e-07
               12100        2.418070e-04        8.462947e-07
               12200        1.618210e-04        6.190418e-07
               12300        2.316150e-04        4.890186e-07
               12400        1.755250e-04        3.989338e-07
               12500        2.753510e-04        2.987545e-07
               12600        2.278540e-04        2.990695e-07
               12700        5.230650e-04        2.990695e-07
               12800        2.239410e-04        2.990695e-07
               12900        2.900240e-04        2.497017e-07
               13000        2.704940e-04        2.497012e-07
               13100        2.798290e-04        2.497009e-07
               13200        2.677550e-04        2.319897e-07
               13300        2.725880e-04        2.319952e-07
               13400        3.079420e-04        2.319905e-07
               13500        2.560760e-04        2.246256e-07
               13600        3.642600e-04        2.246260e-07
               13700        2.851160e-04        2.246260e-07
               13800        2.723430e-04        2.194880e-07
               13900        1.969510e-04        2.194995e-07
               14000        2.703390e-04        1.337163e-07
               14100        2.788570e-04        1.337162e-07
               14200        2.827920e-04        1.004458e-07
               14300        2.716410e-04        1.004453e-07
               14400        2.548400e-04        9.099894e-08
               14500        2.542280e-04        9.099894e-08
               14600        2.672920e-04        7.982056e-08
               14700        2.206640e-04        7.982056e-08
               14800        2.321400e-04        7.980742e-08
               14900        2.464050e-04        5.623988e-08
               15000        3.457410e-04        5.620704e-08
               15100        2.546950e-04        3.049100e-08
               15200        2.691960e-04        2.738973e-08
               15300        2.160130e-04        1.043704e-08
               15400        2.417790e-04        1.043670e-08
               15500        2.811590e-04        9.636746e-09
               15600        2.779400e-04        9.315255e-09
               15700        2.504060e-04        1.039700e-08
               15800        2.663290e-04        5.591155e-09
               15900        2.514700e-04        5.591132e-09
               16000        2.582110e-04        5.332994e-09
               16100        3.309480e-04        5.332994e-09
               16200        2.694140e-04        5.332994e-09
               16300        2.321020e-04        3.745140e-09
               16400        2.632970e-04        3.783322e-09
               16500        2.633300e-04        3.774992e-09
               16600        2.646890e-04        2.767697e-09
               16700        1.921880e-04        2.767856e-09
               16800        2.478660e-04        2.767807e-09
               16900        2.634220e-04        2.704884e-09
               17000        2.584750e-04        1.767245e-09
               17100        2.517240e-04        1.767245e-09
               17200        1.733980e-04        9.826354e-10
               17300        2.732650e-04        9.823693e-10
               17400        2.661390e-04        6.098097e-10
               17500        1.890710e-04        5.115417e-10
               17600        2.495420e-04        5.115417e-10
               17700        2.543410e-04        5.115411e-10
               17800        2.554530e-04        5.115417e-10
               17900        2.683260e-04        4.054562e-10
               18000        1.964560e-04        4.054562e-10
               18100        2.351500e-04        2.985345e-10
               18200        2.032240e-04        2.985341e-10
               18300        2.295530e-04        2.318134e-10
               18400        2.176650e-04        2.322954e-10
               18500        2.416590e-04        1.909145e-10
               18600        2.406450e-04        1.914922e-10
               18700        2.359010e-04        1.566406e-10
               18800        1.679070e-04        1.566378e-10
               18900        2.395850e-04        1.524189e-10
               19000        1.687970e-04        1.524646e-10
               19100        2.232320e-04        1.153169e-10
               19200        3.381670e-04        5.136582e-11
               19300        2.707950e-04        5.262263e-11
               19400        2.838360e-04        4.847444e-11
               19500        2.723670e-04        3.394538e-11
               19600        1.966410e-04        3.276845e-11
               19700        1.871390e-04        2.637887e-11
               19800        2.427660e-04        2.336318e-11
               19900        2.051300e-04        2.336318e-11
               20000        2.459980e-04        1.960566e-11
               20100        2.572530e-04        1.960566e-11
               20200        2.619300e-04        1.957057e-11
               20300        2.701710e-04        1.956639e-11
               20400        1.961960e-04        1.903539e-11
               20500        2.629260e-04        1.903668e-11
               20600        2.658490e-04        1.206885e-11
               20700        2.197780e-04        1.206888e-11
               20800        2.335930e-04        1.206885e-11
               20900        1.979670e-04        4.101292e-12
               21000        2.562080e-04        4.101289e-12
               21100        1.744540e-04        3.349113e-12
               21200        2.543870e-04        3.349085e-12
               21300        2.604510e-04        2.500853e-12
               21400        2.540840e-04        2.500719e-12
               21500        2.699400e-04        1.303202e-12
               21600        2.338440e-04        1.302549e-12
               21700        2.923890e-04        1.021065e-12
               21800        2.670540e-04        1.010832e-12
               21900        2.623720e-04        8.217561e-13
               22000        2.493510e-04        8.214669e-13
               22100        3.611120e-04        8.224406e-13
               22200        2.439250e-04        8.217561e-13
               22300        2.669200e-04        6.294294e-13
               22400        3.151170e-04        6.293626e-13
               22500        2.664520e-04        6.293516e-13
               22600        2.299790e-04        4.889900e-13
               22700        2.526830e-04        4.889900e-13
               22800        2.223570e-04        4.889831e-13
               22900        1.960380e-04        4.889900e-13
               23000        1.870750e-04        4.286188e-13
               23100        2.875910e-04        4.286144e-13
               23200        2.632720e-04        4.286188e-13
               23300        2.985110e-04        4.286144e-13
               23400        2.887730e-04        3.482416e-13
               23500        2.973170e-04        3.482416e-13
               23600        2.658110e-04        3.482270e-13
               23700        2.876640e-04        3.485536e-13
               23800        2.646730e-04        2.508025e-13
               23900        2.882040e-04        2.508024e-13
               24000        2.548340e-04        2.508024e-13
               24100        2.896750e-04        2.508003e-13
               24200        2.611160e-04        1.871196e-13
               24300        2.824150e-04        1.870964e-13
               24400        2.683050e-04        1.870964e-13
               24500        2.911780e-04        1.870964e-13
               24600        3.297670e-04        1.475805e-13
               24700        2.971050e-04        1.475805e-13
               24800        2.942030e-04        1.475805e-13
               24900        2.704000e-04        1.475805e-13
               25000        2.902610e-04        1.007649e-13
               25100        2.674200e-04        1.007653e-13
               25200        3.074210e-04        1.007653e-13
               25300        2.940710e-04        1.007653e-13
               25400        3.141820e-04        5.770606e-14
               25500        2.577660e-04        5.770606e-14
               25600        3.205610e-04        5.797396e-14
               25700        2.556560e-04        5.797082e-14
               25800        2.902360e-04        4.477206e-14
               25900        2.573600e-04        4.477029e-14
               26000        2.714300e-04        4.477029e-14
               26100        2.678690e-04        4.477036e-14
               26200        2.874500e-04        3.319652e-14
               26300        2.454850e-04        3.319652e-14
               26400        2.797560e-04        3.319652e-14
               26500        2.803480e-04        3.319652e-14
               26600        2.538550e-04        2.734411e-14
               26700        2.764430e-04        2.734412e-14
               26800        2.835010e-04        2.734321e-14
               26900        2.533860e-04        2.734412e-14
               27000        2.798620e-04        2.070703e-14
               27100        2.534830e-04        2.071206e-14
               27200        2.734000e-04        2.070473e-14
               27300        2.667130e-04        1.355741e-14
               27400        2.861000e-04        1.355741e-14
               27500        2.636960e-04        1.355735e-14
               27600        2.981550e-04        1.355735e-14
               27700        2.814590e-04        1.001393e-14
               27800        2.741490e-04        1.001393e-14
               27900        2.480250e-04        1.002041e-14
               28000        2.741850e-04        1.001393e-14
               28100        2.472880e-04        7.552760e-15
               28200        2.829120e-04        7.551202e-15
               28300        2.908010e-04        7.551202e-15
               28400        3.941020e-04        7.552070e-15
               28500        2.456100e-04        6.073900e-15
               28600        2.674790e-04        6.073900e-15
               28700        2.477950e-04        6.073907e-15
               28800        2.650590e-04        6.073900e-15
               28900        2.424370e-04        4.910500e-15
               29000        2.741000e-04        4.910500e-15
               29100        2.641720e-04        4.910500e-15
               29200        2.773560e-04        4.910500e-15
               29300        2.641430e-04        3.802921e-15
               29400        2.718050e-04        3.804789e-15
               29500        2.693490e-04        3.804789e-15
               29600        2.444570e-04        3.804789e-15
               29700        2.705400e-04        2.154781e-15
               29800        2.456210e-04        2.154781e-15
               29900        2.608930e-04        2.154745e-15
               30000        2.374680e-04        2.154675e-15
               30100        2.714230e-04        1.483865e-15
               30200        2.430210e-04        1.483371e-15
               30300        2.674240e-04        1.483371e-15
               30400        2.555010e-04        1.483865e-15
               30500        2.620940e-04        1.483371e-15
               30600        2.674040e-04        1.483865e-15
               30700        2.695870e-04        6.903187e-16
               30800        2.753710e-04        4.918367e-16
               30900        2.660260e-04        4.918367e-16
               31000        2.651260e-04        4.918367e-16
               31100        2.691130e-04        4.918367e-16
               31200        2.405070e-04        2.859884e-16
               31300        2.593210e-04        2.859884e-16
               31400        2.385380e-04        2.859884e-16
               31500        2.601210e-04        2.859884e-16
               31600        2.356580e-04        1.989348e-16
               31700        2.713840e-04        1.989318e-16
               31800        2.359320e-04        1.989294e-16
               31900        2.597100e-04        1.422055e-16
               32000        2.396430e-04        1.422065e-16
               32100        2.738790e-04        1.422083e-16
               32200        2.449840e-04        1.422055e-16
               32300        2.709780e-04        1.052052e-16
               32400        2.456950e-04        1.052052e-16
               32500        2.639990e-04        1.052035e-16
               32600        2.681520e-04        1.052047e-16
               32700        2.614880e-04        7.689700e-17
               32800        2.427600e-04        7.689609e-17
               32900        2.606960e-04        7.689068e-17
               33000        2.398390e-04        7.689068e-17
               33100        2.642250e-04        7.689700e-17
               33200        2.657280e-04        5.161060e-17
               33300        2.702460e-04        5.161392e-17
               33400        2.635870e-04        5.161396e-17
               33500        2.671500e-04        3.472710e-17
               33600        2.613900e-04        3.472708e-17
               33700        2.343010e-04        3.472708e-17
               33800        2.643900e-04        3.472708e-17
               33900        2.397720e-04        2.335072e-17
               34000        2.749070e-04        2.334936e-17
               34100        2.514700e-04        2.335536e-17
               34200        2.678930e-04        1.673211e-17
               34300        2.399650e-04        1.673208e-17
               34400        2.548470e-04        1.673211e-17
               34500        2.388200e-04        1.673208e-17
               34600        2.594180e-04        1.341666e-17
               34700        2.599050e-04        1.341666e-17
               34800        3.103910e-04        1.341854e-17
               34900        2.465480e-04        1.341854e-17
               35000        2.732230e-04        1.054573e-17
               35100        2.508140e-04        1.054573e-17
               35200        2.734910e-04        1.054573e-17
               35300        2.628920e-04        1.054573e-17
               35400        2.680640e-04        7.547717e-18
               35500        2.456520e-04        7.546762e-18
               35600        2.669970e-04        7.546856e-18
               35700        2.711070e-04        5.785787e-18
               35800        2.751330e-04        5.785055e-18
               35900        2.334620e-04        5.785797e-18
               36000        2.669110e-04        5.769125e-18
               36100        2.456500e-04        3.195848e-18
               36200        2.725010e-04        3.195965e-18
               36300        3.050790e-04        3.195883e-18
               36400        3.230880e-04        3.179605e-18
               36500        2.744580e-04        2.130334e-18
               36600        2.396130e-04        2.130340e-18
               36700        2.721930e-04        2.130311e-18
               36800        2.561460e-04        2.146470e-18
               36900        2.746190e-04        1.368025e-18
               37000        2.555210e-04        1.367983e-18
               37100        2.757580e-04        1.367957e-18
               37200        2.412900e-04        1.358415e-18
               37300        2.717810e-04        9.436600e-19
               37400        2.680850e-04        9.436123e-19
               37500        2.549290e-04        9.435836e-19
               37600        2.512170e-04        4.290242e-19
               37700        2.877250e-04        4.290222e-19
               37800        2.451830e-04        4.290056e-19
               37900        2.505800e-04        3.938514e-19
               38000        2.532690e-04        2.707954e-19
               38100        2.731850e-04        2.707925e-19
               38200        2.698070e-04        2.707930e-19
               38300        2.780960e-04        2.384468e-19
               38400        2.684460e-04        1.672622e-19
               38500        2.668550e-04        1.673732e-19
               38600        2.717470e-04        1.259335e-19
               38700        2.664140e-04        8.247075e-20
               38800        2.350800e-04        8.247065e-20
               38900        2.638610e-04        8.247065e-20
               39000        2.403630e-04        8.247065e-20
               39100        2.606240e-04        6.075700e-20
               39200        2.392600e-04        6.075700e-20
               39300        2.695130e-04        6.075700e-20
               39400        2.586040e-04        6.075700e-20
               39500        2.608650e-04        5.414578e-20
               39600        2.504440e-04        5.414578e-20
               39700        2.786940e-04        5.414578e-20
               39800        2.716420e-04        5.414171e-20
               39900        2.811790e-04        4.629754e-20
               40000        2.664050e-04        4.629754e-20
               40100        2.726570e-04        4.629754e-20
               40200        2.776520e-04        4.629754e-20
               40300        2.707940e-04        3.022047e-20
               40400        2.681400e-04        3.024656e-20
               40500        2.732760e-04        3.024408e-20
               40600        2.414200e-04        1.252907e-20
               40700        2.656870e-04        1.253183e-20
               40800        2.662450e-04        1.253183e-20
               40900        2.657700e-04        1.253508e-20
               41000        2.457900e-04        1.253183e-20
               41100        2.708950e-04        7.393215e-21
               41200        2.576790e-04        7.384588e-21
               41300        2.671400e-04        7.385237e-21
               41400        2.445600e-04        4.378948e-21
               41500        2.495290e-04        2.300619e-21
               41600        2.826700e-04        2.300807e-21
               41700        2.685620e-04        2.300734e-21
               41800        2.625260e-04        1.007778e-21
               41900        2.523770e-04        1.007776e-21
               42000        2.742840e-04        1.007879e-21
               42100        2.593950e-04        1.001446e-21
               42200        2.436620e-04        6.294459e-22
               42300        2.578060e-04        6.294459e-22
               42400        2.473520e-04        6.294459e-22
               42500        2.624580e-04        6.294399e-22
               42600        2.401740e-04        4.125455e-22
               42700        2.654990e-04        4.125442e-22
               42800        2.352180e-04        4.125455e-22
               42900        2.390940e-04        4.125442e-22
               43000        2.622430e-04        2.773921e-22
               43100        2.396870e-04        2.773921e-22
               43200        2.430730e-04        2.773921e-22
               43300        2.610670e-04        2.773921e-22
               43400        2.486090e-04        2.773921e-22
               43500        2.565820e-04        1.021138e-22
               43600        2.326530e-04        1.128230e-22
               43700        2.624830e-04        1.021138e-22
               43800        2.536470e-04        1.156782e-22
               43900        2.383410e-04        7.043419e-23
               44000        2.586930e-04        7.043419e-23
               44100        2.321130e-04        7.043419e-23
               44200        2.610120e-04        7.043419e-23
               44300        2.358010e-04        7.043419e-23
               44400        2.685680e-04        5.092947e-23
               44500        2.449810e-04        5.092799e-23
               44600        2.721550e-04        5.092662e-23
               44700        2.465390e-04        4.801821e-23
               44800        2.653080e-04        3.226498e-23
               44900        2.589370e-04        3.226658e-23
               45000        2.338500e-04        3.226787e-23
               45100        2.651160e-04        2.759035e-23
               45200        2.417440e-04        1.642274e-23
               45300        2.609380e-04        1.642262e-23
               45400        2.425790e-04        1.642268e-23
               45500        2.628720e-04        1.384549e-23
               45600        2.427460e-04        1.384264e-23
               45700        2.627700e-04        1.182998e-23
               45800        2.249870e-04        1.182998e-23
               45900        2.593800e-04        1.183259e-23
               46000        2.581740e-04        1.182998e-23
               46100        2.580500e-04        8.165792e-24
               46200        2.694690e-04        8.165792e-24
               46300        2.549300e-04        8.165792e-24
               46400        2.742600e-04        5.817199e-24
               46500        2.572930e-04        5.817199e-24
               46600        2.780950e-04        4.857908e-24
               46700        2.579190e-04        4.402353e-24
               46800        2.679280e-04        5.785700e-24
               46900        2.519840e-04        4.133902e-24
               47000        2.665630e-04        1.380864e-24
               47100        2.480410e-04        1.380839e-24
               47200        2.735960e-04        1.380833e-24
               47300        2.771780e-04        1.380833e-24
               47400        2.676460e-04        6.196082e-25
               47500        2.805040e-04        6.191274e-25
               47600        2.619900e-04        5.049520e-25
               47700        2.385630e-04        2.948055e-25
               47800        2.695830e-04        2.949629e-25
               47900        2.554780e-04        2.948055e-25
               48000        2.733550e-04        1.962745e-25
               48100        2.573920e-04        1.271867e-25
               48200        2.769280e-04        1.271595e-25
               48300        2.555920e-04        1.271433e-25
               48400        2.670770e-04        8.886085e-26
               48500        2.427350e-04        6.651566e-26
               48600        2.724140e-04        6.651566e-26
               48700        2.493510e-04        6.651566e-26
               48800        2.601340e-04        4.794629e-26
               48900        2.436720e-04        3.956876e-26
               49000        2.605690e-04        3.956876e-26
               49100        2.535720e-04        3.950836e-26
               49200        2.697680e-04        3.956876e-26
               49300        2.468330e-04        2.577299e-26
               49400        2.785660e-04        2.278982e-26
               49500        2.468030e-04        2.282162e-26
               49600        2.616530e-04        2.130783e-26
               49700        2.646090e-04        1.389431e-26
               49800        2.616850e-04        1.364542e-26
               49900        2.355480e-04        1.262253e-26
               50000        2.542690e-04        1.262273e-26
               50100        2.360020e-04        1.262312e-26
               50200        2.657670e-04        1.124123e-26
               50300        2.432080e-04        1.021380e-26
               50400        2.623860e-04        1.021380e-26
               50500        2.431030e-04        1.021380e-26
               50600        2.544960e-04        8.096382e-27
               50700        2.277480e-04        8.099507e-27
               50800        2.629070e-04        8.096382e-27
               50900        2.582100e-04        8.227505e-27
               51000        2.619180e-04        6.314322e-27
               51100        2.600850e-04        6.314322e-27
               51200        2.592170e-04        6.314322e-27
               51300        2.408820e-04        6.392579e-27
               51400        2.671380e-04        6.049735e-27
               51500        2.420510e-04        6.049735e-27
               51600        2.708820e-04        6.049735e-27
               51700        2.566060e-04        5.167955e-27
               51800        2.509080e-04        5.124386e-27
               51900        2.728970e-04        5.095262e-27
               52000        2.651550e-04        5.094474e-27
               52100        2.415440e-04        5.095262e-27
               52200        2.693920e-04        5.022907e-27
               52300        2.431280e-04        4.886956e-27
               52400        2.657650e-04        4.886956e-27
               52500        2.429330e-04        4.894007e-27
               52600        2.717760e-04        4.886956e-27
               52700        2.465980e-04        4.894007e-27
               52800        2.434740e-04        4.165408e-27
               52900        2.089570e-04        4.187916e-27
               53000        2.821110e-04        4.187916e-27
               53100        2.505900e-04        4.187916e-27
               53200        2.345450e-04        4.187916e-27
               53300        2.924840e-04        3.963901e-27
               53400        3.054080e-04        3.963901e-27
               53500        3.632370e-04        3.963901e-27
               53600        2.955470e-04        3.963901e-27
               53700        5.190290e-04        3.963901e-27
               53800        2.577800e-04        4.778728e-27
               53900        3.242150e-04        4.783462e-27
               54000        2.461340e-04        4.778728e-27
               54100        2.283430e-04        4.577390e-27
               54200        2.569670e-04        4.333806e-27
               54300        2.446040e-04        4.318029e-27
               54400        2.477460e-04        4.318029e-27
               54500        2.464110e-04        4.318029e-27
               54600        2.352430e-04        4.152833e-27
               54700        2.372700e-04        4.148100e-27
               54800        2.441660e-04        4.152833e-27
               54900        2.394060e-04        3.971232e-27
               55000        2.346870e-04        3.971232e-27
               55100        2.373800e-04        3.971232e-27
               55200        2.497950e-04        4.123441e-27
               55300        2.417750e-04        4.312946e-27
               55400        2.290880e-04        4.312946e-27
               55500        2.522160e-04        4.311171e-27
               55600        2.379950e-04        4.154371e-27
               55700        2.381520e-04        3.800352e-27
               55800        2.362010e-04        3.800812e-27
               55900        2.275050e-04        3.800352e-27
               56000        2.485270e-04        3.772830e-27
               56100        1.815040e-04        3.842271e-27
               56200        2.597080e-04        3.842271e-27
               56300        3.371800e-04        3.842271e-27
               56400        2.441670e-04        4.340461e-27
               56500        2.435630e-04        4.697327e-27
               56600        2.210470e-04        4.697327e-27
               56700        2.263700e-04        4.697327e-27
               56800        2.269240e-04        4.697327e-27
               56900        2.554580e-04        4.697327e-27
               57000        2.295850e-04        4.445132e-27
               57100        2.500900e-04        4.421584e-27
               57200        2.255290e-04        4.421584e-27
               57300        2.240820e-04        4.475514e-27
               57400        2.458260e-04        3.705086e-27
               57500        2.312380e-04        3.706318e-27
               57600        1.668070e-04        3.706318e-27
               57700        2.448620e-04        3.469414e-27
               57800        2.019700e-04        3.412545e-27
               57900        2.612120e-04        3.412545e-27
               58000        2.368040e-04        3.412545e-27
               58100        2.248070e-04        3.412545e-27
               58200        2.496900e-04        3.814516e-27
               58300        2.189690e-04        3.814516e-27
               58400        2.136430e-04        3.540364e-27
               58500        2.356000e-04        3.540364e-27
               58600        2.225960e-04        3.540364e-27
               58700        2.437660e-04        3.540364e-27
               58800        2.340410e-04        3.641448e-27
               58900        2.512420e-04        3.641448e-27
               59000        2.491920e-04        3.641448e-27
               59100        2.299770e-04        3.641448e-27
               59200        2.490940e-04        3.894419e-27
               59300        2.196580e-04        3.894419e-27
               59400        2.040870e-04        3.894419e-27
               59500        2.579680e-04        3.894419e-27
               59600        2.338400e-04        3.894419e-27
               59700        2.688960e-04        3.620822e-27
               59800        2.291300e-04        3.620822e-27
               59900        2.533820e-04        3.620822e-27
               60000        2.194120e-04        3.453088e-27
               60100        2.491510e-04        3.900504e-27
               60200        2.429440e-04        3.900504e-27
               60300        2.018560e-04        3.900504e-27
               60400        2.413060e-04        3.887151e-27
               60500        2.463110e-04        3.631558e-27
               60600        2.267180e-04        3.635502e-27
               60700        2.231240e-04        3.635502e-27
               60800        2.231730e-04        3.752434e-27
               60900        2.254550e-04        3.974822e-27
               61000        2.425840e-04        3.974822e-27
               61100        2.374910e-04        3.974822e-27
               61200        2.261880e-04        3.607603e-27
               61300        1.602250e-04        3.720507e-27
               61400        2.362140e-04        3.720507e-27
               61500        2.393220e-04        3.720507e-27
               61600        2.187550e-04        4.216593e-27
               61700        2.257220e-04        4.178114e-27
               61800        1.561120e-04        4.178114e-27
               61900        2.075440e-04        4.178114e-27
               62000        2.254910e-04        4.178114e-27
               62100        2.226950e-04        4.413759e-27
               62200        2.290780e-04        4.413759e-27
               62300        2.511110e-04        4.413759e-27
               62400        1.844310e-04        4.413759e-27
               62500        2.487800e-04        4.119129e-27
               62600        2.336900e-04        4.119129e-27
               62700        1.842390e-04        4.119129e-27
               62800        2.632180e-04        4.119129e-27
               62900        2.686660e-04        4.121571e-27
               63000        2.235620e-04        4.121571e-27
               63100        2.210540e-04        4.121571e-27
               63200        2.035450e-04        4.121571e-27
               63300        2.537200e-04        4.311866e-27
               63400        2.289450e-04        4.311866e-27
               63500        2.441970e-04        4.311866e-27
               63600        2.446230e-04        4.311866e-27
               63700        2.539660e-04        4.311866e-27
               63800        2.322300e-04        3.508714e-27
               63900        2.111160e-04        3.508714e-27
               64000        2.207260e-04        3.508714e-27
               64100        2.161470e-04        3.447841e-27
               64200        2.306320e-04        3.304089e-27
               64300        2.361960e-04        3.304089e-27
               64400        2.253410e-04        3.304102e-27
               64500        2.181370e-04        3.465449e-27
               64600        2.360050e-04        3.502573e-27
               64700        2.283170e-04        3.502573e-27
               64800        2.509580e-04        3.502573e-27
               64900        2.240930e-04        3.569500e-27
               65000        2.136110e-04        4.005429e-27
               65100        2.668720e-04        4.005429e-27
               65200        2.457210e-04        4.005429e-27
               65300        2.406840e-04        3.707105e-27
               65400        2.395150e-04        3.757277e-27
               65500        2.142270e-04        3.757277e-27
               65600        2.320890e-04        3.757277e-27
               65700        2.133730e-04        3.910116e-27
               65800        1.839160e-04        3.652385e-27
               65900        1.998440e-04        3.652385e-27
               66000        2.609660e-04        3.651991e-27
               66100        2.284440e-04        3.651991e-27
               66200        2.239280e-04        3.837312e-27
               66300        2.626000e-04        3.843821e-27
               66400        2.314620e-04        3.837510e-27
               66500        2.532480e-04        3.873410e-27
               66600        2.651460e-04        3.647256e-27
               66700        2.395880e-04        3.646467e-27
               66800        2.645790e-04        3.646467e-27
               66900        2.395330e-04        3.630578e-27
               67000        2.522010e-04        3.783149e-27
               67100        2.332730e-04        3.783149e-27
               67200        2.158000e-04        3.783149e-27
               67300        2.270380e-04        3.644761e-27
               67400        2.573650e-04        3.723184e-27
               67500        2.479800e-04        3.720028e-27
               67600        2.263870e-04        3.783493e-27
               67700        2.481700e-04        3.302426e-27
               67800        2.442900e-04        3.289805e-27
               67900        2.549750e-04        3.302426e-27
               68000        2.425530e-04        3.289805e-27
               68100        2.421380e-04        3.960354e-27
               68200        2.646740e-04        3.960354e-27
               68300        2.206800e-04        3.960354e-27
               68400        2.241140e-04        3.960354e-27
               68500        1.587070e-04        3.562018e-27
               68600        1.942070e-04        3.562018e-27
               68700        2.108420e-04        3.562018e-27
               68800        2.618740e-04        3.562018e-27
               68900        2.330760e-04        3.562334e-27
               69000        2.333380e-04        3.562334e-27
               69100        1.638560e-04        3.562334e-27
               69200        2.193530e-04        3.562334e-27
               69300        2.236590e-04        3.562334e-27
               69400        2.322360e-04        4.069686e-27
               69500        2.308470e-04        4.069366e-27
               69600        2.331690e-04        4.069366e-27
               69700        2.357230e-04        3.928481e-27
               69800        2.461690e-04        4.113922e-27
               69900        2.328060e-04        4.113922e-27
               70000        2.244890e-04        4.113922e-27
               70100        3.645700e-04        3.798707e-27
               70200        2.363660e-04        3.792987e-27
               70300        1.743190e-04        3.902516e-27
               70400        2.227370e-04        3.651076e-27
               70500        2.396090e-04        3.651076e-27
               70600        1.737580e-04        3.498476e-27
               70700        2.409830e-04        3.498476e-27
               70800        2.509360e-04        3.498476e-27
               70900        2.479510e-04        3.544162e-27
               71000        2.073940e-04        3.408378e-27
               71100        2.390860e-04        3.408378e-27
               71200        1.738320e-04        3.408378e-27
               71300        2.543870e-04        3.705681e-27
               71400        2.463910e-04        3.905114e-27
               71500        1.949090e-04        3.905114e-27
               71600        2.759580e-04        3.905114e-27
               71700        2.646690e-04        3.812813e-27
               71800        2.501910e-04        3.885729e-27
               71900        2.571010e-04        3.891646e-27
               72000        2.334620e-04        3.891646e-27
               72100        2.691720e-04        3.846776e-27
               72200        2.826110e-04        3.876055e-27
               72300        2.455800e-04        3.876055e-27
               72400        2.409780e-04        3.876055e-27
               72500        2.488960e-04        3.876055e-27
               72600        2.501260e-04        4.303722e-27
               72700        1.997620e-04        4.122973e-27
               72800        2.578180e-04        4.036399e-27
               72900        1.985920e-04        4.037583e-27
               73000        2.451370e-04        4.036399e-27
               73100        2.505850e-04        4.067681e-27
               73200        2.663790e-04        4.279912e-27
               73300        2.386760e-04        4.279912e-27
               73400        2.521700e-04        4.279935e-27
               73500        2.705590e-04        4.148166e-27
               73600        2.635320e-04        4.190615e-27
               73700        2.707380e-04        4.187460e-27
               73800        2.020440e-04        4.187460e-27
               73900        2.462160e-04        3.973621e-27
               74000        2.413560e-04        4.181811e-27
               74100        2.744220e-04        4.181811e-27
               74200        2.664220e-04        4.181811e-27
               74300        2.637720e-04        4.181811e-27
               74400        2.733500e-04        3.973427e-27
               74500        2.365440e-04        3.973427e-27
               74600        2.727690e-04        3.973427e-27
               74700        2.457030e-04        3.973427e-27
               74800        2.545940e-04        3.973427e-27
               74900        2.585210e-04        3.404121e-27
               75000        2.255600e-04        3.404121e-27
               75100        2.251150e-04        3.404121e-27
               75200        2.347870e-04        3.363505e-27
               75300        2.603190e-04        3.216049e-27
               75400        2.390020e-04        3.216049e-27
               75500        2.361160e-04        3.215261e-27
               75600        2.718460e-04        3.189265e-27
               75700        1.996660e-04        2.934131e-27
               75800        2.857490e-04        2.934131e-27
               75900        2.056100e-04        2.934131e-27
               76000        3.230850e-04        2.934131e-27
               76100        2.044430e-04        3.065311e-27
               76200        2.728900e-04        3.294718e-27
               76300        2.406150e-04        3.296295e-27
               76400        2.472650e-04        3.297813e-27
               76500        2.477070e-04        3.340341e-27
               76600        2.601870e-04        3.224351e-27
               76700        2.451810e-04        3.226323e-27
               76800        2.497520e-04        3.513642e-27
               76900        2.939110e-04        3.859894e-27
               77000        2.609130e-04        3.758582e-27
               77100        3.054260e-04        3.500582e-27
               77200        2.768350e-04        3.500582e-27
               77300        2.577640e-04        3.500582e-27
               77400        2.672440e-04        3.497595e-27
               77500        3.197880e-04        3.416043e-27
               77600        2.274270e-04        3.416832e-27
               77700        3.241620e-04        3.416832e-27
               77800        3.085440e-04        3.475595e-27
               77900        3.020960e-04        3.577130e-27
               78000        3.189490e-04        3.577130e-27
               78100        2.571730e-04        3.577130e-27
               78200        3.086900e-04        3.577130e-27
               78300        3.003180e-04        3.804079e-27
               78400        2.729760e-04        3.804079e-27
               78500        3.016100e-04        3.804079e-27
               78600        3.148890e-04        3.804079e-27
               78700        2.543770e-04        3.810220e-27
               78800        2.984120e-04        3.810220e-27
               78900        2.980360e-04        3.810220e-27
               79000        2.820790e-04        3.810220e-27
               79100        3.068190e-04        4.144092e-27
               79200        3.227270e-04        4.144881e-27
               79300        2.537650e-04        4.144881e-27
               79400        2.840810e-04        4.173731e-27
               79500        2.912730e-04        3.894237e-27
               79600        2.835520e-04        3.894237e-27
               79700        3.200850e-04        3.894237e-27
               79800        2.900920e-04        3.872383e-27
               79900        2.186700e-04        3.696854e-27
               80000        2.974780e-04        3.696854e-27
               80100        2.331530e-04        3.696854e-27
               80200        2.981630e-04        3.616074e-27
               80300        2.280350e-04        3.659932e-27
               80400        2.981470e-04        3.659341e-27
               80500        2.506180e-04        3.659341e-27
               80600        2.475160e-04        4.007607e-27
               80700        2.450850e-04        4.417790e-27
               80800        2.575470e-04        4.421882e-27
               80900        2.320260e-04        4.421882e-27
               81000        3.130580e-04        4.750510e-27
               81100        2.724910e-04        4.431774e-27
               81200        2.942650e-04        4.431774e-27
               81300        2.877940e-04        4.431774e-27
               81400        2.638260e-04        4.431774e-27
               81500        2.876200e-04        4.087070e-27
               81600        3.076090e-04        4.087070e-27
               81700        2.783550e-04        4.087070e-27
               81800        2.897500e-04        4.087070e-27
               81900        2.832100e-04        3.824705e-27
               82000        2.665640e-04        3.824705e-27
               82100        2.295930e-04        3.824705e-27
               82200        3.010030e-04        3.824705e-27
               82300        3.045890e-04        3.887897e-27
               82400        2.262750e-04        3.887897e-27
               82500        3.016590e-04        3.887897e-27
               82600        2.326570e-04        3.887897e-27
               82700        2.985570e-04        3.986282e-27
               82800        2.318770e-04        3.986282e-27
               82900        2.880870e-04        3.986282e-27
               83000        2.488760e-04        3.986282e-27
               83100        2.885560e-04        3.598158e-27
               83200        2.879600e-04        3.598158e-27
               83300        2.896970e-04        3.598158e-27
               83400        2.081800e-04        3.598158e-27
               83500        2.126730e-04        3.637805e-27
               83600        3.041240e-04        3.637805e-27
               83700        2.224600e-04        3.640319e-27
               83800        3.045940e-04        3.640172e-27
               83900        2.594220e-04        3.640172e-27
               84000        3.065350e-04        3.738070e-27
               84100        2.496510e-04        3.738070e-27
               84200        3.171950e-04        3.738070e-27
               84300        2.980780e-04        3.751268e-27
               84400        2.971970e-04        4.089874e-27
               84500        3.092900e-04        4.090022e-27
               84600        2.835890e-04        4.089874e-27
               84700        2.897330e-04        3.907182e-27
               84800        3.054220e-04        3.818551e-27
               84900        2.362680e-04        3.818551e-27
               85000        3.074710e-04        3.817663e-27
               85100        2.565230e-04        3.992717e-27
               85200        3.341270e-04        4.040655e-27
               85300        2.299450e-04        4.040655e-27
               85400        2.931330e-04        4.040655e-27
               85500        1.848190e-04        3.965213e-27
               85600        2.725120e-04        4.068970e-27
               85700        1.896790e-04        4.075269e-27
               85800        2.940550e-04        4.155526e-27
               85900        1.916800e-04        4.037964e-27
               86000        2.889040e-04        3.728478e-27
               86100        1.850890e-04        3.908609e-27
               86200        2.883260e-04        3.908609e-27
               86300        1.876070e-04        3.908609e-27
               86400        2.929110e-04        3.923987e-27
               86500        2.904520e-04        3.940091e-27
               86600        1.923910e-04        3.764485e-27
               86700        2.878030e-04        3.764485e-27
               86800        2.063730e-04        3.764485e-27
               86900        2.883160e-04        3.694715e-27
               87000        1.789180e-04        4.082997e-27
               87100        2.954720e-04        4.082997e-27
               87200        1.871210e-04        4.081321e-27
               87300        2.782980e-04        4.114059e-27
               87400        2.799070e-04        4.056850e-27
               87500        1.910790e-04        4.064542e-27
               87600        2.875670e-04        4.064542e-27
               87700        1.816890e-04        4.064542e-27
               87800        2.957450e-04        3.544924e-27
               87900        1.764710e-04        3.918300e-27
               88000        2.911380e-04        3.919878e-27
               88100        1.914310e-04        4.132862e-27
               88200        2.831490e-04        4.061435e-27
               88300        1.767280e-04        4.061231e-27
               88400        3.157300e-04        4.058864e-27
               88500        1.753770e-04        4.191684e-27
               88600        2.853820e-04        4.032612e-27
               88700        1.714400e-04        4.279291e-27
               88800        2.700980e-04        4.643064e-27
               88900        1.798380e-04        4.646860e-27
               89000        2.824490e-04        4.643064e-27
               89100        1.767990e-04        4.363800e-27
               89200        2.884230e-04        4.505782e-27
               89300        1.770030e-04        4.505782e-27
               89400        3.001090e-04        4.505782e-27
               89500        1.795870e-04        4.494830e-27
               89600        2.866250e-04        4.586096e-27
               89700        2.010180e-04        4.586096e-27
               89800        3.118750e-04        4.586096e-27
               89900        2.078910e-04        4.606958e-27
               90000        3.091700e-04        4.090151e-27
               90100        1.834330e-04        4.090151e-27
               90200        3.005660e-04        4.090151e-27
               90300        1.901710e-04        4.121242e-27
               90400        3.016060e-04        3.990205e-27
               90500        1.908120e-04        3.990205e-27
               90600        3.027690e-04        3.990205e-27
               90700        1.847630e-04        3.826639e-27
               90800        2.967600e-04        3.882150e-27
               90900        1.822500e-04        3.882150e-27
               91000        2.996450e-04        3.882150e-27
               91100        1.795830e-04        3.882150e-27
               91200        2.832410e-04        4.055156e-27
               91300        1.889380e-04        4.055156e-27
               91400        3.353470e-04        4.055156e-27
               91500        1.854090e-04        4.055156e-27
               91600        2.963410e-04        4.363777e-27
               91700        1.801020e-04        4.363777e-27
               91800        2.902830e-04        4.363777e-27
               91900        1.767430e-04        4.590891e-27
               92000        2.736590e-04        4.190714e-27
               92100        2.917790e-04        4.190714e-27
               92200        1.977510e-04        4.190714e-27
               92300        2.851730e-04        4.370455e-27
               92400        1.877630e-04        4.676899e-27
               92500        2.904670e-04        4.663748e-27
               92600        1.800120e-04        4.676899e-27
               92700        2.923690e-04        4.733991e-27
               92800        1.884910e-04        5.614688e-27
               92900        2.940930e-04        5.591528e-27
               93000        1.854960e-04        5.614688e-27
               93100        2.931560e-04        5.446104e-27
               93200        1.966210e-04        5.448070e-27
               93300        2.745370e-04        4.917637e-27
               93400        2.657890e-04        4.917637e-27
               93500        2.742060e-04        4.917637e-27
               93600        2.682860e-04        5.054657e-27
               93700        2.721740e-04        4.898600e-27
               93800        2.652760e-04        4.898600e-27
               93900        2.677880e-04        4.898600e-27
               94000        2.712270e-04        4.898600e-27
               94100        2.668530e-04        4.647664e-27
               94200        2.720120e-04        4.647664e-27
               94300        2.683020e-04        4.647664e-27
               94400        2.737880e-04        4.647664e-27
               94500        2.722850e-04        4.647664e-27
               94600        2.682300e-04        4.193236e-27
               94700        2.744970e-04        4.193631e-27
               94800        2.683050e-04        4.193236e-27
               94900        2.675690e-04        4.178217e-27
               95000        2.743130e-04        4.459412e-27
               95100        2.603300e-04        4.459412e-27
               95200        2.585470e-04        4.459412e-27
               95300        3.429890e-04        4.626763e-27
               95400        2.660250e-04        4.431692e-27
               95500        2.774720e-04        4.431642e-27
               95600        2.912860e-04        4.429276e-27
               95700        2.815920e-04        4.230163e-27
               95800        2.679440e-04        4.195757e-27
               95900        2.651170e-04        4.195757e-27
               96000        2.582750e-04        4.195757e-27
               96100        2.565880e-04        4.275131e-27
               96200        2.571630e-04        3.989780e-27
               96300        2.547230e-04        3.989780e-27
               96400        2.496800e-04        3.989780e-27
               96500        2.532750e-04        3.989780e-27
               96600        2.537700e-04        4.157515e-27
               96700        2.521680e-04        4.157515e-27
               96800        2.566880e-04        4.157515e-27
               96900        2.548620e-04        4.157515e-27
               97000        3.070090e-04        4.101223e-27
               97100        2.672690e-04        4.101223e-27
               97200        2.824800e-04        4.101223e-27
               97300        3.516530e-04        4.101420e-27
               97400        2.645900e-04        4.319249e-27
               97500        2.596710e-04        4.319249e-27
               97600        2.618470e-04        4.319249e-27
               97700        2.578800e-04        4.319249e-27
               97800        2.105050e-04        4.015845e-27
               97900        2.231770e-04        4.015845e-27
               98000        2.066880e-04        4.015845e-27
               98100        2.039760e-04        4.015845e-27
               98200        2.093030e-04        4.015845e-27
               98300        2.058190e-04        4.170973e-27
               98400        2.021610e-04        4.170973e-27
               98500        2.046100e-04        4.170973e-27
               98600        2.041460e-04        4.317704e-27
               98700        2.134990e-04        4.693301e-27
               98800        2.045300e-04        4.693301e-27
               98900        2.022080e-04        4.693301e-27
               99000        2.303210e-04        4.402742e-27
               99100        2.005310e-04        3.963523e-27
               99200        1.969080e-04        3.963523e-27
               99300        1.977810e-04        3.963523e-27
               99400        1.923480e-04        4.246800e-27
               99500        1.524460e-04        4.062872e-27
               99600        1.538500e-04        4.062219e-27
               99700        1.583050e-04        4.062872e-27
               99800        1.517090e-04        4.063294e-27
               99900        1.541130e-04        4.008008e-27
              100000        1.509840e-04        4.008008e-27
