Period: 100
               Epoch           Time cost                Loss
                 100        2.281170e-04        1.555049e+04
                 200        1.687320e-04        3.556594e+03
                 300        1.604990e-04        5.025616e+02
                 400        1.786310e-04        5.427393e+01
                 500        1.732150e-04        5.161032e+00
                 600        1.789900e-04        7.490867e-01
                 700        1.796010e-04        7.946870e-02
                 800        1.773420e-04        9.966611e-03
                 900        1.775360e-04        1.364911e-03
                1000        1.759270e-04        2.872000e-04
                1100        1.759030e-04        4.055814e-05
                1200        1.774670e-04        4.806505e-06
                1300        1.760940e-04        1.021174e-06
                1400        1.782870e-04        1.206505e-07
                1500        1.743160e-04        2.142326e-08
                1600        1.777890e-04        3.734844e-09
                1700        1.723140e-04        5.142894e-10
                1800        1.787900e-04        6.326031e-11
                1900        1.890280e-04        1.274207e-11
                2000        1.753110e-04        1.620384e-12
                2100        1.836920e-04        3.389187e-13
                2200        1.781430e-04        3.748608e-14
                2300        1.769590e-04        3.749878e-15
                2400        1.885350e-04        6.276459e-16
                2500        1.780880e-04        1.315490e-16
                2600        1.778490e-04        2.649249e-17
                2700        1.777190e-04        4.586293e-18
                2800        1.767200e-04        7.417509e-19
                2900        1.890820e-04        6.531603e-20
                3000        1.871410e-04        4.637525e-21
                3100        1.781390e-04        8.367444e-22
                3200        1.781310e-04        1.549213e-22
                3300        1.761000e-04        2.356788e-23
                3400        1.797460e-04        2.534303e-24
                3500        1.787800e-04        4.346127e-25
                3600        2.149450e-04        1.028718e-25
                3700        1.698040e-04        2.998364e-26
                3800        1.772650e-04        1.944944e-26
                3900        1.742950e-04        1.748238e-26
                4000        1.868600e-04        1.106100e-26
                4100        1.851480e-04        1.505813e-26
                4200        1.810860e-04        1.204829e-26
                4300        1.737540e-04        1.503756e-26
                4400        1.804520e-04        1.459018e-26
                4500        1.810300e-04        1.317464e-26
                4600        1.839450e-04        1.129228e-26
                4700        1.816860e-04        1.180186e-26
                4800        1.631580e-04        1.240835e-26
                4900        1.812180e-04        1.208696e-26
                5000        1.810510e-04        1.456006e-26
                5100        1.823160e-04        1.382650e-26
                5200        1.849780e-04        1.514904e-26
                5300        1.991940e-04        1.851504e-26
                5400        1.825620e-04        1.454423e-26
                5500        1.953450e-04        1.441636e-26
                5600        1.862290e-04        1.294428e-26
                5700        2.128850e-04        1.494560e-26
                5800        1.812290e-04        1.546252e-26
                5900        1.892690e-04        1.362002e-26
                6000        1.818310e-04        1.280470e-26
                6100        1.880440e-04        2.156971e-26
                6200        1.822330e-04        2.242782e-26
                6300        1.827990e-04        1.589203e-26
                6400        1.816900e-04        1.617807e-26
                6500        1.807380e-04        1.944647e-26
                6600        1.814590e-04        1.866600e-26
                6700        1.717460e-04        1.617014e-26
                6800        1.838880e-04        1.700867e-26
                6900        1.793350e-04        1.806114e-26
                7000        2.079270e-04        1.795480e-26
                7100        1.854610e-04        2.267308e-26
                7200        1.731520e-04        1.482589e-26
                7300        1.757780e-04        1.231104e-26
                7400        1.992560e-04        1.465207e-26
                7500        1.672780e-04        1.228227e-26
                7600        1.647820e-04        1.689005e-26
                7700        1.686560e-04        1.300498e-26
                7800        1.891820e-04        1.203828e-26
                7900        1.654810e-04        1.381491e-26
                8000        1.619700e-04        1.358994e-26
                8100        1.649990e-04        1.670700e-26
                8200        1.874670e-04        1.403977e-26
                8300        1.794550e-04        1.369886e-26
                8400        1.692970e-04        1.736005e-26
                8500        1.682510e-04        1.298120e-26
                8600        1.668960e-04        1.305721e-26
                8700        1.681270e-04        1.474793e-26
                8800        1.771630e-04        1.354220e-26
                8900        1.726820e-04        1.263955e-26
                9000        1.814420e-04        1.588784e-26
                9100        1.942320e-04        1.200584e-26
                9200        1.854970e-04        1.164152e-26
                9300        1.692750e-04        1.554518e-26
                9400        1.649650e-04        1.368132e-26
                9500        1.696020e-04        1.423575e-26
                9600        1.710210e-04        1.683817e-26
                9700        1.763200e-04        1.169429e-26
                9800        1.658600e-04        1.503089e-26
                9900        1.660790e-04        1.567718e-26
               10000        1.655600e-04        1.659337e-26
               10100        1.653710e-04        1.243285e-26
               10200        1.743980e-04        1.382543e-26
               10300        1.716570e-04        1.368638e-26
               10400        1.720760e-04        1.087118e-26
               10500        1.720600e-04        1.231526e-26
               10600        1.676210e-04        1.447724e-26
               10700        1.736840e-04        1.660858e-26
               10800        1.736720e-04        1.329966e-26
               10900        1.957500e-04        1.481941e-26
               11000        2.068870e-04        1.259539e-26
               11100        1.726060e-04        1.158298e-26
               11200        1.687880e-04        1.371281e-26
               11300        1.780710e-04        9.847982e-27
               11400        1.877380e-04        7.657912e-27
               11500        1.694800e-04        1.213479e-26
               11600        1.717630e-04        1.061250e-26
               11700        1.677850e-04        1.682185e-26
               11800        1.707400e-04        1.483016e-26
               11900        1.931770e-04        1.625746e-26
               12000        1.806910e-04        1.512477e-26
               12100        1.746080e-04        1.559288e-26
               12200        1.752490e-04        1.596251e-26
               12300        1.762590e-04        1.716144e-26
               12400        1.884900e-04        1.695460e-26
               12500        2.214650e-04        1.504446e-26
               12600        1.813960e-04        1.634765e-26
               12700        1.685140e-04        1.502974e-26
               12800        2.307740e-04        1.501114e-26
               12900        1.721340e-04        1.248324e-26
               13000        1.730810e-04        1.401010e-26
               13100        1.763830e-04        1.334452e-26
               13200        1.711460e-04        1.727536e-26
               13300        1.671230e-04        1.629220e-26
               13400        1.662350e-04        1.738376e-26
               13500        1.725560e-04        1.983673e-26
               13600        1.982070e-04        1.539259e-26
               13700        1.720670e-04        1.694419e-26
               13800        1.676370e-04        2.179143e-26
               13900        1.689920e-04        1.900277e-26
               14000        1.768290e-04        1.407626e-26
               14100        1.780990e-04        1.454073e-26
               14200        2.484700e-04        1.246591e-26
               14300        1.779160e-04        1.281948e-26
               14400        1.748100e-04        1.161361e-26
               14500        1.744450e-04        1.132699e-26
               14600        1.736880e-04        1.635651e-26
               14700        1.780230e-04        1.482431e-26
               14800        1.797670e-04        1.319295e-26
               14900        1.785520e-04        1.609957e-26
               15000        1.843730e-04        1.648484e-26
               15100        1.832550e-04        1.474595e-26
               15200        1.949740e-04        1.651021e-26
               15300        1.707430e-04        1.626019e-26
               15400        1.749970e-04        1.361907e-26
               15500        1.720240e-04        1.507162e-26
               15600        1.739710e-04        1.536604e-26
               15700        1.754090e-04        1.606514e-26
               15800        1.784690e-04        1.588032e-26
               15900        1.784500e-04        1.401842e-26
               16000        1.836530e-04        1.539982e-26
               16100        1.914770e-04        1.377296e-26
               16200        1.705570e-04        1.537276e-26
               16300        1.740850e-04        1.446923e-26
               16400        1.798060e-04        1.339021e-26
               16500        1.795000e-04        1.108634e-26
               16600        1.753180e-04        1.339978e-26
               16700        1.768040e-04        1.386482e-26
               16800        1.739450e-04        1.631729e-26
               16900        1.840770e-04        1.795634e-26
               17000        1.828760e-04        1.190216e-26
               17100        1.786100e-04        1.283460e-26
               17200        1.803970e-04        1.692759e-26
               17300        1.802730e-04        1.676499e-26
               17400        1.740090e-04        1.842183e-26
               17500        1.779110e-04        2.034462e-26
               17600        1.812500e-04        1.497902e-26
               17700        1.777870e-04        1.082788e-26
               17800        1.731330e-04        1.363692e-26
               17900        1.743070e-04        1.066037e-26
               18000        1.757680e-04        1.412995e-26
               18100        1.818080e-04        1.457190e-26
               18200        1.822250e-04        1.827754e-26
               18300        1.688050e-04        1.409854e-26
               18400        1.704420e-04        1.177503e-26
               18500        1.701840e-04        1.015999e-26
               18600        1.817150e-04        1.681272e-26
               18700        1.734710e-04        1.633436e-26
               18800        1.762860e-04        1.581360e-26
               18900        1.744630e-04        1.844168e-26
               19000        1.765440e-04        1.422420e-26
               19100        1.765870e-04        1.405500e-26
               19200        1.735160e-04        1.841023e-26
               19300        1.851130e-04        1.431433e-26
               19400        2.057780e-04        1.441441e-26
               19500        1.981170e-04        1.076172e-26
               19600        1.811400e-04        1.313890e-26
               19700        1.748880e-04        1.855386e-26
               19800        1.796050e-04        1.234790e-26
               19900        1.759690e-04        1.421600e-26
               20000        1.766840e-04        1.658500e-26
               20100        1.726470e-04        1.553116e-26
               20200        1.779970e-04        1.349013e-26
               20300        1.853330e-04        1.441106e-26
               20400        1.740620e-04        1.161527e-26
               20500        1.806780e-04        1.454124e-26
               20600        1.760560e-04        1.314435e-26
               20700        1.767620e-04        1.661962e-26
               20800        1.791900e-04        1.218337e-26
               20900        1.705340e-04        1.028481e-26
               21000        1.809700e-04        1.411241e-26
               21100        1.997670e-04        1.246900e-26
               21200        1.841510e-04        1.632671e-26
               21300        1.780120e-04        1.422525e-26
               21400        1.739360e-04        1.205118e-26
               21500        1.758840e-04        1.073895e-26
               21600        1.731390e-04        1.259797e-26
               21700        1.733370e-04        1.381493e-26
               21800        1.730420e-04        1.528948e-26
               21900        1.810460e-04        1.315293e-26
               22000        1.787560e-04        1.651835e-26
               22100        1.783490e-04        1.714905e-26
               22200        1.760020e-04        1.436718e-26
               22300        1.823120e-04        1.204544e-26
               22400        1.865460e-04        1.306348e-26
               22500        1.790220e-04        1.598790e-26
               22600        1.865040e-04        1.500398e-26
               22700        1.806350e-04        1.397391e-26
               22800        1.777480e-04        1.377800e-26
               22900        1.807250e-04        1.238746e-26
               23000        1.787050e-04        1.858210e-26
               23100        1.749160e-04        2.064163e-26
               23200        1.791720e-04        1.651873e-26
               23300        1.731800e-04        1.562500e-26
               23400        1.702650e-04        1.220558e-26
               23500        1.738310e-04        1.324716e-26
               23600        1.709240e-04        1.594549e-26
               23700        1.714860e-04        1.473124e-26
               23800        1.847480e-04        1.354932e-26
               23900        1.789400e-04        1.743998e-26
               24000        1.799820e-04        1.814391e-26
               24100        1.802860e-04        1.254312e-26
               24200        1.820730e-04        1.289874e-26
               24300        1.742080e-04        2.049971e-26
               24400        1.778860e-04        1.393909e-26
               24500        1.829930e-04        2.026837e-26
               24600        1.872390e-04        1.383113e-26
               24700        2.319100e-04        1.268781e-26
               24800        1.759260e-04        1.482550e-26
               24900        1.745050e-04        1.527492e-26
               25000        1.795710e-04        1.556308e-26
               25100        1.741170e-04        1.480572e-26
               25200        1.748410e-04        1.203084e-26
               25300        1.811180e-04        1.464199e-26
               25400        1.919770e-04        1.315042e-26
               25500        1.908740e-04        1.049630e-26
               25600        1.739690e-04        1.267256e-26
               25700        1.823690e-04        1.358371e-26
               25800        1.753050e-04        1.157642e-26
               25900        1.780470e-04        1.207157e-26
               26000        1.770670e-04        9.490024e-27
               26100        1.809460e-04        1.263921e-26
               26200        1.716660e-04        1.107063e-26
               26300        1.833960e-04        1.303435e-26
               26400        1.791050e-04        1.607004e-26
               26500        1.810970e-04        1.073443e-26
               26600        1.921980e-04        1.477856e-26
               26700        1.762940e-04        1.272838e-26
               26800        1.786780e-04        1.092886e-26
               26900        1.753460e-04        1.308106e-26
               27000        1.795810e-04        1.725008e-26
               27100        1.738740e-04        1.201197e-26
               27200        1.783390e-04        1.812299e-26
               27300        1.748250e-04        1.496353e-26
               27400        1.777800e-04        1.266610e-26
               27500        1.729790e-04        1.733107e-26
               27600        1.737030e-04        9.248489e-27
               27700        1.763280e-04        1.137745e-26
               27800        1.768920e-04        1.095392e-26
               27900        2.021380e-04        1.242691e-26
               28000        2.392590e-04        1.216624e-26
               28100        2.090680e-04        1.142109e-26
               28200        1.773920e-04        1.513656e-26
               28300        1.735460e-04        1.285401e-26
               28400        1.749920e-04        1.423366e-26
               28500        1.791910e-04        1.282626e-26
               28600        1.783650e-04        1.510975e-26
               28700        1.806810e-04        1.202919e-26
               28800        1.709100e-04        1.122576e-26
               28900        1.746120e-04        1.495961e-26
               29000        1.736150e-04        1.432591e-26
               29100        1.848330e-04        1.573548e-26
               29200        1.780580e-04        1.464261e-26
               29300        1.759400e-04        1.146029e-26
               29400        1.783600e-04        1.515426e-26
               29500        1.771570e-04        1.368946e-26
               29600        1.769460e-04        1.494263e-26
               29700        1.876500e-04        1.220574e-26
               29800        1.986910e-04        1.391899e-26
               29900        2.063230e-04        1.633940e-26
               30000        1.790640e-04        1.180064e-26
               30100        1.710440e-04        1.000416e-26
               30200        1.800160e-04        9.752340e-27
               30300        1.789120e-04        9.265038e-27
               30400        1.777310e-04        9.847437e-27
               30500        1.772610e-04        9.864316e-27
               30600        1.813390e-04        1.287222e-26
               30700        1.752450e-04        1.143333e-26
               30800        1.772670e-04        1.274206e-26
               30900        1.778280e-04        1.647105e-26
               31000        1.794110e-04        1.437764e-26
               31100        1.917720e-04        1.234615e-26
               31200        1.822160e-04        1.254927e-26
               31300        1.824870e-04        1.542455e-26
               31400        1.821360e-04        1.776946e-26
               31500        1.876390e-04        1.653232e-26
               31600        1.825680e-04        1.063186e-26
               31700        1.772560e-04        1.140817e-26
               31800        1.839590e-04        9.004157e-27
               31900        1.799040e-04        1.497970e-26
               32000        1.823540e-04        1.336917e-26
               32100        1.755340e-04        2.114499e-26
               32200        1.797340e-04        1.809421e-26
               32300        1.777370e-04        1.246556e-26
               32400        1.787890e-04        1.676010e-26
               32500        1.739610e-04        1.179621e-26
               32600        1.776710e-04        1.130788e-26
               32700        1.759860e-04        1.761225e-26
               32800        1.792390e-04        1.499483e-26
               32900        1.888470e-04        9.263943e-27
               33000        1.824940e-04        1.051291e-26
               33100        1.869540e-04        1.231165e-26
               33200        1.816860e-04        1.109669e-26
               33300        1.774370e-04        1.487327e-26
               33400        1.754300e-04        1.756525e-26
               33500        1.772000e-04        1.534403e-26
               33600        1.768230e-04        1.836939e-26
               33700        1.762360e-04        1.539847e-26
               33800        1.862410e-04        1.756920e-26
               33900        1.780720e-04        1.268882e-26
               34000        1.767680e-04        1.469628e-26
               34100        1.776940e-04        1.484153e-26
               34200        1.792970e-04        1.539783e-26
               34300        1.785040e-04        1.141480e-26
               34400        1.899340e-04        1.498774e-26
               34500        1.804710e-04        1.531960e-26
               34600        1.745190e-04        1.279623e-26
               34700        1.929160e-04        1.158165e-26
               34800        1.833870e-04        1.525582e-26
               34900        1.946670e-04        1.259471e-26
               35000        2.021080e-04        1.346294e-26
               35100        1.783240e-04        1.214741e-26
               35200        1.767720e-04        1.391134e-26
               35300        1.818470e-04        1.506567e-26
               35400        1.953720e-04        1.174012e-26
               35500        1.800190e-04        1.305023e-26
               35600        1.743790e-04        1.471657e-26
               35700        1.793100e-04        1.344915e-26
               35800        1.765090e-04        1.734087e-26
               35900        1.764120e-04        1.733821e-26
               36000        1.759040e-04        1.872088e-26
               36100        1.771730e-04        1.584151e-26
               36200        1.782990e-04        1.987350e-26
               36300        1.795840e-04        1.666202e-26
               36400        1.771380e-04        1.330070e-26
               36500        1.816580e-04        1.366280e-26
               36600        1.859660e-04        1.393847e-26
               36700        1.794930e-04        1.651495e-26
               36800        1.885600e-04        1.391475e-26
               36900        1.880370e-04        1.331735e-26
               37000        2.147230e-04        1.533003e-26
               37100        1.860810e-04        1.276518e-26
               37200        1.786980e-04        1.309673e-26
               37300        1.804690e-04        1.682344e-26
               37400        1.849210e-04        1.283989e-26
               37500        1.772710e-04        1.577090e-26
               37600        1.831400e-04        1.502087e-26
               37700        1.800490e-04        1.266567e-26
               37800        1.747240e-04        1.214138e-26
               37900        1.835210e-04        1.530083e-26
               38000        1.800730e-04        1.460760e-26
               38100        1.758650e-04        1.439994e-26
               38200        1.858700e-04        1.501026e-26
               38300        1.810250e-04        1.300219e-26
               38400        1.940380e-04        1.280122e-26
               38500        1.930840e-04        1.137435e-26
               38600        1.772720e-04        1.607014e-26
               38700        1.735480e-04        1.282041e-26
               38800        1.792090e-04        1.361856e-26
               38900        1.875130e-04        1.562757e-26
               39000        1.808890e-04        1.399428e-26
               39100        2.180450e-04        1.554689e-26
               39200        1.820650e-04        1.586598e-26
               39300        2.262060e-04        1.715764e-26
               39400        1.746590e-04        1.307876e-26
               39500        1.729720e-04        1.810966e-26
               39600        1.760900e-04        1.999259e-26
               39700        1.736860e-04        1.529452e-26
               39800        1.832820e-04        1.294287e-26
               39900        2.255340e-04        1.042062e-26
               40000        1.726540e-04        1.424374e-26
               40100        1.733080e-04        1.690545e-26
               40200        1.933330e-04        1.764580e-26
               40300        1.769620e-04        1.547721e-26
               40400        1.752790e-04        2.245228e-26
               40500        1.749180e-04        1.693073e-26
               40600        1.807800e-04        1.712957e-26
               40700        1.751490e-04        1.252566e-26
               40800        1.717800e-04        1.483921e-26
               40900        1.730190e-04        1.417997e-26
               41000        1.768280e-04        1.963205e-26
               41100        1.766210e-04        1.843396e-26
               41200        1.854840e-04        1.542313e-26
               41300        1.838060e-04        1.258645e-26
               41400        1.768250e-04        1.742674e-26
               41500        1.803560e-04        1.822147e-26
               41600        1.829110e-04        1.513079e-26
               41700        1.925790e-04        1.354599e-26
               41800        1.792820e-04        1.116903e-26
               41900        1.728970e-04        1.805501e-26
               42000        2.132570e-04        1.332129e-26
               42100        2.403450e-04        1.241692e-26
               42200        1.809220e-04        1.606688e-26
               42300        1.781550e-04        1.385872e-26
               42400        1.749320e-04        1.254017e-26
               42500        1.804660e-04        1.874066e-26
               42600        1.841980e-04        1.328155e-26
               42700        1.823730e-04        1.285634e-26
               42800        1.839620e-04        1.583732e-26
               42900        1.810990e-04        1.593862e-26
               43000        1.847070e-04        1.385825e-26
               43100        1.806200e-04        1.672527e-26
               43200        1.819450e-04        1.548709e-26
               43300        1.768840e-04        9.879431e-27
               43400        1.771930e-04        1.197909e-26
               43500        1.899240e-04        1.430384e-26
               43600        1.793200e-04        1.357919e-26
               43700        1.753310e-04        1.499864e-26
               43800        1.713520e-04        1.449368e-26
               43900        1.768400e-04        1.877887e-26
               44000        1.751540e-04        1.925223e-26
               44100        1.728650e-04        1.544069e-26
               44200        1.752440e-04        1.283349e-26
               44300        1.786200e-04        1.218447e-26
               44400        1.833310e-04        1.452040e-26
               44500        1.720410e-04        1.256668e-26
               44600        1.736470e-04        1.445798e-26
               44700        1.747810e-04        1.595119e-26
               44800        2.463700e-04        1.259504e-26
               44900        1.845510e-04        1.009897e-26
               45000        1.974430e-04        1.419607e-26
               45100        1.994850e-04        1.208066e-26
               45200        1.808010e-04        1.507631e-26
               45300        1.753520e-04        1.039070e-26
               45400        1.748950e-04        1.140366e-26
               45500        1.744750e-04        1.520098e-26
               45600        1.717850e-04        1.647945e-26
               45700        1.783250e-04        1.479985e-26
               45800        1.762100e-04        1.186859e-26
               45900        1.832450e-04        1.448660e-26
               46000        1.749680e-04        1.296913e-26
               46100        1.745770e-04        1.604445e-26
               46200        1.823730e-04        1.337716e-26
               46300        1.755310e-04        9.881584e-27
               46400        1.748810e-04        1.154055e-26
               46500        1.804650e-04        1.172282e-26
               46600        1.761780e-04        1.197185e-26
               46700        1.771560e-04        1.328290e-26
               46800        1.817050e-04        1.497504e-26
               46900        1.886870e-04        1.250582e-26
               47000        1.753150e-04        1.239673e-26
               47100        1.742890e-04        1.070627e-26
               47200        1.749130e-04        1.096272e-26
               47300        1.768130e-04        1.541868e-26
               47400        1.729430e-04        1.470113e-26
               47500        1.733750e-04        1.250712e-26
               47600        1.790100e-04        1.149044e-26
               47700        1.796120e-04        1.148037e-26
               47800        1.783870e-04        1.434438e-26
               47900        1.769150e-04        1.330689e-26
               48000        1.865870e-04        1.569649e-26
               48100        1.734140e-04        1.152199e-26
               48200        1.746410e-04        1.573245e-26
               48300        1.778370e-04        1.226418e-26
               48400        1.826890e-04        1.216038e-26
               48500        1.953150e-04        1.151031e-26
               48600        1.848130e-04        1.256108e-26
               48700        1.736820e-04        1.402188e-26
               48800        1.706050e-04        1.390163e-26
               48900        1.829690e-04        1.027167e-26
               49000        1.794430e-04        9.420940e-27
               49100        1.728040e-04        1.173169e-26
               49200        1.765000e-04        1.405750e-26
               49300        1.750640e-04        1.524961e-26
               49400        1.766690e-04        9.927061e-27
               49500        1.839540e-04        1.311818e-26
               49600        1.759110e-04        1.304862e-26
               49700        1.760660e-04        1.496015e-26
               49800        2.009960e-04        1.125938e-26
               49900        1.853880e-04        1.329295e-26
               50000        1.817470e-04        1.535533e-26
               50100        1.868960e-04        1.455476e-26
               50200        1.919810e-04        1.660351e-26
               50300        1.714810e-04        1.722519e-26
               50400        1.810920e-04        1.344411e-26
               50500        1.758720e-04        1.072929e-26
               50600        1.757460e-04        1.445533e-26
               50700        1.824470e-04        1.372081e-26
               50800        1.864520e-04        1.319440e-26
               50900        1.811270e-04        1.116893e-26
               51000        1.780990e-04        1.576045e-26
               51100        1.835380e-04        1.452849e-26
               51200        1.747580e-04        1.815312e-26
               51300        1.789110e-04        1.340647e-26
               51400        1.766170e-04        1.385057e-26
               51500        1.778780e-04        1.279277e-26
               51600        1.845820e-04        1.533988e-26
               51700        1.824620e-04        1.329053e-26
               51800        1.786410e-04        1.613832e-26
               51900        2.129940e-04        1.581053e-26
               52000        1.702780e-04        1.533665e-26
               52100        1.691250e-04        1.762277e-26
               52200        1.741080e-04        1.219112e-26
               52300        1.730640e-04        1.447330e-26
               52400        1.810820e-04        1.407278e-26
               52500        1.778180e-04        1.662559e-26
               52600        1.760830e-04        1.638064e-26
               52700        1.735180e-04        1.955219e-26
               52800        1.834900e-04        1.623015e-26
               52900        1.854680e-04        1.227987e-26
               53000        1.806490e-04        1.050667e-26
               53100        1.735040e-04        1.505161e-26
               53200        1.796950e-04        1.490160e-26
               53300        1.793770e-04        1.394588e-26
               53400        1.849330e-04        1.959517e-26
               53500        1.845650e-04        1.332621e-26
               53600        1.957450e-04        1.154107e-26
               53700        1.706080e-04        1.289298e-26
               53800        1.710380e-04        1.571319e-26
               53900        1.731450e-04        1.116936e-26
               54000        1.750020e-04        1.166869e-26
               54100        1.728380e-04        1.751896e-26
               54200        1.730650e-04        1.536867e-26
               54300        1.711680e-04        1.606476e-26
               54400        1.758780e-04        1.114537e-26
               54500        1.747980e-04        1.487800e-26
               54600        1.695180e-04        1.396784e-26
               54700        1.866530e-04        1.323106e-26
               54800        1.756120e-04        1.503059e-26
               54900        1.782550e-04        1.259264e-26
               55000        1.780060e-04        9.435047e-27
               55100        1.826780e-04        1.935666e-26
               55200        2.060830e-04        1.735529e-26
               55300        2.080090e-04        1.425378e-26
               55400        1.743550e-04        1.546999e-26
               55500        1.771340e-04        1.430688e-26
               55600        1.750710e-04        9.180021e-27
               55700        1.792790e-04        1.143167e-26
               55800        1.714960e-04        1.755763e-26
               55900        1.714290e-04        1.365464e-26
               56000        1.758330e-04        1.272273e-26
               56100        1.746300e-04        1.335773e-26
               56200        1.723910e-04        1.160916e-26
               56300        1.753650e-04        1.043553e-26
               56400        1.780730e-04        1.275526e-26
               56500        1.746820e-04        1.577003e-26
               56600        1.733780e-04        1.252308e-26
               56700        1.708280e-04        1.382933e-26
               56800        1.768000e-04        1.585607e-26
               56900        1.757480e-04        1.247939e-26
               57000        1.784080e-04        1.200904e-26
               57100        1.841890e-04        1.237661e-26
               57200        1.865540e-04        2.336638e-26
               57300        1.931040e-04        1.845587e-26
               57400        1.758480e-04        1.648861e-26
               57500        1.716910e-04        1.368101e-26
               57600        1.736840e-04        1.395200e-26
               57700        1.718940e-04        1.329573e-26
               57800        1.727390e-04        1.655142e-26
               57900        1.855680e-04        1.629616e-26
               58000        1.768660e-04        1.872401e-26
               58100        1.698550e-04        1.423030e-26
               58200        1.701250e-04        1.443478e-26
               58300        1.745140e-04        1.682531e-26
               58400        1.703330e-04        1.804309e-26
               58500        1.781920e-04        1.868381e-26
               58600        2.293700e-04        1.267938e-26
               58700        2.236040e-04        1.490401e-26
               58800        1.921340e-04        1.984503e-26
               58900        1.732500e-04        1.380850e-26
               59000        1.759420e-04        1.579054e-26
               59100        1.781640e-04        1.393757e-26
               59200        1.760950e-04        1.410699e-26
               59300        1.722790e-04        1.636708e-26
               59400        1.823810e-04        1.297651e-26
               59500        1.703720e-04        1.690457e-26
               59600        1.820150e-04        1.570976e-26
               59700        1.798670e-04        1.328332e-26
               59800        1.737380e-04        1.374437e-26
               59900        1.739900e-04        1.127622e-26
               60000        1.832740e-04        1.455951e-26
               60100        1.780760e-04        1.557690e-26
               60200        1.797410e-04        1.436889e-26
               60300        2.001840e-04        1.633020e-26
               60400        1.839530e-04        1.567910e-26
               60500        1.729650e-04        1.660101e-26
               60600        1.830670e-04        1.522791e-26
               60700        1.760580e-04        1.350303e-26
               60800        1.776050e-04        1.233992e-26
               60900        1.844700e-04        1.303813e-26
               61000        1.725660e-04        1.491054e-26
               61100        1.681050e-04        1.096617e-26
               61200        1.771410e-04        1.062057e-26
               61300        1.732800e-04        1.738069e-26
               61400        1.839380e-04        1.496408e-26
               61500        1.851430e-04        1.296704e-26
               61600        1.816420e-04        1.146368e-26
               61700        1.780780e-04        1.497439e-26
               61800        1.690530e-04        1.568345e-26
               61900        1.835730e-04        1.758016e-26
               62000        2.203920e-04        1.541817e-26
               62100        1.926720e-04        1.560932e-26
               62200        1.896910e-04        1.340785e-26
               62300        1.736970e-04        1.559816e-26
               62400        2.590870e-04        1.506776e-26
               62500        1.769740e-04        1.257984e-26
               62600        1.726490e-04        1.289986e-26
               62700        1.808510e-04        1.321742e-26
               62800        1.793410e-04        1.293358e-26
               62900        1.689980e-04        1.568154e-26
               63000        1.704220e-04        1.270278e-26
               63100        1.742810e-04        1.322666e-26
               63200        1.773300e-04        1.483451e-26
               63300        1.744510e-04        1.743158e-26
               63400        1.709820e-04        1.228116e-26
               63500        1.716080e-04        1.114324e-26
               63600        1.805870e-04        1.601520e-26
               63700        1.780670e-04        1.549145e-26
               63800        2.056260e-04        1.272673e-26
               63900        1.702940e-04        1.095528e-26
               64000        1.714990e-04        1.133756e-26
               64100        1.780020e-04        1.376901e-26
               64200        1.758450e-04        1.299993e-26
               64300        1.785590e-04        1.266374e-26
               64400        1.737760e-04        1.148112e-26
               64500        1.753140e-04        1.447747e-26
               64600        1.802620e-04        1.255296e-26
               64700        1.754590e-04        9.965523e-27
               64800        1.786930e-04        1.342702e-26
               64900        1.738250e-04        1.405152e-26
               65000        1.754070e-04        1.097303e-26
               65100        1.814260e-04        1.485353e-26
               65200        1.841160e-04        1.449478e-26
               65300        1.852850e-04        1.244786e-26
               65400        2.205640e-04        1.262670e-26
               65500        1.953360e-04        1.156319e-26
               65600        1.854120e-04        1.367227e-26
               65700        1.750480e-04        1.242911e-26
               65800        1.764010e-04        1.124769e-26
               65900        1.854490e-04        1.001738e-26
               66000        1.776390e-04        8.696219e-27
               66100        1.784590e-04        1.414291e-26
               66200        1.736990e-04        1.578475e-26
               66300        1.849060e-04        1.758910e-26
               66400        1.782940e-04        1.574097e-26
               66500        1.822240e-04        1.577590e-26
               66600        1.762710e-04        1.621065e-26
               66700        1.775780e-04        1.439428e-26
               66800        1.803560e-04        1.420010e-26
               66900        2.041250e-04        1.499922e-26
               67000        2.192650e-04        1.554853e-26
               67100        1.860780e-04        1.323122e-26
               67200        2.017170e-04        1.363845e-26
               67300        1.772600e-04        1.391573e-26
               67400        1.759870e-04        1.381652e-26
               67500        1.738180e-04        1.167736e-26
               67600        1.712080e-04        1.569921e-26
               67700        1.675950e-04        1.345513e-26
               67800        1.756120e-04        1.553159e-26
               67900        1.745930e-04        1.654999e-26
               68000        1.762470e-04        2.457207e-26
               68100        1.746270e-04        1.539954e-26
               68200        1.836060e-04        1.291826e-26
               68300        1.787030e-04        1.685119e-26
               68400        1.778710e-04        1.011473e-26
               68500        1.878360e-04        1.182223e-26
               68600        1.875990e-04        1.479343e-26
               68700        1.917920e-04        1.730125e-26
               68800        1.856680e-04        1.973409e-26
               68900        1.791510e-04        1.132946e-26
               69000        1.824960e-04        1.391441e-26
               69100        1.795650e-04        1.499977e-26
               69200        1.794460e-04        1.135613e-26
               69300        1.788740e-04        1.251833e-26
               69400        1.816590e-04        1.505223e-26
               69500        1.719910e-04        1.342646e-26
               69600        1.757550e-04        1.200908e-26
               69700        1.802410e-04        1.375125e-26
               69800        1.804960e-04        1.440927e-26
               69900        1.842800e-04        1.358205e-26
               70000        1.779890e-04        1.270468e-26
               70100        1.760250e-04        1.267784e-26
               70200        1.801250e-04        1.189936e-26
               70300        2.059080e-04        1.299196e-26
               70400        1.835930e-04        1.101429e-26
               70500        1.761830e-04        1.295943e-26
               70600        1.771400e-04        1.265192e-26
               70700        1.807610e-04        1.479382e-26
               70800        1.938380e-04        1.350133e-26
               70900        1.753870e-04        1.629451e-26
               71000        1.708720e-04        1.351368e-26
               71100        1.714580e-04        1.496309e-26
               71200        1.740360e-04        1.567444e-26
               71300        1.757120e-04        1.494235e-26
               71400        1.795520e-04        1.355373e-26
               71500        1.779190e-04        1.350988e-26
               71600        1.855020e-04        1.142158e-26
               71700        1.935190e-04        1.227385e-26
               71800        1.788290e-04        1.417644e-26
               71900        1.891060e-04        1.672772e-26
               72000        2.035560e-04        2.256546e-26
               72100        2.469890e-04        1.527483e-26
               72200        1.745770e-04        1.223274e-26
               72300        1.857680e-04        1.143308e-26
               72400        1.769690e-04        1.685479e-26
               72500        1.755560e-04        1.339953e-26
               72600        1.813800e-04        1.193488e-26
               72700        1.717160e-04        1.631962e-26
               72800        1.733710e-04        1.400602e-26
               72900        1.796230e-04        1.360557e-26
               73000        1.738120e-04        1.506843e-26
               73100        1.738510e-04        1.197068e-26
               73200        1.757800e-04        1.223165e-26
               73300        1.709200e-04        8.666028e-27
               73400        1.796960e-04        1.046171e-26
               73500        1.901860e-04        1.254752e-26
               73600        1.848950e-04        1.400798e-26
               73700        2.234520e-04        1.299468e-26
               73800        2.076570e-04        1.577322e-26
               73900        1.800600e-04        2.552483e-26
               74000        1.786920e-04        1.730040e-26
               74100        1.849340e-04        1.625820e-26
               74200        1.779660e-04        1.990856e-26
               74300        1.818120e-04        1.255599e-26
               74400        1.754670e-04        9.466439e-27
               74500        1.753120e-04        1.643890e-26
               74600        1.733510e-04        1.613034e-26
               74700        1.769560e-04        1.638243e-26
               74800        1.738200e-04        1.130714e-26
               74900        1.743270e-04        1.410639e-26
               75000        1.761770e-04        1.564378e-26
               75100        1.687860e-04        1.436663e-26
               75200        1.740630e-04        1.660870e-26
               75300        1.741000e-04        1.795298e-26
               75400        2.003370e-04        1.885696e-26
               75500        2.130250e-04        1.417290e-26
               75600        1.795220e-04        1.324612e-26
               75700        1.745290e-04        1.411329e-26
               75800        1.822070e-04        1.659536e-26
               75900        1.764020e-04        1.639344e-26
               76000        1.800040e-04        1.352939e-26
               76100        1.758960e-04        1.067319e-26
               76200        1.716110e-04        1.230805e-26
               76300        1.800000e-04        1.211649e-26
               76400        1.778560e-04        1.690022e-26
               76500        1.775020e-04        1.494088e-26
               76600        1.716730e-04        1.196727e-26
               76700        1.823230e-04        1.267081e-26
               76800        1.866870e-04        1.411601e-26
               76900        1.805370e-04        1.762950e-26
               77000        1.822640e-04        1.713726e-26
               77100        1.817340e-04        1.554944e-26
               77200        1.825300e-04        1.279810e-26
               77300        1.820500e-04        1.343922e-26
               77400        2.068070e-04        1.418320e-26
               77500        2.216960e-04        1.150595e-26
               77600        1.759520e-04        1.525051e-26
               77700        1.730820e-04        1.181178e-26
               77800        1.740660e-04        1.530311e-26
               77900        1.721560e-04        1.666211e-26
               78000        1.725670e-04        1.867102e-26
               78100        1.767160e-04        1.533238e-26
               78200        1.773180e-04        1.517434e-26
               78300        1.806900e-04        1.670293e-26
               78400        1.805530e-04        1.545876e-26
               78500        1.810940e-04        1.508177e-26
               78600        1.780030e-04        1.908120e-26
               78700        1.796030e-04        1.318443e-26
               78800        1.851210e-04        1.503868e-26
               78900        1.759500e-04        1.916127e-26
               79000        1.757560e-04        1.763295e-26
               79100        1.718840e-04        1.485716e-26
               79200        1.693940e-04        1.802504e-26
               79300        1.721990e-04        1.535229e-26
               79400        1.741270e-04        1.418122e-26
               79500        1.700100e-04        2.135458e-26
               79600        1.729160e-04        1.804261e-26
               79700        1.790560e-04        1.552541e-26
               79800        1.722660e-04        1.738188e-26
               79900        1.765780e-04        1.632507e-26
               80000        1.753180e-04        1.567680e-26
               80100        1.909350e-04        1.249219e-26
               80200        1.839130e-04        1.307336e-26
               80300        1.824510e-04        1.505427e-26
               80400        1.825240e-04        1.589058e-26
               80500        2.326470e-04        1.203460e-26
               80600        2.435970e-04        1.623749e-26
               80700        1.842020e-04        1.719317e-26
               80800        1.815270e-04        1.382209e-26
               80900        1.793510e-04        1.583619e-26
               81000        1.778450e-04        1.416198e-26
               81100        1.894940e-04        1.605920e-26
               81200        1.783600e-04        1.534651e-26
               81300        1.804940e-04        1.345922e-26
               81400        1.817470e-04        1.432708e-26
               81500        1.917970e-04        1.206208e-26
               81600        1.814510e-04        1.418018e-26
               81700        1.936800e-04        1.274118e-26
               81800        1.870650e-04        1.381254e-26
               81900        1.872220e-04        1.573099e-26
               82000        1.904640e-04        1.393174e-26
               82100        1.891880e-04        1.582272e-26
               82200        2.003580e-04        1.653171e-26
               82300        1.974910e-04        1.626423e-26
               82400        1.890910e-04        1.800696e-26
               82500        1.943400e-04        1.876974e-26
               82600        1.898340e-04        1.552733e-26
               82700        1.917290e-04        1.029164e-26
               82800        1.881600e-04        1.660350e-26
               82900        1.879030e-04        1.539847e-26
               83000        1.893810e-04        1.548375e-26
               83100        1.868380e-04        1.158761e-26
               83200        1.920460e-04        1.484962e-26
               83300        1.938980e-04        1.531866e-26
               83400        1.873770e-04        1.371125e-26
               83500        1.934960e-04        1.390520e-26
               83600        2.179180e-04        1.899548e-26
               83700        1.964500e-04        1.518612e-26
               83800        1.974050e-04        1.546180e-26
               83900        2.070430e-04        1.400982e-26
               84000        1.975930e-04        1.451406e-26
               84100        1.991220e-04        1.518511e-26
               84200        2.002380e-04        1.329480e-26
               84300        1.987210e-04        1.301913e-26
               84400        2.032030e-04        2.101129e-26
               84500        2.006020e-04        1.682779e-26
               84600        1.968670e-04        1.792178e-26
               84700        2.014570e-04        1.143960e-26
               84800        2.004250e-04        1.350242e-26
               84900        2.003850e-04        1.895587e-26
               85000        1.996410e-04        1.208513e-26
               85100        1.981870e-04        1.302353e-26
               85200        2.255440e-04        1.321799e-26
               85300        2.111070e-04        1.743934e-26
               85400        2.235010e-04        1.342804e-26
               85500        2.266630e-04        1.147499e-26
               85600        2.077850e-04        1.446424e-26
               85700        2.062410e-04        1.299283e-26
               85800        2.093840e-04        1.372608e-26
               85900        2.000400e-04        1.834218e-26
               86000        1.994530e-04        1.699842e-26
               86100        1.962890e-04        1.452441e-26
               86200        1.997230e-04        1.489195e-26
               86300        2.008090e-04        1.264994e-26
               86400        1.962350e-04        1.342622e-26
               86500        2.020050e-04        1.148729e-26
               86600        2.059070e-04        1.158866e-26
               86700        2.048060e-04        1.576644e-26
               86800        2.096410e-04        1.613615e-26
               86900        2.098710e-04        1.669819e-26
               87000        1.972360e-04        1.606833e-26
               87100        2.034140e-04        1.087060e-26
               87200        1.965500e-04        1.455518e-26
               87300        2.076400e-04        1.158305e-26
               87400        1.929720e-04        1.077097e-26
               87500        1.947670e-04        9.623134e-27
               87600        1.946870e-04        1.408648e-26
               87700        1.914730e-04        1.429232e-26
               87800        1.936270e-04        1.120835e-26
               87900        1.921060e-04        1.324909e-26
               88000        1.985230e-04        1.230939e-26
               88100        1.890040e-04        1.278252e-26
               88200        1.964790e-04        1.129709e-26
               88300        2.001370e-04        1.202317e-26
               88400        2.117540e-04        1.046346e-26
               88500        1.933750e-04        1.010493e-26
               88600        1.980220e-04        1.324243e-26
               88700        1.985600e-04        1.484577e-26
               88800        1.943600e-04        1.222298e-26
               88900        1.931900e-04        1.363272e-26
               89000        1.929400e-04        1.260885e-26
               89100        1.952370e-04        1.559383e-26
               89200        1.903580e-04        1.571744e-26
               89300        1.925100e-04        1.430025e-26
               89400        1.896340e-04        1.535643e-26
               89500        1.880720e-04        1.604759e-26
               89600        1.905180e-04        1.517380e-26
               89700        1.891630e-04        1.169808e-26
               89800        1.930990e-04        1.511131e-26
               89900        1.948590e-04        1.622530e-26
               90000        2.105880e-04        1.326058e-26
               90100        1.959220e-04        1.240116e-26
               90200        1.943760e-04        1.260519e-26
               90300        1.885020e-04        1.225375e-26
               90400        1.912110e-04        1.269542e-26
               90500        1.907560e-04        1.392383e-26
               90600        1.901120e-04        1.272294e-26
               90700        1.887940e-04        1.697362e-26
               90800        1.866550e-04        1.908451e-26
               90900        1.945370e-04        1.656737e-26
               91000        1.861540e-04        1.425158e-26
               91100        1.875550e-04        1.776158e-26
               91200        1.890510e-04        1.893191e-26
               91300        1.938240e-04        1.859854e-26
               91400        1.978400e-04        1.611846e-26
               91500        2.354120e-04        1.532403e-26
               91600        2.288370e-04        1.477360e-26
               91700        1.914280e-04        1.209400e-26
               91800        1.920970e-04        1.208259e-26
               91900        1.931340e-04        1.041739e-26
               92000        1.891340e-04        9.860649e-27
               92100        1.900600e-04        1.403251e-26
               92200        1.922790e-04        1.870065e-26
               92300        2.407850e-04        1.546130e-26
               92400        1.948300e-04        1.242961e-26
               92500        1.884190e-04        1.140473e-26
               92600        1.886110e-04        1.947981e-26
               92700        1.915180e-04        1.465927e-26
               92800        1.876080e-04        1.588601e-26
               92900        1.895300e-04        1.312881e-26
               93000        1.938030e-04        1.600044e-26
               93100        2.264110e-04        1.659815e-26
               93200        2.284690e-04        1.831087e-26
               93300        1.924780e-04        1.514035e-26
               93400        1.898250e-04        1.791357e-26
               93500        1.893660e-04        1.549117e-26
               93600        1.862980e-04        1.672146e-26
               93700        1.962930e-04        1.711902e-26
               93800        1.981750e-04        1.513316e-26
               93900        1.931100e-04        1.323333e-26
               94000        2.371590e-04        1.878261e-26
               94100        1.925900e-04        1.942907e-26
               94200        1.955540e-04        1.355202e-26
               94300        2.013160e-04        1.213616e-26
               94400        1.933650e-04        1.300189e-26
               94500        1.997760e-04        1.076002e-26
               94600        2.033590e-04        1.325415e-26
               94700        2.152380e-04        1.403536e-26
               94800        2.091220e-04        1.944054e-26
               94900        1.930830e-04        1.954001e-26
               95000        1.937020e-04        1.658289e-26
               95100        1.933580e-04        1.161721e-26
               95200        1.949090e-04        1.222704e-26
               95300        2.040570e-04        9.031564e-27
               95400        1.951200e-04        1.234215e-26
               95500        1.879380e-04        1.507377e-26
               95600        1.893880e-04        1.274670e-26
               95700        1.913480e-04        1.376782e-26
               95800        1.918200e-04        1.451011e-26
               95900        1.911350e-04        1.006313e-26
               96000        1.907890e-04        9.653101e-27
               96100        1.946920e-04        1.088187e-26
               96200        2.961920e-04        1.306610e-26
               96300        2.017060e-04        1.436654e-26
               96400        1.965550e-04        1.073235e-26
               96500        1.917170e-04        1.457515e-26
               96600        1.918820e-04        1.089614e-26
               96700        1.913420e-04        1.352151e-26
               96800        1.955960e-04        1.472138e-26
               96900        1.935270e-04        1.652914e-26
               97000        2.418750e-04        1.223206e-26
               97100        1.914770e-04        1.754763e-26
               97200        1.915290e-04        1.540500e-26
               97300        1.883870e-04        1.134667e-26
               97400        1.869940e-04        1.464961e-26
               97500        1.958140e-04        1.468623e-26
               97600        2.402890e-04        1.549672e-26
               97700        1.928320e-04        1.637451e-26
               97800        1.938720e-04        1.414542e-26
               97900        2.367750e-04        1.206412e-26
               98000        1.913410e-04        1.663976e-26
               98100        2.071920e-04        1.498107e-26
               98200        1.866460e-04        1.383268e-26
               98300        1.899930e-04        1.716746e-26
               98400        1.883150e-04        1.681584e-26
               98500        1.870760e-04        1.559409e-26
               98600        1.917780e-04        1.292495e-26
               98700        1.927780e-04        1.180176e-26
               98800        1.909450e-04        1.078987e-26
               98900        1.842100e-04        1.501035e-26
               99000        1.829520e-04        1.887930e-26
               99100        1.871480e-04        1.632543e-26
               99200        1.919640e-04        1.530208e-26
               99300        2.018800e-04        1.398828e-26
               99400        1.956320e-04        1.101604e-26
               99500        1.894600e-04        1.415924e-26
               99600        1.921530e-04        1.653415e-26
               99700        1.916880e-04        1.420014e-26
               99800        1.860570e-04        1.486206e-26
               99900        1.913440e-04        1.409724e-26
              100000        1.901880e-04        1.587716e-26
