Period: 100
               Epoch           Time cost                Loss
                 100        1.886150e-04        7.690297e+03
                 200        1.762430e-04        6.023488e+03
                 300        1.505420e-04        5.580569e+03
                 400        1.529860e-04        5.166329e+03
                 500        1.463480e-04        4.910067e+03
                 600        1.855180e-04        4.771589e+03
                 700        2.000600e-04        2.894899e+03
                 800        1.995400e-04        2.894921e+03
                 900        2.042190e-04        1.593354e+03
                1000        1.744670e-04        1.593354e+03
                1100        1.702100e-04        5.972594e+02
                1200        1.757570e-04        5.972603e+02
                1300        1.716610e-04        3.579609e+02
                1400        1.710840e-04        3.579715e+02
                1500        1.691040e-04        1.545861e+02
                1600        1.724190e-04        1.545863e+02
                1700        1.708090e-04        5.956013e+01
                1800        1.916760e-04        5.956012e+01
                1900        1.738890e-04        2.917018e+01
                2000        1.726020e-04        2.917119e+01
                2100        1.748180e-04        1.236721e+01
                2200        1.704620e-04        1.235911e+01
                2300        1.705560e-04        4.722824e+00
                2400        1.646480e-04        4.722725e+00
                2500        1.747410e-04        2.301244e+00
                2600        1.698630e-04        2.301244e+00
                2700        1.702730e-04        1.231214e+00
                2800        1.709270e-04        1.231559e+00
                2900        1.711770e-04        5.901562e-01
                3000        1.732410e-04        5.901304e-01
                3100        1.728630e-04        2.486354e-01
                3200        1.713530e-04        2.486211e-01
                3300        1.692030e-04        1.220084e-01
                3400        1.659210e-04        1.220169e-01
                3500        1.700030e-04        5.599717e-02
                3600        1.708740e-04        5.599664e-02
                3700        1.709360e-04        2.709122e-02
                3800        1.702110e-04        2.709095e-02
                3900        2.028410e-04        1.164115e-02
                4000        1.797640e-04        1.164129e-02
                4100        1.704480e-04        5.209835e-03
                4200        1.703740e-04        5.209821e-03
                4300        1.869030e-04        3.244485e-03
                4400        1.714390e-04        3.244719e-03
                4500        1.694440e-04        1.740932e-03
                4600        1.734130e-04        1.740917e-03
                4700        1.685910e-04        7.308549e-04
                4800        1.733910e-04        7.309169e-04
                4900        1.736120e-04        3.030935e-04
                5000        1.748350e-04        3.030935e-04
                5100        1.677750e-04        1.520079e-04
                5200        1.707800e-04        1.520066e-04
                5300        1.715440e-04        7.837066e-05
                5400        1.694720e-04        7.837086e-05
                5500        1.711410e-04        2.207712e-05
                5600        1.708140e-04        2.207691e-05
                5700        1.686490e-04        9.294544e-06
                5800        1.696390e-04        9.294464e-06
                5900        1.712040e-04        4.366400e-06
                6000        1.712940e-04        4.365214e-06
                6100        1.726450e-04        1.842842e-06
                6200        1.668430e-04        1.842842e-06
                6300        1.696320e-04        8.866366e-07
                6400        1.666170e-04        8.865740e-07
                6500        1.708940e-04        4.278627e-07
                6600        1.723760e-04        4.280000e-07
                6700        1.715570e-04        2.511280e-07
                6800        1.719190e-04        2.510187e-07
                6900        1.709820e-04        9.505314e-08
                7000        1.729220e-04        9.505305e-08
                7100        1.697980e-04        5.438667e-08
                7200        1.707860e-04        5.438667e-08
                7300        1.743410e-04        2.318216e-08
                7400        1.711470e-04        2.318216e-08
                7500        1.261650e-04        1.086595e-08
                7600        1.449920e-04        1.086595e-08
                7700        1.725520e-04        5.230237e-09
                7800        1.693040e-04        5.230570e-09
                7900        1.715860e-04        2.842656e-09
                8000        1.725360e-04        2.842327e-09
                8100        1.710890e-04        1.158487e-09
                8200        1.697940e-04        1.158425e-09
                8300        1.807180e-04        4.905715e-10
                8400        1.717520e-04        4.906099e-10
                8500        1.681100e-04        2.094612e-10
                8600        1.687570e-04        2.094609e-10
                8700        1.674260e-04        1.146245e-10
                8800        1.682530e-04        1.146242e-10
                8900        1.698870e-04        7.486501e-11
                9000        1.685430e-04        7.487267e-11
                9100        1.703340e-04        3.470537e-11
                9200        1.762570e-04        3.470325e-11
                9300        1.695520e-04        1.833371e-11
                9400        1.781460e-04        1.833426e-11
                9500        1.697310e-04        1.090998e-11
                9600        1.706140e-04        1.090998e-11
                9700        1.731140e-04        6.342405e-12
                9800        1.743810e-04        6.346630e-12
                9900        1.739810e-04        3.163819e-12
               10000        1.718540e-04        3.163797e-12
               10100        1.744110e-04        1.846613e-12
               10200        1.708380e-04        1.846613e-12
               10300        1.756350e-04        8.304013e-13
               10400        1.768860e-04        8.305495e-13
               10500        1.735320e-04        4.849590e-13
               10600        1.733050e-04        4.849588e-13
               10700        1.754580e-04        3.067957e-13
               10800        1.713220e-04        3.066108e-13
               10900        1.710020e-04        1.560598e-13
               11000        1.890280e-04        1.559474e-13
               11100        1.803310e-04        9.139665e-14
               11200        1.791130e-04        9.139665e-14
               11300        1.786640e-04        4.237815e-14
               11400        1.812150e-04        4.237895e-14
               11500        1.771030e-04        2.063901e-14
               11600        1.783780e-04        2.063904e-14
               11700        1.723080e-04        1.096877e-14
               11800        1.726740e-04        1.096870e-14
               11900        1.902360e-04        5.679089e-15
               12000        1.725670e-04        5.678709e-15
               12100        1.757170e-04        2.447978e-15
               12200        1.745090e-04        2.447988e-15
               12300        1.755240e-04        1.157978e-15
               12400        1.773630e-04        1.157885e-15
               12500        1.801640e-04        5.890143e-16
               12600        1.713190e-04        5.890138e-16
               12700        2.061760e-04        2.338392e-16
               12800        1.742970e-04        2.336173e-16
               12900        1.725860e-04        1.109829e-16
               13000        1.722830e-04        1.109834e-16
               13100        1.728210e-04        5.655559e-17
               13200        1.699450e-04        5.655559e-17
               13300        1.782400e-04        2.330035e-17
               13400        1.760190e-04        2.331130e-17
               13500        1.700170e-04        9.771075e-18
               13600        1.801100e-04        9.778113e-18
               13700        1.727620e-04        5.044306e-18
               13800        1.758570e-04        5.044236e-18
               13900        1.811910e-04        2.107832e-18
               14000        1.738690e-04        2.107841e-18
               14100        1.758880e-04        2.107841e-18
               14200        1.776030e-04        9.150161e-19
               14300        1.753080e-04        2.018576e-19
               14400        1.954190e-04        2.018576e-19
               14500        1.810300e-04        1.026855e-19
               14600        1.783740e-04        1.026858e-19
               14700        1.770010e-04        4.731450e-20
               14800        1.771380e-04        4.731353e-20
               14900        1.790780e-04        2.036069e-20
               15000        1.761890e-04        2.036153e-20
               15100        1.732260e-04        1.265355e-20
               15200        1.783510e-04        1.264941e-20
               15300        1.755050e-04        6.539443e-21
               15400        1.744320e-04        6.539553e-21
               15500        1.764640e-04        2.892214e-21
               15600        1.753310e-04        2.892214e-21
               15700        1.772840e-04        1.481858e-21
               15800        1.747470e-04        1.481858e-21
               15900        1.787470e-04        7.366941e-22
               16000        1.779640e-04        7.362968e-22
               16100        1.750060e-04        4.155373e-22
               16200        1.775390e-04        4.155401e-22
               16300        1.722670e-04        2.398123e-22
               16400        1.746160e-04        2.397268e-22
               16500        1.744450e-04        9.754674e-23
               16600        1.750380e-04        9.754721e-23
               16700        1.787660e-04        4.732490e-23
               16800        1.747080e-04        4.732508e-23
               16900        1.760940e-04        2.556269e-23
               17000        1.776620e-04        2.556338e-23
               17100        1.789390e-04        1.494014e-23
               17200        1.767000e-04        1.494001e-23
               17300        1.738780e-04        8.125669e-24
               17400        1.795150e-04        8.125669e-24
               17500        1.748750e-04        2.932907e-24
               17600        1.771770e-04        2.932907e-24
               17700        1.789770e-04        1.612860e-24
               17800        1.811060e-04        1.612050e-24
               17900        1.801900e-04        8.355864e-25
               18000        1.754500e-04        8.355864e-25
               18100        1.754740e-04        3.488917e-25
               18200        1.767230e-04        3.488917e-25
               18300        1.755300e-04        1.679143e-25
               18400        1.735580e-04        1.678979e-25
               18500        1.778070e-04        8.223891e-26
               18600        1.756510e-04        8.223891e-26
               18700        1.765900e-04        4.118570e-26
               18800        1.752920e-04        4.118570e-26
               18900        1.764680e-04        2.471799e-26
               19000        1.714860e-04        2.471030e-26
               19100        1.791690e-04        1.407938e-26
               19200        1.768270e-04        1.407938e-26
               19300        1.775580e-04        7.065264e-27
               19400        1.802480e-04        7.065264e-27
               19500        1.789370e-04        6.074345e-27
               19600        1.776700e-04        6.080409e-27
               19700        1.752620e-04        4.369454e-27
               19800        1.792550e-04        4.369454e-27
               19900        1.750860e-04        3.823071e-27
               20000        1.740180e-04        3.823071e-27
               20100        1.767070e-04        3.876134e-27
               20200        1.797800e-04        3.876134e-27
               20300        1.786680e-04        3.123439e-27
               20400        1.744570e-04        3.123439e-27
               20500        1.770240e-04        2.993984e-27
               20600        1.752930e-04        2.993639e-27
               20700        1.829790e-04        3.277473e-27
               20800        1.783370e-04        3.277473e-27
               20900        1.716860e-04        3.079528e-27
               21000        1.769800e-04        3.079528e-27
               21100        1.739270e-04        2.960704e-27
               21200        1.754470e-04        2.960704e-27
               21300        1.739400e-04        3.180293e-27
               21400        1.760920e-04        3.180293e-27
               21500        1.783550e-04        2.792237e-27
               21600        1.756030e-04        2.792237e-27
               21700        1.753930e-04        2.399496e-27
               21800        1.782230e-04        2.399496e-27
               21900        1.760720e-04        1.927386e-27
               22000        1.790190e-04        1.927386e-27
               22100        1.750410e-04        2.250495e-27
               22200        1.775620e-04        2.250495e-27
               22300        1.761370e-04        2.483995e-27
               22400        1.802470e-04        2.483995e-27
               22500        1.807630e-04        2.720845e-27
               22600        1.783320e-04        2.715372e-27
               22700        1.748390e-04        2.230104e-27
               22800        1.744320e-04        2.230104e-27
               22900        1.769480e-04        1.995100e-27
               23000        1.758490e-04        1.995100e-27
               23100        1.776320e-04        2.310007e-27
               23200        1.777540e-04        2.310007e-27
               23300        1.772160e-04        2.388289e-27
               23400        1.773710e-04        2.395388e-27
               23500        1.771520e-04        2.368954e-27
               23600        1.782980e-04        2.368954e-27
               23700        1.776220e-04        2.228132e-27
               23800        1.732760e-04        2.228132e-27
               23900        1.792240e-04        3.024367e-27
               24000        1.770800e-04        3.024367e-27
               24100        1.785810e-04        2.335930e-27
               24200        1.778880e-04        2.335979e-27
               24300        1.796280e-04        2.558003e-27
               24400        1.753770e-04        2.558003e-27
               24500        1.782770e-04        2.220207e-27
               24600        1.793220e-04        2.220207e-27
               24700        1.758560e-04        2.169212e-27
               24800        1.749250e-04        2.169212e-27
               24900        1.732060e-04        3.222328e-27
               25000        1.745270e-04        3.222328e-27
               25100        1.755790e-04        2.949400e-27
               25200        1.746710e-04        2.949400e-27
               25300        1.754080e-04        2.780159e-27
               25400        1.334720e-04        2.780159e-27
               25500        1.425280e-04        2.306103e-27
               25600        1.765630e-04        2.306103e-27
               25700        2.373030e-04        2.419527e-27
               25800        2.041560e-04        2.419921e-27
               25900        2.008480e-04        2.679495e-27
               26000        2.051490e-04        3.190908e-27
               26100        2.043920e-04        3.190908e-27
               26200        2.077920e-04        2.900155e-27
               26300        2.020730e-04        2.900155e-27
               26400        2.044800e-04        3.082133e-27
               26500        2.102020e-04        3.082133e-27
               26600        2.000060e-04        3.323992e-27
               26700        2.058960e-04        3.323992e-27
               26800        2.072130e-04        2.586014e-27
               26900        1.916240e-04        2.586014e-27
               27000        2.034190e-04        3.323759e-27
               27100        2.065550e-04        3.323759e-27
               27200        2.123450e-04        3.377457e-27
               27300        2.047700e-04        3.377457e-27
               27400        2.098360e-04        3.291027e-27
               27500        2.023230e-04        3.291027e-27
               27600        2.048520e-04        2.847971e-27
               27700        2.030320e-04        2.847971e-27
               27800        2.067640e-04        2.920990e-27
               27900        2.132820e-04        2.920990e-27
               28000        2.029370e-04        2.266237e-27
               28100        2.016360e-04        2.266237e-27
               28200        2.042900e-04        2.324861e-27
               28300        2.045430e-04        2.324861e-27
               28400        1.958200e-04        2.620827e-27
               28500        2.020410e-04        2.620827e-27
               28600        2.079630e-04        2.271700e-27
               28700        2.043760e-04        2.271700e-27
               28800        2.084420e-04        2.633572e-27
               28900        1.963690e-04        2.633572e-27
               29000        2.040840e-04        2.137007e-27
               29100        2.034790e-04        2.137007e-27
               29200        2.060300e-04        2.098464e-27
               29300        2.031790e-04        2.094914e-27
               29400        1.986630e-04        2.320599e-27
               29500        2.059060e-04        2.320599e-27
               29600        1.918770e-04        2.395214e-27
               29700        2.039690e-04        2.395214e-27
               29800        2.093930e-04        2.641106e-27
               29900        1.952100e-04        2.641106e-27
               30000        2.060120e-04        2.257382e-27
               30100        2.026680e-04        2.257382e-27
               30200        1.966110e-04        1.893642e-27
               30300        2.079970e-04        1.893642e-27
               30400        2.048950e-04        2.039341e-27
               30500        2.093450e-04        2.039341e-27
               30600        2.073920e-04        2.334086e-27
               30700        2.067830e-04        2.334086e-27
               30800        2.031150e-04        2.285640e-27
               30900        2.094070e-04        2.285640e-27
               31000        2.102830e-04        2.439320e-27
               31100        2.020890e-04        2.439320e-27
               31200        2.033460e-04        2.326822e-27
               31300        2.249910e-04        2.326822e-27
               31400        2.047590e-04        2.170676e-27
               31500        1.908630e-04        2.170676e-27
               31600        2.153680e-04        2.224724e-27
               31700        2.055110e-04        2.224724e-27
               31800        2.047960e-04        2.548785e-27
               31900        2.059070e-04        2.548785e-27
               32000        2.038510e-04        2.708115e-27
               32100        1.941490e-04        2.708115e-27
               32200        2.047280e-04        2.602403e-27
               32300        1.949040e-04        2.602403e-27
               32400        2.059140e-04        2.444874e-27
               32500        1.988450e-04        2.444874e-27
               32600        2.010280e-04        2.367193e-27
               32700        2.069890e-04        2.367193e-27
               32800        2.111170e-04        2.506869e-27
               32900        2.055740e-04        2.506869e-27
               33000        2.056130e-04        2.264113e-27
               33100        2.062050e-04        2.264113e-27
               33200        2.053060e-04        2.220635e-27
               33300        2.135170e-04        2.220635e-27
               33400        2.076160e-04        2.315653e-27
               33500        2.068050e-04        2.315653e-27
               33600        1.976410e-04        2.061111e-27
               33700        2.030510e-04        2.061111e-27
               33800        2.056160e-04        2.672915e-27
               33900        1.929130e-04        2.672915e-27
               34000        2.066890e-04        3.098082e-27
               34100        2.090660e-04        3.098082e-27
               34200        2.116870e-04        2.319650e-27
               34300        2.079710e-04        2.319650e-27
               34400        2.046810e-04        2.189136e-27
               34500        2.056870e-04        2.189136e-27
               34600        1.972880e-04        2.320006e-27
               34700        2.035260e-04        2.320006e-27
               34800        2.071720e-04        2.458993e-27
               34900        2.078750e-04        2.458993e-27
               35000        2.070120e-04        2.133735e-27
               35100        2.201940e-04        2.133735e-27
               35200        2.077120e-04        2.559293e-27
               35300        2.038430e-04        2.559293e-27
               35400        2.044570e-04        2.133282e-27
               35500        1.854400e-04        2.133282e-27
               35600        1.818660e-04        2.462149e-27
               35700        1.810400e-04        2.471221e-27
               35800        1.809920e-04        3.072208e-27
               35900        1.804110e-04        3.072208e-27
               36000        1.767900e-04        2.627869e-27
               36100        1.785450e-04        2.627869e-27
               36200        1.760130e-04        3.038323e-27
               36300        1.850570e-04        3.038323e-27
               36400        1.786100e-04        2.727507e-27
               36500        1.797870e-04        2.727507e-27
               36600        1.787900e-04        2.692401e-27
               36700        1.794130e-04        2.692401e-27
               36800        1.798640e-04        2.185494e-27
               36900        1.789930e-04        2.185494e-27
               37000        1.819120e-04        1.684298e-27
               37100        1.800280e-04        1.684298e-27
               37200        1.813450e-04        2.076763e-27
               37300        1.756160e-04        2.076763e-27
               37400        1.828340e-04        2.141910e-27
               37500        1.794470e-04        2.141910e-27
               37600        1.805020e-04        2.249609e-27
               37700        1.763470e-04        2.249609e-27
               37800        1.802200e-04        2.424859e-27
               37900        1.818050e-04        2.425254e-27
               38000        1.816880e-04        2.125519e-27
               38100        1.799170e-04        2.125519e-27
               38200        1.739240e-04        2.237075e-27
               38300        1.801860e-04        2.237075e-27
               38400        1.794580e-04        2.436987e-27
               38500        1.798360e-04        2.436987e-27
               38600        1.832330e-04        2.706559e-27
               38700        1.765490e-04        2.706559e-27
               38800        1.778750e-04        2.738828e-27
               38900        1.856360e-04        2.738828e-27
               39000        1.754340e-04        3.245642e-27
               39100        1.793970e-04        3.245642e-27
               39200        1.797940e-04        2.390159e-27
               39300        1.797690e-04        2.390159e-27
               39400        1.773760e-04        2.503188e-27
               39500        1.808670e-04        2.503188e-27
               39600        1.818030e-04        2.151100e-27
               39700        1.758950e-04        2.151100e-27
               39800        1.779610e-04        2.406100e-27
               39900        1.794280e-04        2.406100e-27
               40000        1.931010e-04        2.518440e-27
               40100        1.825240e-04        2.518440e-27
               40200        1.814370e-04        2.775641e-27
               40300        1.766620e-04        2.781804e-27
               40400        1.790990e-04        2.492842e-27
               40500        1.764490e-04        2.482982e-27
               40600        1.801490e-04        2.558171e-27
               40700        1.777690e-04        2.558171e-27
               40800        1.791910e-04        3.219047e-27
               40900        1.825310e-04        3.219047e-27
               41000        1.789860e-04        2.542372e-27
               41100        1.810200e-04        2.545528e-27
               41200        1.794040e-04        2.206455e-27
               41300        1.752220e-04        2.206455e-27
               41400        1.815850e-04        2.062590e-27
               41500        1.774320e-04        2.062590e-27
               41600        1.811950e-04        2.310845e-27
               41700        1.772530e-04        2.310845e-27
               41800        1.776660e-04        2.117355e-27
               41900        1.784120e-04        2.116566e-27
               42000        1.785690e-04        2.449337e-27
               42100        1.812040e-04        2.449337e-27
               42200        1.828600e-04        2.496203e-27
               42300        1.774250e-04        2.496203e-27
               42400        1.822610e-04        2.217303e-27
               42500        1.787560e-04        2.217303e-27
               42600        1.816110e-04        2.476764e-27
               42700        1.845240e-04        2.476764e-27
               42800        1.789120e-04        1.979421e-27
               42900        1.804960e-04        1.979421e-27
               43000        1.784330e-04        2.085388e-27
               43100        1.804020e-04        2.085388e-27
               43200        1.789550e-04        2.241816e-27
               43300        1.795510e-04        2.241816e-27
               43400        1.803410e-04        2.456033e-27
               43500        1.821640e-04        2.456033e-27
               43600        1.824840e-04        2.366742e-27
               43700        1.801560e-04        2.366742e-27
               43800        1.795530e-04        1.979578e-27
               43900        1.790950e-04        1.979578e-27
               44000        1.828040e-04        1.994003e-27
               44100        1.755710e-04        1.994003e-27
               44200        1.764060e-04        2.062303e-27
               44300        1.766550e-04        2.058753e-27
               44400        1.778190e-04        2.188140e-27
               44500        1.791030e-04        2.188140e-27
               44600        1.831010e-04        2.877576e-27
               44700        1.775660e-04        2.877576e-27
               44800        2.021920e-04        2.528394e-27
               44900        2.120060e-04        2.528394e-27
               45000        2.060630e-04        2.492181e-27
               45100        2.076910e-04        2.492181e-27
               45200        1.749610e-04        2.199131e-27
               45300        1.559560e-04        2.199131e-27
               45400        1.618560e-04        2.287906e-27
               45500        1.554620e-04        2.287906e-27
               45600        1.614660e-04        2.474044e-27
               45700        1.552580e-04        2.474044e-27
               45800        1.637680e-04        2.315125e-27
               45900        1.547360e-04        2.315125e-27
               46000        1.606510e-04        2.295371e-27
               46100        1.543450e-04        2.295371e-27
               46200        1.612050e-04        2.497681e-27
               46300        1.533120e-04        2.497681e-27
               46400        1.608420e-04        2.454844e-27
               46500        1.541510e-04        2.455239e-27
               46600        1.586420e-04        1.996965e-27
               46700        1.890340e-04        1.995781e-27
               46800        1.961940e-04        2.106192e-27
               46900        2.079110e-04        2.106192e-27
               47000        2.059050e-04        2.299166e-27
               47100        2.015210e-04        2.299166e-27
               47200        1.928360e-04        2.490314e-27
               47300        2.065170e-04        2.490314e-27
               47400        2.040010e-04        2.227022e-27
               47500        2.093350e-04        2.227022e-27
               47600        2.069370e-04        2.752780e-27
               47700        2.035350e-04        2.752780e-27
               47800        2.006560e-04        2.754200e-27
               47900        1.997990e-04        2.754200e-27
               48000        2.068980e-04        2.433918e-27
               48100        2.053120e-04        2.433918e-27
               48200        1.925150e-04        2.453893e-27
               48300        2.051510e-04        2.453893e-27
               48400        2.087510e-04        2.702994e-27
               48500        2.031120e-04        2.702994e-27
               48600        2.047880e-04        2.363504e-27
               48700        1.985810e-04        2.363504e-27
               48800        2.071200e-04        2.579236e-27
               48900        2.048330e-04        2.579236e-27
               49000        1.994820e-04        2.753919e-27
               49100        2.047310e-04        2.753919e-27
               49200        2.078280e-04        2.708998e-27
               49300        1.986170e-04        2.708998e-27
               49400        1.920880e-04        3.056043e-27
               49500        2.100810e-04        3.056043e-27
               49600        2.046230e-04        3.056043e-27
               49700        2.072500e-04        2.515258e-27
               49800        2.043290e-04        2.810834e-27
               49900        2.037450e-04        2.810834e-27
               50000        2.043040e-04        2.473480e-27
               50100        2.066690e-04        2.473480e-27
               50200        2.012590e-04        2.113247e-27
               50300        1.982640e-04        2.113247e-27
               50400        2.077900e-04        2.045379e-27
               50500        2.040390e-04        2.045379e-27
               50600        2.050440e-04        2.415359e-27
               50700        1.958940e-04        2.415359e-27
               50800        2.075990e-04        2.294128e-27
               50900        1.977940e-04        2.294128e-27
               51000        2.024260e-04        2.428286e-27
               51100        2.049490e-04        2.428286e-27
               51200        2.015860e-04        2.429745e-27
               51300        2.038550e-04        2.429745e-27
               51400        2.018400e-04        2.388032e-27
               51500        1.966750e-04        2.388032e-27
               51600        2.038650e-04        2.230503e-27
               51700        2.038460e-04        2.230503e-27
               51800        2.045300e-04        1.958517e-27
               51900        2.105020e-04        1.959306e-27
               52000        2.075590e-04        2.091894e-27
               52100        2.062840e-04        2.091894e-27
               52200        2.046000e-04        2.100935e-27
               52300        2.059240e-04        2.100935e-27
               52400        2.032730e-04        2.590707e-27
               52500        2.051530e-04        2.590707e-27
               52600        2.047140e-04        2.449860e-27
               52700        1.982830e-04        2.449860e-27
               52800        2.082540e-04        2.285863e-27
               52900        2.047960e-04        2.285863e-27
               53000        2.074390e-04        2.223591e-27
               53100        2.070500e-04        2.223591e-27
               53200        2.079860e-04        1.882673e-27
               53300        2.087770e-04        1.882673e-27
               53400        1.956310e-04        1.800703e-27
               53500        1.962980e-04        1.800703e-27
               53600        2.072620e-04        1.873582e-27
               53700        2.017890e-04        1.873582e-27
               53800        2.126770e-04        2.306480e-27
               53900        2.064840e-04        2.306480e-27
               54000        2.060330e-04        2.593718e-27
               54100        1.960810e-04        2.593718e-27
               54200        2.285170e-04        2.947834e-27
               54300        1.798260e-04        2.947834e-27
               54400        1.853880e-04        3.167324e-27
               54500        1.792260e-04        3.167324e-27
               54600        1.811110e-04        2.790354e-27
               54700        1.840810e-04        2.790354e-27
               54800        1.775630e-04        2.642123e-27
               54900        1.844040e-04        2.642123e-27
               55000        1.808520e-04        2.074830e-27
               55100        1.808330e-04        2.074830e-27
               55200        1.753050e-04        2.146689e-27
               55300        1.773630e-04        2.146689e-27
               55400        1.813790e-04        2.277457e-27
               55500        1.778100e-04        2.277457e-27
               55600        1.811780e-04        2.645747e-27
               55700        1.814280e-04        2.645747e-27
               55800        1.774060e-04        2.352323e-27
               55900        1.833190e-04        2.352323e-27
               56000        1.820710e-04        2.646084e-27
               56100        1.790980e-04        2.646084e-27
               56200        1.779660e-04        2.545327e-27
               56300        1.778980e-04        2.545327e-27
               56400        1.768500e-04        2.991960e-27
               56500        1.815860e-04        2.991960e-27
               56600        1.794800e-04        2.552697e-27
               56700        1.823720e-04        2.552697e-27
               56800        1.816200e-04        2.643579e-27
               56900        1.793480e-04        2.643579e-27
               57000        1.803870e-04        2.629717e-27
               57100        1.826580e-04        2.629717e-27
               57200        1.796950e-04        2.686622e-27
               57300        1.760000e-04        2.686622e-27
               57400        1.944270e-04        3.078668e-27
               57500        1.779040e-04        3.078668e-27
               57600        1.750090e-04        2.779901e-27
               57700        1.825280e-04        2.779901e-27
               57800        1.819210e-04        2.393350e-27
               57900        1.767590e-04        2.393498e-27
               58000        1.778840e-04        2.296269e-27
               58100        1.787380e-04        2.296269e-27
               58200        1.813370e-04        2.389514e-27
               58300        1.820540e-04        2.389514e-27
               58400        1.800720e-04        2.095407e-27
               58500        1.799360e-04        2.095407e-27
               58600        1.806150e-04        2.187636e-27
               58700        1.860520e-04        2.187636e-27
               58800        1.799780e-04        2.112658e-27
               58900        1.791430e-04        2.112658e-27
               59000        1.793590e-04        2.441761e-27
               59100        1.790210e-04        2.441761e-27
               59200        1.780630e-04        2.745215e-27
               59300        1.799270e-04        2.744278e-27
               59400        1.789500e-04        2.537465e-27
               59500        1.776590e-04        2.538648e-27
               59600        1.801040e-04        2.489545e-27
               59700        1.849810e-04        2.489545e-27
               59800        1.777530e-04        2.307939e-27
               59900        1.783750e-04        2.308925e-27
               60000        1.828200e-04        2.401664e-27
               60100        1.793020e-04        2.401664e-27
               60200        1.775630e-04        2.708078e-27
               60300        1.831300e-04        2.708078e-27
               60400        1.771990e-04        2.371256e-27
               60500        1.813060e-04        2.371256e-27
               60600        1.836740e-04        2.219309e-27
               60700        1.754080e-04        2.219309e-27
               60800        1.788790e-04        2.380530e-27
               60900        1.752980e-04        2.380530e-27
               61000        1.819370e-04        2.001787e-27
               61100        1.812890e-04        2.001787e-27
               61200        1.791450e-04        2.163942e-27
               61300        1.825200e-04        2.163942e-27
               61400        1.843960e-04        2.505256e-27
               61500        1.834600e-04        2.505256e-27
               61600        1.800330e-04        2.604611e-27
               61700        1.812450e-04        2.604611e-27
               61800        1.761280e-04        2.571332e-27
               61900        1.849210e-04        2.571332e-27
               62000        1.796940e-04        2.271277e-27
               62100        1.798030e-04        2.271277e-27
               62200        1.818180e-04        2.505687e-27
               62300        1.988130e-04        2.505687e-27
               62400        1.799210e-04        2.564648e-27
               62500        1.783700e-04        2.564648e-27
               62600        1.766950e-04        2.568784e-27
               62700        1.775550e-04        2.568784e-27
               62800        1.795940e-04        2.146043e-27
               62900        1.811760e-04        2.146043e-27
               63000        1.813350e-04        2.416441e-27
               63100        1.749920e-04        2.766018e-27
               63200        1.825060e-04        2.766018e-27
               63300        1.791860e-04        2.272744e-27
               63400        1.762240e-04        2.272744e-27
               63500        1.791640e-04        2.391292e-27
               63600        1.807800e-04        2.391292e-27
               63700        1.767270e-04        2.406110e-27
               63800        1.790430e-04        2.406110e-27
               63900        1.769830e-04        2.935657e-27
               64000        1.782520e-04        2.935657e-27
               64100        1.829280e-04        2.425803e-27
               64200        1.811650e-04        2.425803e-27
               64300        1.808440e-04        2.566628e-27
               64400        1.814170e-04        2.566628e-27
               64500        1.797530e-04        2.364405e-27
               64600        1.803580e-04        2.364405e-27
               64700        1.827830e-04        2.138679e-27
               64800        1.802230e-04        2.138679e-27
               64900        1.798270e-04        2.327932e-27
               65000        1.829730e-04        2.327932e-27
               65100        1.803570e-04        2.554996e-27
               65200        1.831130e-04        2.554996e-27
               65300        1.849390e-04        2.351004e-27
               65400        1.759610e-04        2.351004e-27
               65500        1.771410e-04        2.166161e-27
               65600        1.780380e-04        2.166950e-27
               65700        1.755390e-04        2.585148e-27
               65800        1.795910e-04        2.585148e-27
               65900        1.781010e-04        2.568975e-27
               66000        1.739830e-04        2.568975e-27
               66100        1.785310e-04        2.371787e-27
               66200        1.790200e-04        2.371787e-27
               66300        1.761590e-04        2.213452e-27
               66400        1.796040e-04        2.213452e-27
               66500        1.751030e-04        2.112768e-27
               66600        1.791160e-04        2.112768e-27
               66700        1.746530e-04        2.111031e-27
               66800        1.767170e-04        2.111031e-27
               66900        1.776570e-04        2.061524e-27
               67000        1.797370e-04        2.061524e-27
               67100        1.753750e-04        2.290943e-27
               67200        1.783630e-04        2.290943e-27
               67300        1.773420e-04        2.695615e-27
               67400        1.741900e-04        2.699954e-27
               67500        1.737650e-04        2.398550e-27
               67600        1.764060e-04        2.398550e-27
               67700        1.779260e-04        2.607019e-27
               67800        1.797390e-04        2.607019e-27
               67900        1.759800e-04        2.016045e-27
               68000        1.766730e-04        2.017228e-27
               68100        1.767350e-04        2.009130e-27
               68200        1.719870e-04        2.009130e-27
               68300        1.798140e-04        2.318883e-27
               68400        1.900830e-04        2.318883e-27
               68500        1.806320e-04        2.329494e-27
               68600        1.742890e-04        2.329494e-27
               68700        1.734720e-04        2.637419e-27
               68800        1.794780e-04        2.637419e-27
               68900        1.786910e-04        2.326785e-27
               69000        1.744310e-04        2.326785e-27
               69100        1.760210e-04        2.213495e-27
               69200        1.776780e-04        2.213495e-27
               69300        1.745210e-04        2.450915e-27
               69400        1.801220e-04        2.450915e-27
               69500        1.731310e-04        2.288231e-27
               69600        2.009340e-04        2.288231e-27
               69700        1.927020e-04        2.267132e-27
               69800        2.002500e-04        2.267132e-27
               69900        2.041410e-04        2.630458e-27
               70000        1.882340e-04        2.630458e-27
               70100        2.005270e-04        2.407645e-27
               70200        1.907370e-04        2.407645e-27
               70300        2.012210e-04        2.044402e-27
               70400        2.013030e-04        2.044402e-27
               70500        2.047620e-04        2.583737e-27
               70600        2.017610e-04        2.583737e-27
               70700        2.038780e-04        2.384831e-27
               70800        1.957150e-04        2.386014e-27
               70900        2.030080e-04        2.482601e-27
               71000        2.244620e-04        2.482601e-27
               71100        2.020770e-04        2.371037e-27
               71200        2.071800e-04        2.371037e-27
               71300        1.536560e-04        2.599402e-27
               71400        1.505530e-04        2.599402e-27
               71500        1.619310e-04        2.578427e-27
               71600        1.508650e-04        2.578427e-27
               71700        1.601150e-04        2.387352e-27
               71800        1.512880e-04        2.387352e-27
               71900        1.599000e-04        2.825549e-27
               72000        1.408390e-04        2.831859e-27
               72100        1.547450e-04        2.679620e-27
               72200        1.339010e-04        2.679620e-27
               72300        1.470710e-04        2.210916e-27
               72400        1.415070e-04        2.210916e-27
               72500        1.720810e-04        2.449633e-27
               72600        2.036910e-04        2.449633e-27
               72700        2.039920e-04        2.670308e-27
               72800        1.926010e-04        2.670308e-27
               72900        2.018680e-04        2.253002e-27
               73000        2.041530e-04        2.253002e-27
               73100        2.014230e-04        2.667628e-27
               73200        2.012160e-04        2.667628e-27
               73300        1.894050e-04        2.494852e-27
               73400        2.042980e-04        2.494852e-27
               73500        2.041730e-04        2.333122e-27
               73600        2.020470e-04        2.333122e-27
               73700        1.849020e-04        2.510739e-27
               73800        2.027130e-04        2.510739e-27
               73900        2.030180e-04        2.001700e-27
               74000        2.051910e-04        2.001700e-27
               74100        2.039480e-04        2.388595e-27
               74200        2.030340e-04        2.388595e-27
               74300        2.033710e-04        2.321659e-27
               74400        2.045200e-04        2.321659e-27
               74500        2.020400e-04        2.318885e-27
               74600        2.043640e-04        2.318885e-27
               74700        2.054640e-04        1.970816e-27
               74800        2.049900e-04        1.970816e-27
               74900        2.041580e-04        1.888066e-27
               75000        2.005040e-04        1.888066e-27
               75100        2.034840e-04        1.770033e-27
               75200        2.000880e-04        1.770033e-27
               75300        2.042020e-04        2.005674e-27
               75400        2.007480e-04        2.005674e-27
               75500        2.029910e-04        2.624935e-27
               75600        2.021060e-04        2.624935e-27
               75700        2.014280e-04        2.427724e-27
               75800        2.026480e-04        2.427724e-27
               75900        1.944890e-04        2.283374e-27
               76000        2.018520e-04        2.283374e-27
               76100        2.037400e-04        2.321583e-27
               76200        2.062630e-04        2.321583e-27
               76300        1.947730e-04        2.095882e-27
               76400        1.994460e-04        2.095882e-27
               76500        1.950270e-04        3.193942e-27
               76600        2.041230e-04        3.193942e-27
               76700        2.048420e-04        2.575126e-27
               76800        1.989530e-04        2.575126e-27
               76900        2.044350e-04        2.379165e-27
               77000        2.020390e-04        2.379165e-27
               77100        2.028000e-04        2.439628e-27
               77200        2.065840e-04        2.439628e-27
               77300        2.007000e-04        2.804726e-27
               77400        2.037630e-04        2.804726e-27
               77500        2.037140e-04        2.931484e-27
               77600        1.998750e-04        2.935428e-27
               77700        2.052460e-04        2.544303e-27
               77800        2.015550e-04        2.544303e-27
               77900        2.008330e-04        2.646650e-27
               78000        2.037600e-04        2.646650e-27
               78100        2.015400e-04        2.685982e-27
               78200        2.030080e-04        2.685982e-27
               78300        1.987740e-04        2.774968e-27
               78400        2.038480e-04        2.774968e-27
               78500        1.942760e-04        3.029021e-27
               78600        1.975870e-04        3.029021e-27
               78700        1.984170e-04        2.552663e-27
               78800        2.030760e-04        2.546352e-27
               78900        2.047280e-04        2.158417e-27
               79000        2.027110e-04        2.158417e-27
               79100        2.025910e-04        2.102257e-27
               79200        2.054830e-04        2.102257e-27
               79300        2.028670e-04        2.091576e-27
               79400        2.026860e-04        2.091576e-27
               79500        2.015360e-04        1.944339e-27
               79600        2.047130e-04        1.944339e-27
               79700        2.012040e-04        1.776377e-27
               79800        1.921470e-04        1.776377e-27
               79900        2.018280e-04        2.408383e-27
               80000        2.016300e-04        2.408926e-27
               80100        1.941980e-04        2.291412e-27
               80200        2.030070e-04        2.291412e-27
               80300        2.017570e-04        1.901411e-27
               80400        2.003910e-04        1.901411e-27
               80500        2.013920e-04        2.472099e-27
               80600        2.002290e-04        2.472099e-27
               80700        2.017200e-04        2.287895e-27
               80800        2.117910e-04        2.289276e-27
               80900        1.975000e-04        2.912234e-27
               81000        2.040000e-04        2.912234e-27
               81100        2.014850e-04        3.244779e-27
               81200        2.020200e-04        3.244779e-27
               81300        2.030190e-04        2.931092e-27
               81400        2.019190e-04        2.931092e-27
               81500        2.016120e-04        2.767756e-27
               81600        1.989480e-04        2.767756e-27
               81700        2.021290e-04        2.849883e-27
               81800        2.017810e-04        2.849883e-27
               81900        1.998810e-04        2.589792e-27
               82000        2.181170e-04        2.589792e-27
               82100        1.719830e-04        2.192101e-27
               82200        1.660370e-04        2.192101e-27
               82300        1.877770e-04        2.213625e-27
               82400        1.951080e-04        2.213625e-27
               82500        1.835790e-04        2.074809e-27
               82600        1.971090e-04        2.074809e-27
               82700        1.865570e-04        2.207443e-27
               82800        1.858780e-04        2.207443e-27
               82900        1.991680e-04        2.334336e-27
               83000        1.984060e-04        2.334336e-27
               83100        2.016560e-04        2.636247e-27
               83200        2.129570e-04        2.636247e-27
               83300        1.952820e-04        2.624751e-27
               83400        1.992520e-04        2.624751e-27
               83500        1.981520e-04        2.876646e-27
               83600        1.968770e-04        2.876646e-27
               83700        1.945810e-04        2.828775e-27
               83800        1.992840e-04        2.828775e-27
               83900        1.977480e-04        2.602241e-27
               84000        1.933720e-04        2.602241e-27
               84100        1.964330e-04        1.845956e-27
               84200        1.953220e-04        1.845956e-27
               84300        1.392220e-04        1.841474e-27
               84400        1.572420e-04        1.841474e-27
               84500        1.897320e-04        2.716852e-27
               84600        1.961930e-04        2.716852e-27
               84700        1.889110e-04        2.989923e-27
               84800        1.961190e-04        2.989923e-27
               84900        1.934340e-04        2.581857e-27
               85000        2.181260e-04        2.581857e-27
               85100        1.681830e-04        2.806080e-27
               85200        1.667850e-04        2.806080e-27
               85300        1.658470e-04        2.570522e-27
               85400        1.334320e-04        2.570522e-27
               85500        1.345730e-04        2.260430e-27
               85600        1.709940e-04        2.260430e-27
               85700        1.658650e-04        2.129872e-27
               85800        1.699130e-04        2.129872e-27
               85900        1.652560e-04        2.102735e-27
               86000        1.629020e-04        2.102341e-27
               86100        1.652150e-04        1.908453e-27
               86200        1.703500e-04        1.908453e-27
               86300        1.673990e-04        1.799387e-27
               86400        1.699060e-04        1.799387e-27
               86500        1.702380e-04        2.193956e-27
               86600        1.678530e-04        2.193956e-27
               86700        1.702240e-04        2.297901e-27
               86800        1.664030e-04        2.297901e-27
               86900        1.638860e-04        2.384196e-27
               87000        1.701410e-04        2.384196e-27
               87100        1.694090e-04        2.480032e-27
               87200        1.729040e-04        2.480032e-27
               87300        1.703880e-04        2.523968e-27
               87400        1.649020e-04        2.531906e-27
               87500        1.652950e-04        2.801144e-27
               87600        1.699850e-04        2.801144e-27
               87700        1.707190e-04        3.396248e-27
               87800        1.651540e-04        3.396248e-27
               87900        1.665910e-04        3.304965e-27
               88000        1.660730e-04        3.304965e-27
               88100        1.706500e-04        2.562612e-27
               88200        1.674800e-04        2.562612e-27
               88300        1.751950e-04        2.268656e-27
               88400        1.682610e-04        2.268656e-27
               88500        1.657690e-04        2.958586e-27
               88600        1.715380e-04        2.958586e-27
               88700        1.754500e-04        2.546563e-27
               88800        1.682700e-04        2.546563e-27
               88900        1.697910e-04        2.546563e-27
               89000        1.667430e-04        2.281703e-27
               89100        1.676800e-04        2.194354e-27
               89200        1.676500e-04        2.136716e-27
               89300        1.686160e-04        2.441303e-27
               89400        1.645560e-04        2.291784e-27
               89500        1.696810e-04        2.142005e-27
               89600        1.639810e-04        2.588458e-27
               89700        1.735790e-04        1.930678e-27
               89800        1.680410e-04        1.864868e-27
               89900        1.662520e-04        2.026926e-27
               90000        1.691730e-04        1.962464e-27
               90100        1.685100e-04        2.596441e-27
               90200        1.701250e-04        2.661531e-27
               90300        1.741750e-04        2.238800e-27
               90400        1.646620e-04        2.559255e-27
               90500        1.641250e-04        2.559255e-27
               90600        1.679200e-04        2.478683e-27
               90700        1.692260e-04        2.482628e-27
               90800        1.699580e-04        2.291477e-27
               90900        1.628880e-04        2.291477e-27
               91000        1.673860e-04        1.948280e-27
               91100        1.631900e-04        1.948280e-27
               91200        1.712240e-04        1.869767e-27
               91300        1.679210e-04        1.869767e-27
               91400        1.948770e-04        2.381100e-27
               91500        1.905480e-04        2.381100e-27
               91600        1.841880e-04        2.587491e-27
               91700        1.987450e-04        2.587491e-27
               91800        1.946270e-04        2.507540e-27
               91900        1.919580e-04        2.507540e-27
               92000        2.022910e-04        2.935373e-27
               92100        1.887940e-04        2.935373e-27
               92200        1.952610e-04        2.367222e-27
               92300        1.942750e-04        2.367222e-27
               92400        1.670430e-04        2.917645e-27
               92500        1.447780e-04        2.917645e-27
               92600        1.446380e-04        2.350323e-27
               92700        1.449800e-04        2.350323e-27
               92800        1.458190e-04        1.868702e-27
               92900        1.457900e-04        1.868702e-27
               93000        1.466910e-04        1.955274e-27
               93100        1.458500e-04        1.955274e-27
               93200        1.422890e-04        1.730896e-27
               93300        1.477890e-04        1.730896e-27
               93400        1.461800e-04        2.215901e-27
               93500        1.330000e-04        2.215901e-27
               93600        1.337580e-04        2.151575e-27
               93700        1.527760e-04        2.151575e-27
               93800        1.464640e-04        2.194269e-27
               93900        1.474780e-04        2.171786e-27
               94000        1.458200e-04        2.421946e-27
               94100        1.461170e-04        2.421946e-27
               94200        1.470150e-04        2.121327e-27
               94300        1.468290e-04        2.121327e-27
               94400        1.466560e-04        2.062264e-27
               94500        1.464370e-04        2.062264e-27
               94600        1.458980e-04        2.162754e-27
               94700        1.383200e-04        2.162754e-27
               94800        1.459020e-04        2.411291e-27
               94900        1.472300e-04        2.411291e-27
               95000        1.453260e-04        2.175217e-27
               95100        1.478550e-04        2.175217e-27
               95200        1.455380e-04        2.337847e-27
               95300        1.265830e-04        2.337847e-27
               95400        1.237680e-04        2.285805e-27
               95500        1.275650e-04        2.285805e-27
               95600        1.258230e-04        2.554926e-27
               95700        1.273420e-04        2.554926e-27
               95800        1.370850e-04        2.637476e-27
               95900        1.273830e-04        2.637476e-27
               96000        1.251520e-04        2.023705e-27
               96100        1.242670e-04        2.023705e-27
               96200        1.262000e-04        2.525062e-27
               96300        1.247620e-04        2.525062e-27
               96400        1.454080e-04        2.699063e-27
               96500        1.256240e-04        2.699063e-27
               96600        1.237250e-04        2.866182e-27
               96700        1.238400e-04        2.866182e-27
               96800        1.248740e-04        3.375832e-27
               96900        1.232980e-04        3.375832e-27
               97000        1.328210e-04        2.362180e-27
               97100        1.238530e-04        2.362180e-27
               97200        1.262520e-04        2.496108e-27
               97300        1.228600e-04        2.496108e-27
               97400        1.242840e-04        2.815232e-27
               97500        1.221670e-04        2.814443e-27
               97600        1.288750e-04        2.531944e-27
               97700        1.261820e-04        2.525042e-27
               97800        1.249880e-04        2.556350e-27
               97900        1.245650e-04        2.557139e-27
               98000        1.228110e-04        2.174240e-27
               98100        1.270100e-04        2.174240e-27
               98200        1.239240e-04        3.043376e-27
               98300        1.265540e-04        3.043376e-27
               98400        1.235410e-04        2.869760e-27
               98500        1.244660e-04        2.869760e-27
               98600        1.264830e-04        2.787751e-27
               98700        1.250150e-04        2.787751e-27
               98800        1.265890e-04        2.729947e-27
               98900        1.256230e-04        2.729947e-27
               99000        1.233570e-04        3.071912e-27
               99100        1.247790e-04        3.078617e-27
               99200        1.244810e-04        2.754554e-27
               99300        1.282720e-04        2.754554e-27
               99400        1.254840e-04        2.974577e-27
               99500        1.238570e-04        2.974577e-27
               99600        1.262350e-04        2.419811e-27
               99700        1.260190e-04        2.419811e-27
               99800        1.330510e-04        2.136654e-27
               99900        1.402270e-04        2.136654e-27
              100000        1.418480e-04        2.010315e-27
