Period: 100
               Epoch           Time cost                Loss
                 100        1.891900e-04        7.557912e+03
                 200        1.600960e-04        1.457743e+03
                 300        1.590570e-04        1.908193e+02
                 400        1.638790e-04        2.350395e+01
                 500        1.584800e-04        3.736042e+00
                 600        1.633830e-04        5.812128e-01
                 700        1.626500e-04        6.950251e-02
                 800        1.604820e-04        1.156583e-02
                 900        1.620290e-04        1.388114e-03
                1000        1.581010e-04        2.089004e-04
                1100        1.579130e-04        3.158624e-05
                1200        1.574950e-04        7.073819e-06
                1300        1.577680e-04        1.329423e-06
                1400        1.585930e-04        1.175317e-07
                1500        1.574990e-04        1.883713e-08
                1600        1.575360e-04        3.185605e-09
                1700        1.580820e-04        5.322511e-10
                1800        1.583060e-04        7.912893e-11
                1900        1.573620e-04        1.335769e-11
                2000        1.585250e-04        1.656031e-12
                2100        1.574780e-04        2.985006e-13
                2200        1.582430e-04        7.001610e-14
                2300        1.575470e-04        1.394576e-14
                2400        1.578910e-04        2.149738e-15
                2500        1.501810e-04        2.993345e-16
                2600        1.588450e-04        5.067884e-17
                2700        1.632760e-04        7.654071e-18
                2800        1.579100e-04        1.129001e-18
                2900        1.606620e-04        2.358326e-19
                3000        1.592790e-04        3.010643e-20
                3100        1.580410e-04        9.024302e-21
                3200        1.593710e-04        1.355584e-21
                3300        1.539690e-04        2.477753e-22
                3400        1.577490e-04        3.455181e-23
                3500        1.582400e-04        7.330641e-24
                3600        1.654360e-04        1.406795e-24
                3700        1.593880e-04        1.927544e-25
                3800        1.580700e-04        2.627493e-26
                3900        1.633040e-04        1.266987e-26
                4000        1.609710e-04        5.973408e-27
                4100        1.622490e-04        5.774987e-27
                4200        1.615210e-04        6.192947e-27
                4300        1.626060e-04        5.860294e-27
                4400        1.659370e-04        6.634017e-27
                4500        1.634000e-04        6.154311e-27
                4600        1.618230e-04        5.782110e-27
                4700        1.623740e-04        4.900274e-27
                4800        1.607080e-04        5.076258e-27
                4900        1.639380e-04        4.832907e-27
                5000        1.650690e-04        5.544458e-27
                5100        1.637700e-04        5.449236e-27
                5200        1.639770e-04        5.171268e-27
                5300        1.672990e-04        5.461806e-27
                5400        1.621340e-04        4.387952e-27
                5500        1.638950e-04        4.357221e-27
                5600        1.646550e-04        4.649035e-27
                5700        1.625500e-04        4.615610e-27
                5800        1.650990e-04        4.910786e-27
                5900        1.638620e-04        5.194164e-27
                6000        1.642190e-04        5.886075e-27
                6100        1.637320e-04        6.354210e-27
                6200        1.626090e-04        4.932901e-27
                6300        1.625320e-04        5.761830e-27
                6400        1.610220e-04        4.813287e-27
                6500        1.660200e-04        5.026808e-27
                6600        1.667380e-04        3.682128e-27
                6700        1.657840e-04        3.804652e-27
                6800        1.691320e-04        4.918337e-27
                6900        1.632570e-04        4.531448e-27
                7000        1.583530e-04        5.999244e-27
                7100        1.651520e-04        5.113185e-27
                7200        1.617000e-04        7.310446e-27
                7300        1.643880e-04        6.357842e-27
                7400        1.627860e-04        5.123150e-27
                7500        1.640660e-04        4.764569e-27
                7600        1.654420e-04        5.780704e-27
                7700        1.611930e-04        5.523722e-27
                7800        1.530150e-04        4.965384e-27
                7900        1.629660e-04        4.788576e-27
                8000        1.644210e-04        4.417546e-27
                8100        1.637800e-04        6.369872e-27
                8200        1.638970e-04        7.869490e-27
                8300        1.634880e-04        7.071846e-27
                8400        1.603910e-04        5.244741e-27
                8500        1.662620e-04        4.343079e-27
                8600        1.619570e-04        5.127742e-27
                8700        1.627680e-04        5.757895e-27
                8800        1.623380e-04        4.548897e-27
                8900        1.631270e-04        4.678312e-27
                9000        1.620010e-04        4.027919e-27
                9100        1.636310e-04        4.128904e-27
                9200        1.644850e-04        5.472493e-27
                9300        1.620580e-04        4.382452e-27
                9400        1.639880e-04        4.239468e-27
                9500        1.628660e-04        4.466566e-27
                9600        1.655260e-04        4.506784e-27
                9700        1.695830e-04        3.654182e-27
                9800        1.631490e-04        4.884784e-27
                9900        1.656340e-04        4.171574e-27
               10000        1.634230e-04        3.620181e-27
               10100        1.623600e-04        4.935391e-27
               10200        1.655610e-04        4.843640e-27
               10300        1.714200e-04        4.144372e-27
               10400        1.631010e-04        5.383993e-27
               10500        1.664260e-04        7.728908e-27
               10600        1.643730e-04        4.435411e-27
               10700        1.627480e-04        5.901273e-27
               10800        1.640390e-04        6.652427e-27
               10900        1.637640e-04        5.707322e-27
               11000        1.531290e-04        5.670418e-27
               11100        1.557270e-04        4.865908e-27
               11200        1.832430e-04        4.612692e-27
               11300        1.699590e-04        5.297178e-27
               11400        1.666800e-04        4.718217e-27
               11500        1.649650e-04        3.935954e-27
               11600        1.651990e-04        4.747658e-27
               11700        1.613430e-04        4.188987e-27
               11800        1.638460e-04        5.795184e-27
               11900        1.648860e-04        4.263779e-27
               12000        1.689540e-04        6.041998e-27
               12100        1.640560e-04        4.427712e-27
               12200        1.533310e-04        6.074607e-27
               12300        1.646950e-04        4.838427e-27
               12400        1.612410e-04        4.913661e-27
               12500        1.620320e-04        5.300801e-27
               12600        1.720660e-04        7.734069e-27
               12700        1.610020e-04        5.805754e-27
               12800        1.631370e-04        5.452181e-27
               12900        1.643080e-04        5.351868e-27
               13000        1.658830e-04        4.058670e-27
               13100        1.680170e-04        3.849539e-27
               13200        1.682610e-04        5.321947e-27
               13300        1.675430e-04        5.096578e-27
               13400        1.667430e-04        5.884870e-27
               13500        1.683340e-04        3.747865e-27
               13600        1.674680e-04        5.039528e-27
               13700        1.584190e-04        5.105393e-27
               13800        1.681560e-04        3.992847e-27
               13900        1.679270e-04        4.373836e-27
               14000        1.682620e-04        3.991552e-27
               14100        1.687010e-04        4.151576e-27
               14200        1.694120e-04        4.678427e-27
               14300        1.681060e-04        5.386356e-27
               14400        1.692040e-04        4.970786e-27
               14500        1.682310e-04        5.703703e-27
               14600        1.684660e-04        4.955869e-27
               14700        1.705940e-04        3.812184e-27
               14800        1.695340e-04        5.554185e-27
               14900        1.718400e-04        4.621598e-27
               15000        1.683910e-04        4.265420e-27
               15100        1.581480e-04        4.538482e-27
               15200        1.694020e-04        5.219287e-27
               15300        1.705920e-04        4.810037e-27
               15400        1.695870e-04        5.258030e-27
               15500        1.766410e-04        4.269885e-27
               15600        1.699880e-04        4.805842e-27
               15700        1.676280e-04        5.537509e-27
               15800        1.674220e-04        3.751555e-27
               15900        1.684520e-04        6.541403e-27
               16000        1.644720e-04        5.586755e-27
               16100        1.675960e-04        4.259029e-27
               16200        1.686680e-04        3.832724e-27
               16300        1.692520e-04        3.749099e-27
               16400        1.690380e-04        5.203174e-27
               16500        1.684270e-04        6.765492e-27
               16600        1.698560e-04        4.923016e-27
               16700        1.569310e-04        4.122102e-27
               16800        1.670470e-04        4.587090e-27
               16900        1.682220e-04        4.527105e-27
               17000        1.911220e-04        3.956248e-27
               17100        1.932870e-04        4.994659e-27
               17200        1.666040e-04        5.373182e-27
               17300        1.794480e-04        6.491263e-27
               17400        1.678290e-04        5.359246e-27
               17500        1.691580e-04        5.610410e-27
               17600        1.602870e-04        4.072021e-27
               17700        1.681140e-04        4.931832e-27
               17800        1.744090e-04        5.533962e-27
               17900        1.688220e-04        6.552740e-27
               18000        1.587150e-04        5.464741e-27
               18100        1.692110e-04        5.135943e-27
               18200        1.906540e-04        4.550511e-27
               18300        1.693960e-04        4.482729e-27
               18400        1.704560e-04        4.212345e-27
               18500        1.945540e-04        4.484691e-27
               18600        1.699780e-04        4.018763e-27
               18700        1.584350e-04        4.875938e-27
               18800        1.589750e-04        5.241104e-27
               18900        1.745250e-04        4.675509e-27
               19000        1.542890e-04        3.419180e-27
               19100        1.529180e-04        5.512660e-27
               19200        1.537490e-04        4.203186e-27
               19300        1.578480e-04        3.288875e-27
               19400        1.537660e-04        4.305829e-27
               19500        1.629860e-04        5.867855e-27
               19600        1.735920e-04        5.533870e-27
               19700        1.641550e-04        7.904118e-27
               19800        1.551470e-04        4.635668e-27
               19900        1.653590e-04        4.993232e-27
               20000        1.728010e-04        4.778425e-27
               20100        1.729710e-04        5.465833e-27
               20200        1.731760e-04        5.486229e-27
               20300        1.738940e-04        4.384087e-27
               20400        1.744340e-04        5.710713e-27
               20500        1.550400e-04        6.300594e-27
               20600        1.544900e-04        5.391279e-27
               20700        1.723010e-04        4.771564e-27
               20800        1.720130e-04        5.825140e-27
               20900        1.716570e-04        6.470241e-27
               21000        1.710910e-04        4.822965e-27
               21100        1.718170e-04        6.048669e-27
               21200        1.831590e-04        4.482710e-27
               21300        1.704360e-04        5.739023e-27
               21400        1.606120e-04        4.579714e-27
               21500        1.533610e-04        5.959519e-27
               21600        1.531070e-04        5.313765e-27
               21700        1.547820e-04        4.283388e-27
               21800        1.729580e-04        5.287445e-27
               21900        1.730430e-04        5.264992e-27
               22000        1.724000e-04        6.688038e-27
               22100        1.728550e-04        4.202262e-27
               22200        1.721470e-04        5.763798e-27
               22300        1.745270e-04        4.245401e-27
               22400        1.692810e-04        5.124919e-27
               22500        1.690880e-04        6.015506e-27
               22600        1.726320e-04        6.835739e-27
               22700        1.714630e-04        6.200825e-27
               22800        1.743130e-04        6.121204e-27
               22900        1.558980e-04        5.606332e-27
               23000        1.541540e-04        5.298843e-27
               23100        1.744390e-04        4.756947e-27
               23200        1.703700e-04        6.313369e-27
               23300        1.712360e-04        5.294590e-27
               23400        1.747840e-04        4.655348e-27
               23500        1.735470e-04        4.951312e-27
               23600        1.721470e-04        5.699430e-27
               23700        1.739470e-04        5.517499e-27
               23800        1.839940e-04        4.099784e-27
               23900        1.733790e-04        4.635320e-27
               24000        1.859610e-04        4.522765e-27
               24100        1.736180e-04        5.650712e-27
               24200        1.721170e-04        5.990193e-27
               24300        1.749010e-04        4.042872e-27
               24400        1.704920e-04        5.512925e-27
               24500        1.549440e-04        5.546170e-27
               24600        1.554370e-04        6.077413e-27
               24700        1.566500e-04        4.270838e-27
               24800        1.637600e-04        3.874878e-27
               24900        1.711510e-04        5.639974e-27
               25000        1.741590e-04        5.072527e-27
               25100        1.725070e-04        4.870191e-27
               25200        1.950240e-04        6.307074e-27
               25300        1.721490e-04        5.325256e-27
               25400        1.749800e-04        4.765893e-27
               25500        1.737110e-04        6.051439e-27
               25600        1.533290e-04        8.609268e-27
               25700        1.597450e-04        7.972724e-27
               25800        1.664490e-04        7.210200e-27
               25900        1.557430e-04        8.350326e-27
               26000        1.659480e-04        4.480521e-27
               26100        1.658970e-04        5.906970e-27
               26200        1.661970e-04        4.781011e-27
               26300        1.676710e-04        5.548535e-27
               26400        1.649960e-04        5.585175e-27
               26500        1.653060e-04        3.519166e-27
               26600        1.674190e-04        3.627517e-27
               26700        1.637890e-04        4.581991e-27
               26800        1.673450e-04        4.650789e-27
               26900        1.656690e-04        5.221560e-27
               27000        1.556700e-04        7.464864e-27
               27100        1.635900e-04        6.616616e-27
               27200        1.473590e-04        5.258332e-27
               27300        1.477810e-04        4.569168e-27
               27400        1.495460e-04        5.190602e-27
               27500        1.676590e-04        4.314778e-27
               27600        1.660020e-04        6.581437e-27
               27700        1.547730e-04        5.817547e-27
               27800        1.755480e-04        5.029338e-27
               27900        1.676100e-04        6.160162e-27
               28000        1.798100e-04        6.690158e-27
               28100        1.658720e-04        5.358892e-27
               28200        1.582270e-04        4.785967e-27
               28300        1.559230e-04        5.372061e-27
               28400        1.469350e-04        5.123051e-27
               28500        1.495970e-04        5.592001e-27
               28600        2.117650e-04        4.744703e-27
               28700        1.639100e-04        5.420750e-27
               28800        1.643380e-04        3.866702e-27
               28900        1.656250e-04        3.776237e-27
               29000        1.577780e-04        4.860343e-27
               29100        1.504730e-04        4.843912e-27
               29200        1.664640e-04        6.439129e-27
               29300        1.490610e-04        4.042996e-27
               29400        1.455480e-04        5.280368e-27
               29500        1.680900e-04        6.148824e-27
               29600        1.632200e-04        5.199439e-27
               29700        1.718970e-04        4.743599e-27
               29800        1.670870e-04        3.911668e-27
               29900        1.648450e-04        4.334368e-27
               30000        1.671100e-04        4.244177e-27
               30100        1.624620e-04        3.939446e-27
               30200        1.653650e-04        5.846642e-27
               30300        1.633750e-04        5.859669e-27
               30400        1.668830e-04        5.917205e-27
               30500        1.660600e-04        4.598228e-27
               30600        1.460750e-04        3.370425e-27
               30700        1.474380e-04        4.839465e-27
               30800        1.562000e-04        3.462909e-27
               30900        1.451870e-04        5.135789e-27
               31000        1.515110e-04        4.458848e-27
               31100        1.469450e-04        5.914787e-27
               31200        1.546150e-04        5.645589e-27
               31300        1.626510e-04        5.487466e-27
               31400        1.722520e-04        5.219360e-27
               31500        1.645780e-04        4.274446e-27
               31600        1.568720e-04        6.675939e-27
               31700        1.430800e-04        5.385464e-27
               31800        1.639670e-04        5.723110e-27
               31900        1.633070e-04        7.294984e-27
               32000        1.650310e-04        4.966949e-27
               32100        1.646240e-04        5.792508e-27
               32200        1.662240e-04        5.528767e-27
               32300        1.659230e-04        4.757648e-27
               32400        1.642580e-04        5.348512e-27
               32500        1.476020e-04        3.972665e-27
               32600        1.549060e-04        4.664535e-27
               32700        1.642550e-04        4.789052e-27
               32800        1.658630e-04        6.235994e-27
               32900        1.462760e-04        5.902256e-27
               33000        1.488250e-04        5.421024e-27
               33100        1.670810e-04        5.409649e-27
               33200        1.651090e-04        4.927951e-27
               33300        1.654740e-04        4.705043e-27
               33400        1.624540e-04        5.046783e-27
               33500        1.670420e-04        4.680929e-27
               33600        1.484210e-04        5.952303e-27
               33700        1.523500e-04        5.215703e-27
               33800        1.650050e-04        4.739952e-27
               33900        1.633200e-04        5.982120e-27
               34000        1.651940e-04        5.604328e-27
               34100        1.637370e-04        5.573206e-27
               34200        1.463050e-04        5.167470e-27
               34300        1.584030e-04        4.680122e-27
               34400        1.656780e-04        3.778096e-27
               34500        1.651940e-04        4.233496e-27
               34600        1.488600e-04        4.021117e-27
               34700        1.485530e-04        4.355434e-27
               34800        1.690460e-04        3.963989e-27
               34900        1.461390e-04        4.757199e-27
               35000        1.458090e-04        5.345207e-27
               35100        1.653780e-04        7.194745e-27
               35200        1.562630e-04        5.481799e-27
               35300        1.657720e-04        5.331553e-27
               35400        1.664550e-04        6.389578e-27
               35500        1.526280e-04        4.150287e-27
               35600        1.671960e-04        5.542161e-27
               35700        1.668900e-04        5.682059e-27
               35800        1.633410e-04        5.030140e-27
               35900        1.649970e-04        6.344665e-27
               36000        1.639010e-04        6.420862e-27
               36100        1.656850e-04        5.226402e-27
               36200        1.493170e-04        4.922470e-27
               36300        1.482080e-04        4.162353e-27
               36400        1.543710e-04        3.672546e-27
               36500        1.561660e-04        3.422142e-27
               36600        1.651170e-04        3.240784e-27
               36700        1.563840e-04        5.372695e-27
               36800        1.657890e-04        5.117037e-27
               36900        1.639040e-04        4.879263e-27
               37000        1.648290e-04        4.638193e-27
               37100        1.654560e-04        4.578047e-27
               37200        1.647260e-04        4.736483e-27
               37300        1.647380e-04        5.932176e-27
               37400        1.643640e-04        8.398577e-27
               37500        1.624050e-04        5.978323e-27
               37600        1.549200e-04        7.127745e-27
               37700        1.721420e-04        6.662709e-27
               37800        1.660270e-04        5.633324e-27
               37900        1.640410e-04        7.722414e-27
               38000        1.676340e-04        6.445088e-27
               38100        1.664900e-04        5.276497e-27
               38200        1.635140e-04        5.505773e-27
               38300        1.621980e-04        5.340657e-27
               38400        1.635780e-04        4.798613e-27
               38500        1.660050e-04        4.022078e-27
               38600        1.653630e-04        4.997356e-27
               38700        1.650310e-04        4.401803e-27
               38800        1.640270e-04        3.914444e-27
               38900        1.668110e-04        3.896681e-27
               39000        1.646600e-04        6.355728e-27
               39100        1.538650e-04        4.953643e-27
               39200        1.643080e-04        4.608677e-27
               39300        1.658150e-04        7.249945e-27
               39400        1.645510e-04        4.839536e-27
               39500        1.635290e-04        6.076949e-27
               39600        1.670980e-04        6.102890e-27
               39700        1.669140e-04        5.305424e-27
               39800        1.621920e-04        4.686069e-27
               39900        1.647710e-04        4.925458e-27
               40000        1.709840e-04        5.849661e-27
               40100        1.625850e-04        4.850281e-27
               40200        1.707840e-04        5.045731e-27
               40300        1.670860e-04        6.729916e-27
               40400        1.664580e-04        5.266932e-27
               40500        1.622990e-04        5.535863e-27
               40600        1.680070e-04        4.623305e-27
               40700        1.648650e-04        6.781852e-27
               40800        1.639040e-04        5.410420e-27
               40900        1.656710e-04        6.519109e-27
               41000        1.665870e-04        6.628535e-27
               41100        1.566960e-04        4.047283e-27
               41200        1.666070e-04        4.038861e-27
               41300        1.668670e-04        5.394209e-27
               41400        1.652000e-04        5.153135e-27
               41500        1.627730e-04        4.691959e-27
               41600        1.649810e-04        5.091780e-27
               41700        1.723380e-04        3.961258e-27
               41800        1.749580e-04        6.975620e-27
               41900        1.662220e-04        5.690207e-27
               42000        1.716170e-04        5.605269e-27
               42100        1.664230e-04        5.306695e-27
               42200        1.662140e-04        4.649320e-27
               42300        1.664460e-04        5.391030e-27
               42400        1.639520e-04        5.466619e-27
               42500        1.624340e-04        5.289490e-27
               42600        1.667880e-04        6.619139e-27
               42700        1.653300e-04        5.574316e-27
               42800        1.641500e-04        5.838627e-27
               42900        1.627250e-04        6.193799e-27
               43000        1.640790e-04        4.913034e-27
               43100        1.659930e-04        5.475276e-27
               43200        1.628400e-04        4.926274e-27
               43300        1.674880e-04        5.059306e-27
               43400        1.548090e-04        5.168106e-27
               43500        1.619160e-04        4.515224e-27
               43600        1.646740e-04        3.665860e-27
               43700        1.655640e-04        5.370097e-27
               43800        1.659650e-04        4.667924e-27
               43900        1.648610e-04        6.239674e-27
               44000        1.701280e-04        5.898535e-27
               44100        1.655320e-04        5.438148e-27
               44200        1.572810e-04        5.556946e-27
               44300        1.500890e-04        5.423116e-27
               44400        1.618880e-04        4.789236e-27
               44500        1.537050e-04        4.488685e-27
               44600        1.640480e-04        5.171910e-27
               44700        1.651010e-04        3.999588e-27
               44800        1.667680e-04        5.489120e-27
               44900        1.577140e-04        4.637150e-27
               45000        1.668130e-04        8.216926e-27
               45100        1.547590e-04        7.481690e-27
               45200        1.657220e-04        4.651760e-27
               45300        1.668100e-04        4.971444e-27
               45400        1.649430e-04        5.234017e-27
               45500        1.665540e-04        4.523369e-27
               45600        1.644090e-04        4.748821e-27
               45700        1.745800e-04        4.552112e-27
               45800        1.659610e-04        5.586826e-27
               45900        1.644870e-04        3.471110e-27
               46000        1.684120e-04        3.050918e-27
               46100        1.642090e-04        4.479162e-27
               46200        1.652640e-04        4.981786e-27
               46300        1.653660e-04        4.716754e-27
               46400        1.742640e-04        4.200829e-27
               46500        1.660430e-04        5.050743e-27
               46600        1.638270e-04        7.089137e-27
               46700        1.649040e-04        5.113159e-27
               46800        1.655070e-04        5.235743e-27
               46900        1.571260e-04        4.334666e-27
               47000        1.662500e-04        4.221443e-27
               47100        1.641770e-04        3.946723e-27
               47200        1.650100e-04        4.749529e-27
               47300        1.556570e-04        4.612194e-27
               47400        1.642470e-04        5.303566e-27
               47500        1.640770e-04        6.437106e-27
               47600        1.657790e-04        5.824110e-27
               47700        1.666880e-04        4.920279e-27
               47800        1.638520e-04        4.884284e-27
               47900        1.678740e-04        5.698927e-27
               48000        1.539500e-04        7.543493e-27
               48100        1.642540e-04        6.147003e-27
               48200        1.631290e-04        4.947749e-27
               48300        1.650470e-04        5.476009e-27
               48400        1.651090e-04        5.624879e-27
               48500        1.689640e-04        3.755589e-27
               48600        1.690360e-04        5.267738e-27
               48700        1.662310e-04        3.650864e-27
               48800        1.648770e-04        4.820108e-27
               48900        1.652260e-04        5.001207e-27
               49000        1.540920e-04        4.407341e-27
               49100        1.550800e-04        4.996078e-27
               49200        1.644240e-04        5.365922e-27
               49300        1.658710e-04        4.205842e-27
               49400        1.548790e-04        4.215520e-27
               49500        1.653870e-04        4.192633e-27
               49600        1.647750e-04        3.886412e-27
               49700        1.725390e-04        4.578930e-27
               49800        1.636760e-04        5.656411e-27
               49900        1.643460e-04        6.261364e-27
               50000        1.640330e-04        5.205792e-27
               50100        1.639860e-04        6.637391e-27
               50200        1.620260e-04        5.999905e-27
               50300        1.654290e-04        4.457074e-27
               50400        1.570930e-04        4.521113e-27
               50500        1.660130e-04        4.604530e-27
               50600        1.672080e-04        5.324978e-27
               50700        1.650270e-04        3.440891e-27
               50800        1.677780e-04        5.427592e-27
               50900        1.665050e-04        4.420104e-27
               51000        1.651400e-04        4.948424e-27
               51100        1.672980e-04        4.273052e-27
               51200        1.624010e-04        4.633642e-27
               51300        1.654300e-04        5.299389e-27
               51400        1.706150e-04        5.409539e-27
               51500        1.657480e-04        5.522775e-27
               51600        1.648800e-04        6.287984e-27
               51700        1.657780e-04        5.890634e-27
               51800        1.654060e-04        4.165916e-27
               51900        1.639060e-04        5.420527e-27
               52000        1.641540e-04        5.152097e-27
               52100        1.636530e-04        4.875313e-27
               52200        1.638020e-04        4.862205e-27
               52300        1.645440e-04        4.837897e-27
               52400        1.654360e-04        4.630495e-27
               52500        1.651640e-04        4.826085e-27
               52600        1.654020e-04        4.750951e-27
               52700        1.626720e-04        5.003462e-27
               52800        1.617410e-04        5.318158e-27
               52900        1.641490e-04        7.330422e-27
               53000        1.626850e-04        6.712715e-27
               53100        1.635100e-04        6.083304e-27
               53200        1.623980e-04        5.048737e-27
               53300        1.661440e-04        3.869957e-27
               53400        1.627260e-04        4.335438e-27
               53500        1.639890e-04        4.858626e-27
               53600        1.664700e-04        5.406845e-27
               53700        1.708370e-04        6.020393e-27
               53800        1.619040e-04        6.283160e-27
               53900        1.614140e-04        6.764376e-27
               54000        1.655820e-04        4.532565e-27
               54100        1.653470e-04        5.202704e-27
               54200        1.642630e-04        5.543618e-27
               54300        1.584150e-04        5.589862e-27
               54400        1.637700e-04        4.011851e-27
               54500        1.645410e-04        4.425711e-27
               54600        1.666770e-04        3.813329e-27
               54700        1.651210e-04        4.756886e-27
               54800        1.664680e-04        4.823744e-27
               54900        1.656050e-04        4.686452e-27
               55000        1.538590e-04        5.835196e-27
               55100        1.539050e-04        4.643581e-27
               55200        1.635690e-04        4.727860e-27
               55300        1.579260e-04        5.427852e-27
               55400        1.633170e-04        5.828596e-27
               55500        1.642130e-04        4.096445e-27
               55600        1.540830e-04        4.886441e-27
               55700        1.642120e-04        5.232867e-27
               55800        1.542320e-04        4.688889e-27
               55900        1.645790e-04        5.462573e-27
               56000        1.600140e-04        5.380679e-27
               56100        1.624100e-04        5.115508e-27
               56200        1.657140e-04        6.276997e-27
               56300        1.655740e-04        6.400176e-27
               56400        1.623180e-04        6.293623e-27
               56500        1.634000e-04        5.604354e-27
               56600        1.531780e-04        5.194878e-27
               56700        1.634720e-04        5.853349e-27
               56800        1.633170e-04        6.015604e-27
               56900        1.625490e-04        7.538053e-27
               57000        1.627890e-04        6.082233e-27
               57100        1.643310e-04        4.989346e-27
               57200        1.639710e-04        5.266879e-27
               57300        1.830500e-04        5.224111e-27
               57400        1.828560e-04        4.536434e-27
               57500        1.792150e-04        5.530908e-27
               57600        1.853150e-04        3.771107e-27
               57700        1.893300e-04        4.048157e-27
               57800        1.803610e-04        4.401562e-27
               57900        1.827990e-04        4.749412e-27
               58000        1.828830e-04        6.736524e-27
               58100        1.833140e-04        6.166149e-27
               58200        1.844110e-04        7.059854e-27
               58300        1.813610e-04        6.005205e-27
               58400        1.683590e-04        6.910963e-27
               58500        1.786270e-04        8.617492e-27
               58600        1.714760e-04        4.572577e-27
               58700        1.796610e-04        3.964846e-27
               58800        1.828910e-04        5.098319e-27
               58900        1.813550e-04        4.718678e-27
               59000        1.810930e-04        4.841397e-27
               59100        1.813890e-04        3.712583e-27
               59200        1.775440e-04        5.535678e-27
               59300        1.833680e-04        5.131776e-27
               59400        1.849410e-04        4.337989e-27
               59500        1.858400e-04        5.950003e-27
               59600        1.784900e-04        5.375666e-27
               59700        1.699430e-04        5.795988e-27
               59800        1.812790e-04        5.791309e-27
               59900        1.797280e-04        4.875995e-27
               60000        1.566650e-04        4.160793e-27
               60100        1.673670e-04        4.668845e-27
               60200        1.767270e-04        4.323669e-27
               60300        1.762580e-04        4.099730e-27
               60400        1.670890e-04        6.039950e-27
               60500        1.906650e-04        5.525759e-27
               60600        1.551250e-04        5.946797e-27
               60700        1.428250e-04        5.167108e-27
               60800        1.427910e-04        3.999158e-27
               60900        1.418200e-04        4.520813e-27
               61000        1.438150e-04        4.821586e-27
               61100        1.425090e-04        5.278094e-27
               61200        1.418900e-04        5.947143e-27
               61300        1.454690e-04        4.909273e-27
               61400        1.407220e-04        5.970553e-27
               61500        1.427610e-04        4.856781e-27
               61600        1.413130e-04        4.678425e-27
               61700        1.440160e-04        5.086907e-27
               61800        1.406170e-04        5.354696e-27
               61900        1.425190e-04        4.448287e-27
               62000        1.409660e-04        3.982978e-27
               62100        1.603950e-04        5.786768e-27
               62200        1.599710e-04        5.930258e-27
               62300        1.614930e-04        6.507657e-27
               62400        1.597520e-04        5.783444e-27
               62500        1.636400e-04        5.507449e-27
               62600        1.606690e-04        4.341697e-27
               62700        1.598100e-04        5.538134e-27
               62800        1.504970e-04        4.592208e-27
               62900        1.627230e-04        4.618576e-27
               63000        1.608290e-04        4.430616e-27
               63100        1.616730e-04        3.876815e-27
               63200        1.608710e-04        5.773354e-27
               63300        1.594100e-04        5.997275e-27
               63400        1.582690e-04        5.896761e-27
               63500        1.602710e-04        5.731297e-27
               63600        1.623220e-04        7.496444e-27
               63700        1.619410e-04        6.099841e-27
               63800        1.626490e-04        4.322722e-27
               63900        1.603880e-04        3.888678e-27
               64000        1.574700e-04        5.257390e-27
               64100        1.801180e-04        5.587751e-27
               64200        1.601460e-04        5.537251e-27
               64300        1.518580e-04        4.886871e-27
               64400        1.580520e-04        5.596180e-27
               64500        1.587580e-04        5.160006e-27
               64600        1.647660e-04        4.534072e-27
               64700        1.570370e-04        6.036536e-27
               64800        1.593900e-04        5.275480e-27
               64900        1.629680e-04        5.627836e-27
               65000        1.600620e-04        4.095248e-27
               65100        1.597310e-04        4.648719e-27
               65200        1.651090e-04        5.422387e-27
               65300        1.600170e-04        4.480127e-27
               65400        1.607370e-04        3.928748e-27
               65500        1.609590e-04        5.340700e-27
               65600        1.547830e-04        6.435689e-27
               65700        1.625560e-04        6.047520e-27
               65800        1.619420e-04        5.318558e-27
               65900        1.636880e-04        4.225508e-27
               66000        1.624840e-04        5.378291e-27
               66100        1.607570e-04        4.764564e-27
               66200        1.726190e-04        5.441483e-27
               66300        1.794590e-04        5.693297e-27
               66400        1.593340e-04        5.425771e-27
               66500        1.638300e-04        5.045623e-27
               66600        1.625880e-04        4.852782e-27
               66700        1.613360e-04        5.375990e-27
               66800        1.622680e-04        6.453443e-27
               66900        1.876340e-04        5.902026e-27
               67000        1.806750e-04        4.889593e-27
               67100        1.580900e-04        6.733684e-27
               67200        1.641920e-04        7.031820e-27
               67300        1.614700e-04        5.435961e-27
               67400        1.588450e-04        5.466805e-27
               67500        1.614080e-04        5.104692e-27
               67600        1.612750e-04        6.736122e-27
               67700        1.603830e-04        4.993510e-27
               67800        1.608480e-04        4.163783e-27
               67900        1.577180e-04        5.012285e-27
               68000        1.610730e-04        6.770395e-27
               68100        1.615110e-04        5.665085e-27
               68200        1.602900e-04        7.092422e-27
               68300        1.636940e-04        4.220873e-27
               68400        1.586580e-04        6.003005e-27
               68500        1.593570e-04        5.807575e-27
               68600        1.524620e-04        4.873296e-27
               68700        1.431920e-04        3.889287e-27
               68800        1.612120e-04        4.598210e-27
               68900        1.538030e-04        5.643156e-27
               69000        1.589920e-04        5.887552e-27
               69100        1.585060e-04        5.276896e-27
               69200        1.731570e-04        4.657334e-27
               69300        1.619980e-04        5.402008e-27
               69400        1.590520e-04        5.816497e-27
               69500        1.616640e-04        4.825700e-27
               69600        1.581030e-04        4.228583e-27
               69700        1.599340e-04        5.448211e-27
               69800        1.651510e-04        5.153739e-27
               69900        1.607000e-04        6.129728e-27
               70000        1.633290e-04        5.179502e-27
               70100        1.617240e-04        4.668352e-27
               70200        1.614730e-04        4.554083e-27
               70300        1.617030e-04        5.292517e-27
               70400        1.603360e-04        4.514025e-27
               70500        1.610720e-04        4.165760e-27
               70600        1.608840e-04        3.985035e-27
               70700        1.593660e-04        5.269354e-27
               70800        1.608170e-04        7.844422e-27
               70900        1.487240e-04        5.195705e-27
               71000        1.598900e-04        6.656556e-27
               71100        1.589580e-04        4.380553e-27
               71200        1.613060e-04        4.275829e-27
               71300        1.596950e-04        4.955436e-27
               71400        1.856900e-04        4.279716e-27
               71500        1.582380e-04        4.401043e-27
               71600        1.599410e-04        4.969431e-27
               71700        1.591700e-04        5.981884e-27
               71800        1.610840e-04        5.554422e-27
               71900        1.598710e-04        5.667729e-27
               72000        1.605470e-04        6.275187e-27
               72100        1.710140e-04        4.798431e-27
               72200        1.616920e-04        4.053970e-27
               72300        1.607570e-04        4.537254e-27
               72400        1.614520e-04        4.048564e-27
               72500        1.615110e-04        3.993050e-27
               72600        1.594480e-04        4.279832e-27
               72700        1.893810e-04        4.351326e-27
               72800        1.599760e-04        5.837424e-27
               72900        1.602170e-04        6.130990e-27
               73000        1.631900e-04        6.042173e-27
               73100        1.485820e-04        5.631120e-27
               73200        1.607910e-04        5.303833e-27
               73300        1.676990e-04        4.688679e-27
               73400        1.587690e-04        4.787002e-27
               73500        1.584740e-04        4.182643e-27
               73600        1.620860e-04        5.724977e-27
               73700        1.486730e-04        5.019179e-27
               73800        1.573070e-04        6.060929e-27
               73900        1.597110e-04        4.573745e-27
               74000        1.608350e-04        5.805142e-27
               74100        1.612940e-04        6.071507e-27
               74200        1.580640e-04        5.589718e-27
               74300        1.615740e-04        4.258753e-27
               74400        1.504820e-04        3.713792e-27
               74500        1.632450e-04        5.015602e-27
               74600        1.632600e-04        4.949248e-27
               74700        1.602320e-04        5.267421e-27
               74800        1.612270e-04        5.475633e-27
               74900        1.594500e-04        6.069284e-27
               75000        1.606720e-04        4.061279e-27
               75100        1.602300e-04        4.902033e-27
               75200        1.578520e-04        5.995699e-27
               75300        1.603200e-04        6.030991e-27
               75400        1.575860e-04        3.989260e-27
               75500        1.608500e-04        4.926180e-27
               75600        1.622160e-04        6.557434e-27
               75700        1.631360e-04        5.963559e-27
               75800        1.831200e-04        5.938665e-27
               75900        1.504110e-04        7.218033e-27
               76000        1.635310e-04        5.990259e-27
               76100        1.602450e-04        5.787871e-27
               76200        1.673640e-04        5.586357e-27
               76300        1.503900e-04        4.573824e-27
               76400        1.590490e-04        5.202634e-27
               76500        1.601560e-04        6.295184e-27
               76600        1.595830e-04        3.416887e-27
               76700        1.603980e-04        4.614550e-27
               76800        1.668650e-04        4.416698e-27
               76900        1.613030e-04        3.713091e-27
               77000        1.596420e-04        4.392978e-27
               77100        1.620620e-04        5.052098e-27
               77200        1.587980e-04        4.833441e-27
               77300        1.605150e-04        5.928674e-27
               77400        1.609440e-04        4.442595e-27
               77500        1.614990e-04        4.327414e-27
               77600        1.591600e-04        4.420644e-27
               77700        1.603450e-04        3.211607e-27
               77800        1.624370e-04        3.968478e-27
               77900        1.609670e-04        4.710506e-27
               78000        1.493700e-04        5.208328e-27
               78100        1.594100e-04        3.991083e-27
               78200        1.612410e-04        5.526002e-27
               78300        1.614950e-04        4.945144e-27
               78400        1.605630e-04        5.919800e-27
               78500        1.614840e-04        4.855490e-27
               78600        1.593500e-04        4.661960e-27
               78700        1.608190e-04        3.178342e-27
               78800        1.621610e-04        4.420199e-27
               78900        1.631240e-04        4.646669e-27
               79000        1.595060e-04        4.593024e-27
               79100        1.513250e-04        4.909579e-27
               79200        1.628490e-04        4.070215e-27
               79300        1.616250e-04        4.518900e-27
               79400        1.496140e-04        4.303061e-27
               79500        1.596700e-04        3.906363e-27
               79600        1.634030e-04        4.598662e-27
               79700        1.616310e-04        4.274896e-27
               79800        1.621120e-04        4.300519e-27
               79900        1.638370e-04        4.005824e-27
               80000        1.595920e-04        5.218344e-27
               80100        1.626510e-04        5.779878e-27
               80200        1.588880e-04        5.032834e-27
               80300        1.804830e-04        5.499103e-27
               80400        1.872720e-04        4.811498e-27
               80500        1.768400e-04        4.265229e-27
               80600        1.878570e-04        5.775278e-27
               80700        1.851900e-04        4.134189e-27
               80800        1.879150e-04        5.022392e-27
               80900        1.864430e-04        4.202600e-27
               81000        1.469700e-04        4.624835e-27
               81100        1.816270e-04        4.499148e-27
               81200        1.841810e-04        4.632833e-27
               81300        1.812110e-04        4.725033e-27
               81400        1.822270e-04        4.135082e-27
               81500        1.835720e-04        4.593609e-27
               81600        1.797100e-04        5.037811e-27
               81700        1.825900e-04        4.944939e-27
               81800        1.836840e-04        6.893570e-27
               81900        1.812430e-04        4.367164e-27
               82000        1.824750e-04        3.692198e-27
               82100        1.819860e-04        5.240447e-27
               82200        1.809190e-04        5.641163e-27
               82300        1.808770e-04        4.760017e-27
               82400        1.826230e-04        4.842344e-27
               82500        1.806140e-04        4.209497e-27
               82600        1.806810e-04        5.010530e-27
               82700        1.598430e-04        5.567540e-27
               82800        1.722660e-04        5.406117e-27
               82900        1.855440e-04        5.594704e-27
               83000        1.905550e-04        4.690183e-27
               83100        1.829870e-04        5.349088e-27
               83200        1.828180e-04        6.024716e-27
               83300        1.794770e-04        5.024347e-27
               83400        1.808140e-04        5.742849e-27
               83500        1.827200e-04        4.921452e-27
               83600        1.809900e-04        6.244653e-27
               83700        1.849260e-04        5.438846e-27
               83800        1.823100e-04        5.046384e-27
               83900        1.813010e-04        5.856140e-27
               84000        1.816690e-04        4.390028e-27
               84100        1.835010e-04        4.994268e-27
               84200        1.627630e-04        4.451910e-27
               84300        1.628580e-04        3.966176e-27
               84400        1.636210e-04        4.919024e-27
               84500        1.641380e-04        6.766674e-27
               84600        1.587830e-04        7.671694e-27
               84700        1.672570e-04        5.976061e-27
               84800        1.638150e-04        4.923755e-27
               84900        1.639200e-04        5.570599e-27
               85000        1.623920e-04        3.832775e-27
               85100        1.616180e-04        3.945119e-27
               85200        1.470120e-04        3.399436e-27
               85300        1.445690e-04        5.874955e-27
               85400        1.428050e-04        4.972127e-27
               85500        1.449590e-04        5.365798e-27
               85600        1.456150e-04        4.654244e-27
               85700        1.462800e-04        6.133446e-27
               85800        1.436130e-04        4.197284e-27
               85900        1.431290e-04        5.313556e-27
               86000        1.464750e-04        6.212840e-27
               86100        1.456670e-04        6.098517e-27
               86200        1.463730e-04        3.987074e-27
               86300        1.479960e-04        3.409551e-27
               86400        1.494410e-04        4.810594e-27
               86500        1.467000e-04        4.423899e-27
               86600        1.516860e-04        6.378858e-27
               86700        1.479130e-04        5.568434e-27
               86800        1.499320e-04        5.494851e-27
               86900        1.488840e-04        5.109476e-27
               87000        1.541030e-04        5.173720e-27
               87100        1.504650e-04        5.003567e-27
               87200        1.461030e-04        6.072672e-27
               87300        1.606350e-04        4.345254e-27
               87400        1.536950e-04        4.931941e-27
               87500        1.513640e-04        5.070980e-27
               87600        1.523430e-04        5.806789e-27
               87700        1.522990e-04        5.316792e-27
               87800        1.525580e-04        5.064610e-27
               87900        1.529770e-04        4.906542e-27
               88000        1.518660e-04        5.048883e-27
               88100        1.531320e-04        4.744641e-27
               88200        1.570290e-04        4.943323e-27
               88300        1.488330e-04        4.337429e-27
               88400        1.511100e-04        5.428869e-27
               88500        1.515150e-04        5.964329e-27
               88600        1.533700e-04        6.235359e-27
               88700        1.527000e-04        6.971368e-27
               88800        1.572630e-04        5.760548e-27
               88900        1.554090e-04        4.568042e-27
               89000        1.523920e-04        4.985001e-27
               89100        1.525000e-04        4.390522e-27
               89200        1.522320e-04        5.198373e-27
               89300        1.550370e-04        4.652527e-27
               89400        1.537460e-04        4.569805e-27
               89500        1.537600e-04        4.349282e-27
               89600        1.524970e-04        4.443201e-27
               89700        1.532150e-04        5.026413e-27
               89800        1.505690e-04        7.537426e-27
               89900        1.523040e-04        5.139165e-27
               90000        1.566810e-04        5.560179e-27
               90100        1.600880e-04        4.618082e-27
               90200        1.566020e-04        3.993424e-27
               90300        1.594160e-04        4.515966e-27
               90400        1.563420e-04        5.572727e-27
               90500        1.565380e-04        5.181551e-27
               90600        1.565720e-04        5.960298e-27
               90700        1.562170e-04        5.283569e-27
               90800        1.561930e-04        5.728341e-27
               90900        1.559780e-04        7.162457e-27
               91000        1.552200e-04        5.287041e-27
               91100        1.580920e-04        4.784971e-27
               91200        1.570670e-04        5.312093e-27
               91300        1.582040e-04        4.612939e-27
               91400        1.670020e-04        5.829917e-27
               91500        1.555170e-04        5.510821e-27
               91600        1.570010e-04        5.506573e-27
               91700        1.544800e-04        5.144729e-27
               91800        1.581440e-04        4.799542e-27
               91900        1.579750e-04        4.309068e-27
               92000        1.595250e-04        3.796339e-27
               92100        1.569060e-04        5.323976e-27
               92200        1.579460e-04        5.319309e-27
               92300        1.574920e-04        4.103792e-27
               92400        1.561570e-04        4.794328e-27
               92500        1.561480e-04        3.795726e-27
               92600        1.579610e-04        6.468386e-27
               92700        1.550730e-04        7.018396e-27
               92800        1.597390e-04        6.642827e-27
               92900        1.595590e-04        6.278983e-27
               93000        1.577210e-04        4.436961e-27
               93100        1.584730e-04        5.025624e-27
               93200        1.569180e-04        5.371933e-27
               93300        1.563570e-04        5.322080e-27
               93400        1.601390e-04        5.389384e-27
               93500        1.565930e-04        4.704412e-27
               93600        1.657370e-04        3.544974e-27
               93700        1.631610e-04        4.887930e-27
               93800        1.562630e-04        5.842294e-27
               93900        1.624020e-04        5.177217e-27
               94000        1.681230e-04        5.280658e-27
               94100        1.624030e-04        3.765778e-27
               94200        1.598630e-04        4.820704e-27
               94300        1.619930e-04        4.485856e-27
               94400        1.612910e-04        5.171109e-27
               94500        1.601110e-04        4.943340e-27
               94600        1.617000e-04        4.643584e-27
               94700        1.598650e-04        6.415109e-27
               94800        1.614080e-04        5.651766e-27
               94900        1.588400e-04        4.611956e-27
               95000        1.615200e-04        5.056821e-27
               95100        1.607040e-04        3.845546e-27
               95200        1.626480e-04        4.546100e-27
               95300        1.621770e-04        4.822646e-27
               95400        1.591460e-04        4.783512e-27
               95500        1.613140e-04        3.653974e-27
               95600        1.616960e-04        4.064509e-27
               95700        1.623960e-04        4.634650e-27
               95800        1.613580e-04        4.293445e-27
               95900        1.618620e-04        5.318846e-27
               96000        1.613270e-04        5.679425e-27
               96100        1.611140e-04        5.101468e-27
               96200        1.697520e-04        4.767493e-27
               96300        1.615460e-04        5.678045e-27
               96400        1.650640e-04        6.290866e-27
               96500        1.629440e-04        5.553780e-27
               96600        1.613860e-04        5.700077e-27
               96700        1.606730e-04        4.123628e-27
               96800        1.609850e-04        5.844371e-27
               96900        1.596840e-04        5.775614e-27
               97000        1.612280e-04        5.937766e-27
               97100        1.640470e-04        3.855358e-27
               97200        1.612010e-04        4.655474e-27
               97300        1.604090e-04        3.768920e-27
               97400        1.624510e-04        4.259008e-27
               97500        1.633040e-04        4.446141e-27
               97600        1.609160e-04        5.326559e-27
               97700        1.604410e-04        4.019929e-27
               97800        1.669670e-04        4.820421e-27
               97900        1.593280e-04        6.030026e-27
               98000        1.621400e-04        4.625168e-27
               98100        1.627650e-04        3.856577e-27
               98200        1.643890e-04        3.410006e-27
               98300        1.580290e-04        4.916718e-27
               98400        1.567170e-04        4.953753e-27
               98500        1.678210e-04        5.605068e-27
               98600        1.613510e-04        5.965505e-27
               98700        1.617260e-04        6.074411e-27
               98800        1.596340e-04        5.665386e-27
               98900        1.615020e-04        6.240082e-27
               99000        1.606170e-04        5.134595e-27
               99100        1.621580e-04        5.135525e-27
               99200        1.613830e-04        4.747476e-27
               99300        1.622180e-04        3.934917e-27
               99400        1.641900e-04        5.132261e-27
               99500        1.629280e-04        5.332621e-27
               99600        1.606330e-04        5.246592e-27
               99700        1.561310e-04        5.650652e-27
               99800        1.554190e-04        5.386196e-27
               99900        1.702220e-04        5.611331e-27
              100000        1.573270e-04        5.106465e-27
