Period: 100
               Epoch           Time cost                Loss
                 100        2.094100e-04        2.050553e+04
                 200        1.559140e-04        1.199535e+04
                 300        1.567600e-04        7.744866e+03
                 400        1.737740e-04        5.808764e+03
                 500        1.767390e-04        4.298268e+03
                 600        1.494480e-04        3.698275e+03
                 700        5.046250e-04        3.698020e+03
                 800        1.455220e-04        3.697970e+03
                 900        1.722470e-04        2.814262e+03
                1000        1.492220e-04        1.836679e+03
                1100        2.251820e-04        1.836241e+03
                1200        1.473930e-04        1.425751e+03
                1300        2.287710e-04        9.576943e+02
                1400        2.348470e-04        9.575767e+02
                1500        1.985040e-04        8.247740e+02
                1600        2.410490e-04        4.771244e+02
                1700        2.451990e-04        4.710519e+02
                1800        2.212090e-04        1.994250e+02
                1900        2.383970e-04        1.734623e+02
                2000        2.223420e-04        8.301114e+01
                2100        2.543430e-04        8.300918e+01
                2200        2.355430e-04        5.885976e+01
                2300        2.290950e-04        4.965350e+01
                2400        2.241700e-04        2.615104e+01
                2500        2.247980e-04        2.615616e+01
                2600        2.188830e-04        1.937266e+01
                2700        2.243340e-04        1.538768e+01
                2800        2.184550e-04        1.538655e+01
                2900        2.198380e-04        1.533682e+01
                3000        2.208790e-04        8.592596e+00
                3100        2.254910e-04        8.592596e+00
                3200        2.360530e-04        6.418324e+00
                3300        2.348440e-04        6.418324e+00
                3400        2.473700e-04        4.478089e+00
                3500        2.578150e-04        4.477968e+00
                3600        2.244800e-04        2.818075e+00
                3700        2.170920e-04        2.818054e+00
                3800        2.519190e-04        1.965094e+00
                3900        2.135940e-04        1.965039e+00
                4000        2.472540e-04        1.511336e+00
                4100        2.436150e-04        1.511494e+00
                4200        1.792920e-04        1.155201e+00
                4300        2.562780e-04        1.155192e+00
                4400        1.754400e-04        7.903929e-01
                4500        2.433730e-04        7.904252e-01
                4600        1.714030e-04        5.518263e-01
                4700        2.871930e-04        5.518263e-01
                4800        2.342840e-04        4.060249e-01
                4900        2.256690e-04        4.060216e-01
                5000        2.127270e-04        4.057979e-01
                5100        2.156540e-04        2.223210e-01
                5200        2.260970e-04        2.223520e-01
                5300        2.432510e-04        1.821391e-01
                5400        2.102330e-04        1.319117e-01
                5500        2.441080e-04        1.319099e-01
                5600        2.228560e-04        7.316138e-02
                5700        2.305250e-04        7.316211e-02
                5800        2.079260e-04        7.227737e-02
                5900        2.375330e-04        4.242216e-02
                6000        2.074470e-04        4.243336e-02
                6100        1.476860e-04        3.701230e-02
                6200        2.095130e-04        3.701230e-02
                6300        2.147610e-04        1.413799e-02
                6400        2.004270e-04        1.413453e-02
                6500        2.385330e-04        1.206786e-02
                6600        2.159730e-04        1.206764e-02
                6700        2.676020e-04        7.184367e-03
                6800        2.250600e-04        7.184535e-03
                6900        2.217950e-04        5.731173e-03
                7000        2.099690e-04        5.730931e-03
                7100        2.185340e-04        4.752976e-03
                7200        2.114190e-04        4.753198e-03
                7300        2.158370e-04        2.464461e-03
                7400        2.416290e-04        2.464485e-03
                7500        2.163270e-04        2.582080e-03
                7600        2.085870e-04        2.582204e-03
                7700        2.260220e-04        1.935450e-03
                7800        2.459290e-04        1.935450e-03
                7900        2.161270e-04        1.453598e-03
                8000        2.377800e-04        1.453597e-03
                8100        2.284440e-04        9.702294e-04
                8200        2.157040e-04        9.702294e-04
                8300        2.208980e-04        7.223436e-04
                8400        1.952650e-04        7.223145e-04
                8500        2.442120e-04        5.457900e-04
                8600        2.173630e-04        5.458190e-04
                8700        2.565890e-04        4.479038e-04
                8800        2.644120e-04        4.479038e-04
                8900        2.501070e-04        3.318654e-04
                9000        2.763510e-04        3.318654e-04
                9100        2.308350e-04        2.257873e-04
                9200        2.325350e-04        2.257873e-04
                9300        2.823860e-04        1.700205e-04
                9400        2.427810e-04        1.700205e-04
                9500        2.238140e-04        1.202727e-04
                9600        2.269990e-04        1.202802e-04
                9700        2.172240e-04        7.843506e-05
                9800        2.246100e-04        7.843506e-05
                9900        2.415360e-04        5.931256e-05
               10000        2.270190e-04        5.931249e-05
               10100        2.455710e-04        4.437032e-05
               10200        2.269850e-04        4.437032e-05
               10300        2.124330e-04        2.539716e-05
               10400        2.713240e-04        1.747993e-05
               10500        2.225680e-04        1.747938e-05
               10600        2.515230e-04        1.247016e-05
               10700        2.827910e-04        1.247055e-05
               10800        2.205730e-04        1.235189e-05
               10900        2.147640e-04        5.527626e-06
               11000        2.201390e-04        5.527500e-06
               11100        2.159650e-04        4.273532e-06
               11200        2.396940e-04        3.424588e-06
               11300        2.158580e-04        3.424733e-06
               11400        2.631260e-04        2.020012e-06
               11500        2.562870e-04        2.020012e-06
               11600        1.864810e-04        1.589617e-06
               11700        2.634010e-04        1.589614e-06
               11800        2.525010e-04        1.230960e-06
               11900        2.230110e-04        1.230960e-06
               12000        2.532240e-04        9.281317e-07
               12100        2.295740e-04        9.281317e-07
               12200        2.172110e-04        6.658907e-07
               12300        2.513740e-04        6.658907e-07
               12400        2.345910e-04        4.853779e-07
               12500        2.664670e-04        4.853785e-07
               12600        2.388010e-04        3.393894e-07
               12700        2.194390e-04        3.393894e-07
               12800        2.396530e-04        2.486199e-07
               12900        2.147660e-04        2.486199e-07
               13000        1.966630e-04        1.895288e-07
               13100        2.524360e-04        1.895280e-07
               13200        2.235340e-04        1.872319e-07
               13300        2.464180e-04        1.188080e-07
               13400        2.104040e-04        1.188067e-07
               13500        1.581720e-04        9.877353e-08
               13600        2.063730e-04        6.940501e-08
               13700        2.173950e-04        6.941962e-08
               13800        2.178010e-04        4.498417e-08
               13900        2.139240e-04        4.498417e-08
               14000        2.209170e-04        2.535410e-08
               14100        2.353130e-04        2.499933e-08
               14200        2.224150e-04        2.235132e-08
               14300        2.425720e-04        1.398084e-08
               14400        2.147300e-04        1.397991e-08
               14500        2.241230e-04        1.156518e-08
               14600        2.177620e-04        1.156518e-08
               14700        2.192390e-04        5.713128e-09
               14800        1.893190e-04        5.716375e-09
               14900        2.523460e-04        5.716623e-09
               15000        2.555120e-04        4.705849e-09
               15100        2.533780e-04        3.718972e-09
               15200        2.162130e-04        3.719022e-09
               15300        2.403760e-04        2.661835e-09
               15400        2.228280e-04        2.661835e-09
               15500        2.256570e-04        1.848690e-09
               15600        2.208640e-04        1.848705e-09
               15700        2.300070e-04        1.848690e-09
               15800        2.141240e-04        1.848690e-09
               15900        2.198880e-04        1.300267e-09
               16000        2.242040e-04        1.300267e-09
               16100        2.174590e-04        1.300267e-09
               16200        2.361690e-04        8.695467e-10
               16300        2.243450e-04        8.695467e-10
               16400        2.268780e-04        6.719981e-10
               16500        1.466730e-04        6.719981e-10
               16600        1.981740e-04        5.588373e-10
               16700        2.297570e-04        5.588340e-10
               16800        2.106200e-04        4.064753e-10
               16900        2.203170e-04        4.064742e-10
               17000        2.089930e-04        2.515971e-10
               17100        2.185520e-04        2.515582e-10
               17200        2.130350e-04        1.906468e-10
               17300        2.219980e-04        1.510727e-10
               17400        2.206950e-04        1.510251e-10
               17500        2.328360e-04        9.214986e-11
               17600        2.640490e-04        9.214986e-11
               17700        2.211000e-04        8.834434e-11
               17800        2.677430e-04        5.303744e-11
               17900        2.107270e-04        5.304068e-11
               18000        1.817130e-04        4.155267e-11
               18100        2.477470e-04        2.474231e-11
               18200        2.281610e-04        1.853125e-11
               18300        2.391920e-04        1.853125e-11
               18400        2.578680e-04        1.236770e-11
               18500        2.180140e-04        1.236768e-11
               18600        2.558790e-04        9.341090e-12
               18700        2.443450e-04        9.340507e-12
               18800        2.186970e-04        5.856288e-12
               18900        2.487530e-04        5.856288e-12
               19000        2.560890e-04        3.760885e-12
               19100        2.189290e-04        3.760874e-12
               19200        2.567480e-04        2.365506e-12
               19300        2.435970e-04        1.696527e-12
               19400        2.134220e-04        1.696931e-12
               19500        2.236190e-04        1.158511e-12
               19600        2.502810e-04        5.511164e-13
               19700        1.828880e-04        5.511194e-13
               19800        2.101060e-04        4.479433e-13
               19900        2.705600e-04        3.682735e-13
               20000        2.426340e-04        3.682614e-13
               20100        2.502010e-04        2.157556e-13
               20200        2.480420e-04        2.157497e-13
               20300        2.195060e-04        2.128280e-13
               20400        2.507620e-04        1.416349e-13
               20500        2.717070e-04        1.416815e-13
               20600        2.341890e-04        1.183426e-13
               20700        1.605130e-04        9.544813e-14
               20800        2.665070e-04        6.676913e-14
               20900        2.121350e-04        6.675705e-14
               21000        1.894020e-04        4.974956e-14
               21100        2.584640e-04        3.998436e-14
               21200        2.232320e-04        2.301446e-14
               21300        2.872730e-04        2.216702e-14
               21400        2.558760e-04        1.964542e-14
               21500        2.637150e-04        1.197458e-14
               21600        2.181180e-04        1.198287e-14
               21700        2.425350e-04        8.751541e-15
               21800        2.605970e-04        5.827124e-15
               21900        2.635400e-04        5.827124e-15
               22000        2.808330e-04        2.871091e-15
               22100        2.314920e-04        2.103866e-15
               22200        2.311100e-04        2.103867e-15
               22300        2.285320e-04        1.663784e-15
               22400        2.290610e-04        1.663784e-15
               22500        2.398340e-04        1.425168e-15
               22600        2.276010e-04        1.425169e-15
               22700        2.289610e-04        1.130089e-15
               22800        2.314600e-04        1.130089e-15
               22900        2.469380e-04        9.246943e-16
               23000        2.373840e-04        9.246872e-16
               23100        2.321200e-04        7.458381e-16
               23200        2.235580e-04        7.458381e-16
               23300        2.422550e-04        6.028151e-16
               23400        2.187990e-04        6.028088e-16
               23500        2.555160e-04        4.610806e-16
               23600        2.783110e-04        4.610829e-16
               23700        2.548830e-04        3.375271e-16
               23800        2.862400e-04        3.375271e-16
               23900        2.569180e-04        2.378519e-16
               24000        2.701510e-04        2.378519e-16
               24100        2.502580e-04        2.378519e-16
               24200        2.674210e-04        1.506475e-16
               24300        2.808130e-04        1.548660e-16
               24400        2.333420e-04        1.368561e-16
               24500        2.773800e-04        9.839508e-17
               24600        2.593900e-04        9.839242e-17
               24700        2.560370e-04        7.912332e-17
               24800        2.554810e-04        5.268993e-17
               24900        2.724240e-04        5.268839e-17
               25000        2.335760e-04        3.108518e-17
               25100        2.859030e-04        3.108518e-17
               25200        2.599780e-04        2.301149e-17
               25300        2.352890e-04        2.301149e-17
               25400        1.687370e-04        1.826374e-17
               25500        2.698020e-04        1.826290e-17
               25600        2.299620e-04        1.335377e-17
               25700        2.310880e-04        1.335380e-17
               25800        2.825030e-04        9.155196e-18
               25900        2.687410e-04        9.155196e-18
               26000        2.678620e-04        6.884536e-18
               26100        2.452600e-04        6.884563e-18
               26200        4.963530e-04        5.220846e-18
               26300        2.748190e-04        5.220846e-18
               26400        2.394370e-04        3.507027e-18
               26500        2.368280e-04        3.507027e-18
               26600        2.469440e-04        2.496992e-18
               26700        2.404230e-04        2.496992e-18
               26800        2.346130e-04        1.995496e-18
               26900        2.240360e-04        1.995554e-18
               27000        2.433200e-04        1.501186e-18
               27100        2.403770e-04        1.501186e-18
               27200        2.485370e-04        1.014362e-18
               27300        2.566600e-04        7.139907e-19
               27400        2.293710e-04        7.139907e-19
               27500        2.271800e-04        5.120474e-19
               27600        2.218170e-04        5.120474e-19
               27700        1.993550e-04        4.093766e-19
               27800        2.424340e-04        4.093291e-19
               27900        2.366120e-04        3.279074e-19
               28000        2.879200e-04        3.278783e-19
               28100        2.369960e-04        2.316417e-19
               28200        1.813010e-04        2.316419e-19
               28300        3.081280e-04        1.757304e-19
               28400        2.798710e-04        1.757304e-19
               28500        1.817000e-04        1.229035e-19
               28600        2.910200e-04        1.229047e-19
               28700        1.982030e-04        8.223813e-20
               28800        3.331350e-04        8.223813e-20
               28900        2.265560e-04        6.448986e-20
               29000        4.692630e-04        6.448986e-20
               29100        2.166460e-04        3.926473e-20
               29200        2.791190e-04        3.925908e-20
               29300        2.228340e-04        3.201865e-20
               29400        2.719400e-04        2.698875e-20
               29500        2.368180e-04        1.702807e-20
               29600        2.784750e-04        1.659621e-20
               29700        2.465510e-04        1.437204e-20
               29800        2.262200e-04        8.967746e-21
               29900        2.873400e-04        8.967707e-21
               30000        2.288380e-04        6.816079e-21
               30100        2.868350e-04        5.806521e-21
               30200        2.885690e-04        3.687352e-21
               30300        2.423250e-04        3.687315e-21
               30400        2.675210e-04        2.886006e-21
               30500        2.870000e-04        2.231736e-21
               30600        2.414580e-04        1.382403e-21
               30700        2.700780e-04        1.382362e-21
               30800        2.673580e-04        1.035265e-21
               30900        2.286450e-04        7.615693e-22
               31000        2.689800e-04        5.341499e-22
               31100        2.769130e-04        5.340696e-22
               31200        2.432000e-04        3.945126e-22
               31300        1.747640e-04        3.335293e-22
               31400        2.781530e-04        2.031931e-22
               31500        2.328170e-04        2.032791e-22
               31600        1.874220e-04        2.032791e-22
               31700        2.635570e-04        1.245948e-22
               31800        2.481030e-04        8.551552e-23
               31900        1.726750e-04        5.932232e-23
               32000        2.385130e-04        5.932133e-23
               32100        2.760080e-04        5.635943e-23
               32200        2.288970e-04        3.265735e-23
               32300        2.783810e-04        3.265891e-23
               32400        2.702360e-04        2.307819e-23
               32500        2.279610e-04        1.968392e-23
               32600        2.533130e-04        1.277332e-23
               32700        2.759080e-04        1.277323e-23
               32800        2.438440e-04        1.056603e-23
               32900        2.765100e-04        9.366559e-24
               33000        2.429710e-04        6.017768e-24
               33100        2.452470e-04        6.017035e-24
               33200        2.329580e-04        6.017035e-24
               33300        2.320060e-04        3.776063e-24
               33400        2.319260e-04        2.564453e-24
               33500        2.298920e-04        2.252535e-24
               33600        2.590520e-04        1.632849e-24
               33700        2.287570e-04        1.202097e-24
               33800        2.319420e-04        1.202146e-24
               33900        2.339690e-04        1.198516e-24
               34000        2.230590e-04        7.121812e-25
               34100        2.383420e-04        4.188327e-25
               34200        2.344230e-04        2.881409e-25
               34300        2.217640e-04        2.881409e-25
               34400        2.256810e-04        1.956993e-25
               34500        2.326520e-04        1.956993e-25
               34600        2.601170e-04        1.438821e-25
               34700        2.515170e-04        1.438821e-25
               34800        2.693000e-04        1.224382e-25
               34900        2.495570e-04        1.224382e-25
               35000        2.227850e-04        9.066664e-26
               35100        2.753890e-04        9.066664e-26
               35200        2.372200e-04        6.983056e-26
               35300        2.666540e-04        6.983056e-26
               35400        2.665570e-04        4.877878e-26
               35500        2.299180e-04        4.878824e-26
               35600        2.670840e-04        3.492584e-26
               35700        2.732530e-04        3.492584e-26
               35800        2.350480e-04        2.450062e-26
               35900        2.794060e-04        2.450062e-26
               36000        2.356610e-04        2.089415e-26
               36100        2.089530e-04        2.089415e-26
               36200        2.733850e-04        1.786752e-26
               36300        2.386830e-04        1.786752e-26
               36400        2.581660e-04        1.389064e-26
               36500        2.707750e-04        1.389064e-26
               36600        2.526250e-04        1.169485e-26
               36700        2.779920e-04        1.169485e-26
               36800        2.436610e-04        9.947595e-27
               36900        1.705080e-04        9.947595e-27
               37000        2.211910e-04        9.166949e-27
               37100        2.356570e-04        9.166949e-27
               37200        2.686520e-04        7.833516e-27
               37300        1.933090e-04        7.833516e-27
               37400        2.794560e-04        7.967529e-27
               37500        1.974540e-04        7.967529e-27
               37600        2.840910e-04        6.403029e-27
               37700        2.169780e-04        6.403029e-27
               37800        2.431960e-04        6.112453e-27
               37900        2.322920e-04        6.112453e-27
               38000        1.778330e-04        6.326383e-27
               38100        2.246220e-04        6.326383e-27
               38200        2.284300e-04        6.375842e-27
               38300        2.736360e-04        5.720507e-27
               38400        2.412450e-04        5.697359e-27
               38500        2.749870e-04        5.667456e-27
               38600        2.530660e-04        5.426529e-27
               38700        2.392990e-04        5.288707e-27
               38800        2.752200e-04        5.287967e-27
               38900        2.463780e-04        5.333509e-27
               39000        2.809530e-04        5.868441e-27
               39100        2.751080e-04        5.868441e-27
               39200        2.366470e-04        5.431125e-27
               39300        2.719000e-04        5.157734e-27
               39400        2.816900e-04        5.428239e-27
               39500        2.372170e-04        5.429817e-27
               39600        2.982930e-04        4.930399e-27
               39700        2.770620e-04        4.546160e-27
               39800        2.455720e-04        4.689192e-27
               39900        2.560010e-04        4.697870e-27
               40000        2.809830e-04        4.078906e-27
               40100        2.387480e-04        4.168059e-27
               40200        2.884370e-04        4.335735e-27
               40300        2.447420e-04        4.346609e-27
               40400        2.766260e-04        4.279424e-27
               40500        2.705710e-04        4.200352e-27
               40600        2.411120e-04        4.378347e-27
               40700        2.677970e-04        4.382341e-27
               40800        2.892960e-04        4.382341e-27
               40900        2.338400e-04        4.459238e-27
               41000        2.710540e-04        4.511734e-27
               41100        2.695230e-04        4.653817e-27
               41200        2.266680e-04        4.301006e-27
               41300        2.664370e-04        4.471054e-27
               41400        2.813140e-04        4.487868e-27
               41500        2.359690e-04        4.471054e-27
               41600        2.649420e-04        4.668797e-27
               41700        2.420560e-04        4.752516e-27
               41800        2.009460e-04        4.752516e-27
               41900        2.680580e-04        4.768794e-27
               42000        2.510550e-04        4.768794e-27
               42100        2.514610e-04        4.768794e-27
               42200        2.696430e-04        4.768794e-27
               42300        2.282600e-04        4.922641e-27
               42400        2.816600e-04        4.922641e-27
               42500        2.840770e-04        4.769220e-27
               42600        2.741430e-04        4.769220e-27
               42700        2.718270e-04        4.242843e-27
               42800        2.845550e-04        4.242843e-27
               42900        2.508280e-04        4.316136e-27
               43000        3.038220e-04        4.316136e-27
               43100        2.776820e-04        4.054840e-27
               43200        2.490120e-04        4.054840e-27
               43300        2.696070e-04        4.012544e-27
               43400        2.740450e-04        4.011164e-27
               43500        2.089400e-04        4.026855e-27
               43600        2.843160e-04        4.026855e-27
               43700        2.769130e-04        4.032095e-27
               43800        2.217830e-04        4.032095e-27
               43900        2.831730e-04        3.877813e-27
               44000        2.370740e-04        3.877813e-27
               44100        2.482050e-04        3.928977e-27
               44200        2.080520e-04        3.928977e-27
               44300        2.746070e-04        4.459919e-27
               44400        2.131830e-04        4.459919e-27
               44500        2.871830e-04        4.357828e-27
               44600        2.211770e-04        4.357828e-27
               44700        2.860060e-04        3.917568e-27
               44800        2.326090e-04        3.917568e-27
               44900        2.238480e-04        4.284319e-27
               45000        2.465220e-04        4.284319e-27
               45100        2.364870e-04        4.284319e-27
               45200        2.775270e-04        4.260463e-27
               45300        2.410860e-04        4.260463e-27
               45400        2.988590e-04        4.583727e-27
               45500        2.418720e-04        4.583727e-27
               45600        2.402370e-04        4.567091e-27
               45700        2.781110e-04        4.633119e-27
               45800        2.605430e-04        4.633710e-27
               45900        2.766490e-04        4.633119e-27
               46000        2.799360e-04        4.647170e-27
               46100        2.502650e-04        4.202532e-27
               46200        2.860950e-04        4.012430e-27
               46300        2.772880e-04        4.012430e-27
               46400        2.639170e-04        3.861441e-27
               46500        2.736420e-04        3.863906e-27
               46600        2.864940e-04        3.892373e-27
               46700        2.520150e-04        3.893803e-27
               46800        2.760930e-04        3.658237e-27
               46900        2.799130e-04        3.659189e-27
               47000        2.451970e-04        3.602597e-27
               47100        2.867190e-04        3.602597e-27
               47200        2.846130e-04        3.462086e-27
               47300        2.779210e-04        3.462086e-27
               47400        2.233990e-04        3.698577e-27
               47500        2.836270e-04        3.689844e-27
               47600        2.828810e-04        3.732292e-27
               47700        4.600310e-04        3.732292e-27
               47800        2.796070e-04        3.739013e-27
               47900        2.450650e-04        4.021495e-27
               48000        2.421930e-04        4.021841e-27
               48100        2.818840e-04        3.898896e-27
               48200        2.094350e-04        3.613976e-27
               48300        2.782080e-04        3.609244e-27
               48400        2.120520e-04        3.944593e-27
               48500        2.809450e-04        3.944593e-27
               48600        2.389060e-04        3.996733e-27
               48700        2.833590e-04        3.827962e-27
               48800        2.336470e-04        3.827962e-27
               48900        2.462050e-04        3.810794e-27
               49000        2.344100e-04        3.457914e-27
               49100        2.388960e-04        3.664935e-27
               49200        2.310810e-04        3.664935e-27
               49300        2.298700e-04        3.852698e-27
               49400        2.297570e-04        4.051226e-27
               49500        2.386100e-04        4.255520e-27
               49600        2.425950e-04        4.255520e-27
               49700        2.429290e-04        3.804142e-27
               49800        1.851880e-04        3.871375e-27
               49900        2.218400e-04        3.695742e-27
               50000        2.548650e-04        3.696265e-27
               50100        2.456290e-04        3.966008e-27
               50200        2.937470e-04        4.177973e-27
               50300        2.505050e-04        3.678110e-27
               50400        3.050120e-04        3.677075e-27
               50500        2.910900e-04        3.678110e-27
               50600        2.460690e-04        3.667002e-27
               50700        2.887520e-04        3.577524e-27
               50800        2.839240e-04        3.482218e-27
               50900        2.467860e-04        3.548651e-27
               51000        2.806130e-04        4.051379e-27
               51100        2.890600e-04        4.052562e-27
               51200        2.338380e-04        3.867758e-27
               51300        2.884710e-04        3.738780e-27
               51400        2.386440e-04        4.108756e-27
               51500        2.152970e-04        4.104811e-27
               51600        2.932650e-04        4.010965e-27
               51700        2.567170e-04        4.259470e-27
               51800        2.640680e-04        3.895499e-27
               51900        2.424740e-04        3.898654e-27
               52000        1.809310e-04        4.190108e-27
               52100        1.918520e-04        3.961228e-27
               52200        2.592600e-04        3.643001e-27
               52300        2.067600e-04        3.643001e-27
               52400        2.817910e-04        3.603907e-27
               52500        2.431890e-04        3.379286e-27
               52600        2.581580e-04        3.379286e-27
               52700        2.797420e-04        2.916124e-27
               52800        2.351020e-04        2.916124e-27
               52900        2.894310e-04        2.929164e-27
               53000        2.946100e-04        3.172027e-27
               53100        2.759250e-04        3.172027e-27
               53200        2.775560e-04        3.133791e-27
               53300        2.356060e-04        3.133791e-27
               53400        2.712270e-04        3.069295e-27
               53500        2.432560e-04        3.069295e-27
               53600        2.071320e-04        2.995133e-27
               53700        2.907910e-04        2.995133e-27
               53800        2.555730e-04        2.840531e-27
               53900        2.634680e-04        2.840531e-27
               54000        2.890580e-04        3.174460e-27
               54100        2.429250e-04        3.174460e-27
               54200        2.798680e-04        3.073544e-27
               54300        2.782170e-04        3.073544e-27
               54400        2.551500e-04        3.305351e-27
               54500        2.804550e-04        3.305351e-27
               54600        2.882460e-04        3.261880e-27
               54700        2.526770e-04        3.261880e-27
               54800        2.765600e-04        3.369435e-27
               54900        2.889950e-04        3.369435e-27
               55000        2.404860e-04        3.617061e-27
               55100        1.885700e-04        3.617061e-27
               55200        2.929640e-04        3.826308e-27
               55300        2.538280e-04        3.826308e-27
               55400        2.869660e-04        3.415198e-27
               55500        1.914330e-04        3.415198e-27
               55600        2.834310e-04        3.478220e-27
               55700        2.672500e-04        3.478220e-27
               55800        2.035380e-04        3.481665e-27
               55900        1.909270e-04        3.484093e-27
               56000        2.476270e-04        3.484093e-27
               56100        2.958550e-04        3.300567e-27
               56200        1.999740e-04        3.336718e-27
               56300        2.917150e-04        3.335535e-27
               56400        2.857710e-04        3.587463e-27
               56500        2.733870e-04        3.587463e-27
               56600        2.809190e-04        3.571925e-27
               56700        2.293010e-04        3.535241e-27
               56800        1.883430e-04        3.535241e-27
               56900        2.689940e-04        3.208279e-27
               57000        2.406860e-04        3.203835e-27
               57100        1.811730e-04        3.424113e-27
               57200        1.800250e-04        3.424113e-27
               57300        2.449740e-04        3.430096e-27
               57400        1.928020e-04        3.553546e-27
               57500        1.823050e-04        3.784446e-27
               57600        2.860490e-04        3.783658e-27
               57700        1.921430e-04        3.673249e-27
               57800        2.671970e-04        3.849688e-27
               57900        2.354480e-04        3.804236e-27
               58000        2.002650e-04        3.840066e-27
               58100        2.815160e-04        4.306247e-27
               58200        2.313940e-04        4.291259e-27
               58300        2.734350e-04        4.096099e-27
               58400        2.789200e-04        3.883545e-27
               58500        2.328630e-04        3.982792e-27
               58600        2.712730e-04        3.982792e-27
               58700        2.771000e-04        3.647895e-27
               58800        2.372000e-04        3.974701e-27
               58900        2.774720e-04        3.975293e-27
               59000        2.393020e-04        3.974701e-27
               59100        2.017850e-04        3.781744e-27
               59200        2.775720e-04        3.776807e-27
               59300        2.489400e-04        3.776807e-27
               59400        2.784620e-04        3.764019e-27
               59500        2.602000e-04        3.764019e-27
               59600        2.198780e-04        3.661860e-27
               59700        1.976200e-04        3.661515e-27
               59800        2.724990e-04        3.535020e-27
               59900        2.312260e-04        3.535020e-27
               60000        2.647660e-04        3.989775e-27
               60100        2.688750e-04        3.989578e-27
               60200        2.429390e-04        4.354372e-27
               60300        2.688780e-04        4.354372e-27
               60400        2.684100e-04        4.288283e-27
               60500        2.424940e-04        4.288283e-27
               60600        2.732940e-04        4.110180e-27
               60700        2.809520e-04        4.110180e-27
               60800        2.413470e-04        3.990820e-27
               60900        2.719250e-04        3.990820e-27
               61000        2.809140e-04        4.127040e-27
               61100        2.411790e-04        4.127040e-27
               61200        2.882170e-04        3.793624e-27
               61300        2.748490e-04        4.133499e-27
               61400        2.443730e-04        4.133499e-27
               61500        2.744400e-04        4.135675e-27
               61600        2.784360e-04        4.334656e-27
               61700        2.396690e-04        4.334665e-27
               61800        2.902510e-04        4.368097e-27
               61900        2.380400e-04        4.361402e-27
               62000        2.099120e-04        4.361402e-27
               62100        2.774720e-04        3.997695e-27
               62200        2.365980e-04        3.997695e-27
               62300        2.594730e-04        3.974239e-27
               62400        2.766310e-04        3.667627e-27
               62500        2.390080e-04        3.667627e-27
               62600        2.827720e-04        3.645755e-27
               62700        2.010550e-04        3.530625e-27
               62800        2.594420e-04        3.762893e-27
               62900        2.803590e-04        3.764459e-27
               63000        2.792770e-04        3.583079e-27
               63100        2.902840e-04        3.584680e-27
               63200        2.755880e-04        3.204259e-27
               63300        2.790370e-04        3.204259e-27
               63400        2.821010e-04        3.455049e-27
               63500        2.363870e-04        3.337214e-27
               63600        2.397620e-04        3.234953e-27
               63700        2.255380e-04        3.234953e-27
               63800        2.351530e-04        3.347322e-27
               63900        2.834540e-04        3.724113e-27
               64000        2.514780e-04        3.735551e-27
               64100        2.890890e-04        3.692149e-27
               64200        2.852770e-04        3.629875e-27
               64300        2.422820e-04        3.629875e-27
               64400        2.707840e-04        3.519919e-27
               64500        2.956220e-04        3.540117e-27
               64600        2.677440e-04        3.736958e-27
               64700        2.736880e-04        3.736761e-27
               64800        1.923300e-04        4.052574e-27
               64900        2.338150e-04        4.080579e-27
               65000        2.958790e-04        3.857894e-27
               65100        2.538910e-04        3.856316e-27
               65200        2.992460e-04        3.693091e-27
               65300        2.909700e-04        3.557449e-27
               65400        4.957490e-04        3.853752e-27
               65500        2.438800e-04        3.856908e-27
               65600        2.634710e-04        3.862798e-27
               65700        2.351580e-04        3.551537e-27
               65800        2.537350e-04        3.664229e-27
               65900        2.372030e-04        3.664229e-27
               66000        2.835710e-04        3.401160e-27
               66100        2.435130e-04        3.240485e-27
               66200        2.858240e-04        3.771918e-27
               66300        2.441270e-04        3.785486e-27
               66400        2.042810e-04        3.851649e-27
               66500        3.061480e-04        3.851649e-27
               66600        2.469920e-04        4.007639e-27
               66700        2.792190e-04        4.146022e-27
               66800        2.931680e-04        4.067168e-27
               66900        2.543260e-04        4.065689e-27
               67000        2.732140e-04        3.782316e-27
               67100        2.895350e-04        3.601042e-27
               67200        2.395850e-04        3.475623e-27
               67300        1.866980e-04        3.475623e-27
               67400        2.870470e-04        3.622555e-27
               67500        2.590630e-04        3.797141e-27
               67600        1.933970e-04        4.110019e-27
               67700        2.875040e-04        4.109933e-27
               67800        2.203800e-04        3.996787e-27
               67900        2.965830e-04        3.934682e-27
               68000        2.452740e-04        3.798700e-27
               68100        2.814540e-04        3.797517e-27
               68200        2.797500e-04        3.641134e-27
               68300        3.618260e-04        3.641134e-27
               68400        2.806650e-04        3.657290e-27
               68500        2.576020e-04        3.656501e-27
               68600        2.464650e-04        3.519266e-27
               68700        2.725630e-04        3.517097e-27
               68800        2.584640e-04        3.519266e-27
               68900        2.768690e-04        4.062003e-27
               69000        2.772460e-04        4.062101e-27
               69100        2.573980e-04        4.512291e-27
               69200        2.788340e-04        4.426346e-27
               69300        2.775790e-04        4.426346e-27
               69400        2.441660e-04        4.423834e-27
               69500        2.693460e-04        4.426558e-27
               69600        2.685210e-04        4.464551e-27
               69700        2.455760e-04        4.033820e-27
               69800        2.702650e-04        4.032834e-27
               69900        2.695970e-04        3.841781e-27
               70000        2.456560e-04        3.841781e-27
               70100        2.610000e-04        3.592547e-27
               70200        2.758360e-04        3.592463e-27
               70300        2.381960e-04        3.753919e-27
               70400        2.714290e-04        3.753919e-27
               70500        2.681180e-04        3.744403e-27
               70600        2.371640e-04        3.744403e-27
               70700        2.866670e-04        3.544368e-27
               70800        2.810130e-04        3.544368e-27
               70900        2.206280e-04        3.530201e-27
               71000        2.688170e-04        3.527834e-27
               71100        2.708380e-04        3.592157e-27
               71200        2.313640e-04        3.592157e-27
               71300        2.780550e-04        3.623750e-27
               71400        2.870990e-04        3.756210e-27
               71500        2.121000e-04        3.756210e-27
               71600        2.746680e-04        3.621243e-27
               71700        2.503670e-04        3.717591e-27
               71800        2.397020e-04        3.717591e-27
               71900        2.410350e-04        4.149090e-27
               72000        2.768740e-04        4.149090e-27
               72100        2.460590e-04        4.187244e-27
               72200        2.362550e-04        3.706191e-27
               72300        2.621630e-04        3.706191e-27
               72400        2.381520e-04        3.493848e-27
               72500        2.392470e-04        3.473644e-27
               72600        2.601910e-04        3.934786e-27
               72700        2.538370e-04        3.934786e-27
               72800        1.837030e-04        3.960253e-27
               72900        2.141790e-04        3.926219e-27
               73000        2.620240e-04        4.417264e-27
               73100        2.591240e-04        4.417264e-27
               73200        2.437700e-04        4.055709e-27
               73300        2.514590e-04        3.831042e-27
               73400        2.596100e-04        4.419587e-27
               73500        2.662660e-04        4.419784e-27
               73600        2.682970e-04        4.160320e-27
               73700        3.271130e-04        4.028423e-27
               73800        1.887750e-04        3.782831e-27
               73900        2.496960e-04        3.788538e-27
               74000        2.736860e-04        3.782831e-27
               74100        2.713160e-04        4.122496e-27
               74200        2.617460e-04        3.881062e-27
               74300        2.618640e-04        3.885499e-27
               74400        2.621120e-04        4.103254e-27
               74500        2.561680e-04        4.045513e-27
               74600        2.586470e-04        4.005972e-27
               74700        2.920150e-04        4.007698e-27
               74800        2.758650e-04        4.374927e-27
               74900        2.837890e-04        4.703371e-27
               75000        2.599140e-04        4.703371e-27
               75100        2.911280e-04        4.391841e-27
               75200        2.594220e-04        4.391841e-27
               75300        2.806120e-04        4.304863e-27
               75400        1.716250e-04        4.304863e-27
               75500        2.603880e-04        4.297488e-27
               75600        2.808030e-04        4.307290e-27
               75700        2.265280e-04        3.725765e-27
               75800        2.834460e-04        3.739620e-27
               75900        2.322520e-04        4.011816e-27
               76000        2.798620e-04        4.011816e-27
               76100        2.216230e-04        3.707188e-27
               76200        2.688090e-04        3.707779e-27
               76300        2.706330e-04        3.942758e-27
               76400        2.553350e-04        3.942758e-27
               76500        2.553010e-04        4.082484e-27
               76600        2.347720e-04        4.080056e-27
               76700        2.832670e-04        3.932375e-27
               76800        2.429030e-04        3.941841e-27
               76900        2.716690e-04        3.924319e-27
               77000        8.394010e-04        3.921164e-27
               77100        2.554380e-04        3.890574e-27
               77200        2.821380e-04        3.890574e-27
               77300        2.503630e-04        3.921448e-27
               77400        1.984450e-04        3.921448e-27
               77500        2.675080e-04        3.679852e-27
               77600        2.272080e-04        3.730891e-27
               77700        2.819430e-04        3.730891e-27
               77800        2.290750e-04        3.896539e-27
               77900        2.627920e-04        3.896539e-27
               78000        2.554280e-04        4.439831e-27
               78100        2.646020e-04        4.439831e-27
               78200        1.733530e-04        4.152828e-27
               78300        2.256670e-04        4.152828e-27
               78400        2.452740e-04        4.409002e-27
               78500        2.653980e-04        4.409002e-27
               78600        2.550170e-04        3.774698e-27
               78700        2.480250e-04        3.774698e-27
               78800        2.499800e-04        3.552812e-27
               78900        2.572640e-04        3.552812e-27
               79000        2.593760e-04        3.552812e-27
               79100        2.505800e-04        3.352852e-27
               79200        2.328170e-04        3.352852e-27
               79300        2.781630e-04        3.343461e-27
               79400        2.656090e-04        3.346539e-27
               79500        2.777900e-04        3.371910e-27
               79600        2.831130e-04        3.470096e-27
               79700        2.682590e-04        3.319202e-27
               79800        2.711140e-04        3.525793e-27
               79900        2.774720e-04        3.663683e-27
               80000        2.705360e-04        3.662894e-27
               80100        2.898240e-04        3.663371e-27
               80200        2.877150e-04        3.604995e-27
               80300        2.761730e-04        4.071372e-27
               80400        2.743350e-04        4.070189e-27
               80500        2.882830e-04        3.835840e-27
               80600        2.716150e-04        3.852206e-27
               80700        2.917610e-04        4.548579e-27
               80800        3.087840e-04        4.548579e-27
               80900        2.781970e-04        4.969182e-27
               81000        3.072110e-04        4.941382e-27
               81100        2.728690e-04        4.563505e-27
               81200        2.821630e-04        4.512816e-27
               81300        2.874520e-04        4.770206e-27
               81400        2.756890e-04        4.772572e-27
               81500        2.888940e-04        4.839767e-27
               81600        2.890660e-04        4.362649e-27
               81700        2.806810e-04        4.382640e-27
               81800        2.911350e-04        4.251038e-27
               81900        2.926700e-04        4.206545e-27
               82000        2.746130e-04        3.962360e-27
               82100        2.710080e-04        3.960736e-27
               82200        2.922290e-04        3.668595e-27
               82300        2.669780e-04        3.339172e-27
               82400        2.834150e-04        3.529288e-27
               82500        2.873970e-04        3.529288e-27
               82600        2.706550e-04        3.497896e-27
               82700        2.766620e-04        3.702623e-27
               82800        2.897750e-04        3.827937e-27
               82900        2.644650e-04        3.720047e-27
               83000        2.823180e-04        3.731880e-27
               83100        2.801660e-04        3.588547e-27
               83200        2.690820e-04        3.708729e-27
               83300        2.768170e-04        3.939686e-27
               83400        2.904930e-04        4.137907e-27
               83500        2.676460e-04        4.472880e-27
               83600        2.735200e-04        4.472880e-27
               83700        3.013580e-04        4.144921e-27
               83800        2.806790e-04        3.992881e-27
               83900        2.727110e-04        3.746949e-27
               84000        2.796100e-04        3.742659e-27
               84100        2.578180e-04        3.392902e-27
               84200        2.764470e-04        3.217015e-27
               84300        2.896780e-04        3.512705e-27
               84400        2.665270e-04        3.515269e-27
               84500        2.840630e-04        3.592689e-27
               84600        2.791330e-04        3.980382e-27
               84700        2.774710e-04        3.708710e-27
               84800        2.852870e-04        3.708710e-27
               84900        2.638480e-04        3.802975e-27
               85000        2.788030e-04        3.892814e-27
               85100        4.368420e-04        4.090339e-27
               85200        2.777450e-04        4.090339e-27
               85300        2.608180e-04        3.976439e-27
               85400        2.629120e-04        4.512454e-27
               85500        2.337740e-04        4.528881e-27
               85600        2.686870e-04        4.744553e-27
               85700        2.536280e-04        4.455628e-27
               85800        2.857280e-04        4.498883e-27
               85900        2.628570e-04        4.730964e-27
               86000        3.042430e-04        4.733861e-27
               86100        2.566060e-04        4.747018e-27
               86200        1.939270e-04        4.863301e-27
               86300        2.457260e-04        4.739222e-27
               86400        2.634060e-04        4.789581e-27
               86500        2.370960e-04        4.051079e-27
               86600        2.002400e-04        4.021291e-27
               86700        2.463290e-04        4.236139e-27
               86800        2.669100e-04        4.156022e-27
               86900        3.201960e-04        4.114538e-27
               87000        2.652980e-04        4.082561e-27
               87100        3.096750e-04        4.082561e-27
               87200        3.274720e-04        3.731338e-27
               87300        2.190420e-04        3.511287e-27
               87400        3.235630e-04        3.690564e-27
               87500        2.854480e-04        3.464682e-27
               87600        2.919050e-04        3.643735e-27
               87700        3.162170e-04        3.821938e-27
               87800        2.685260e-04        3.859115e-27
               87900        3.152930e-04        3.729226e-27
               88000        2.793280e-04        4.194395e-27
               88100        2.264600e-04        4.102173e-27
               88200        3.096740e-04        4.194395e-27
               88300        2.368580e-04        4.665365e-27
               88400        3.134310e-04        4.657944e-27
               88500        2.454110e-04        5.209833e-27
               88600        3.155800e-04        5.205889e-27
               88700        2.486940e-04        4.834403e-27
               88800        2.454690e-04        4.711721e-27
               88900        2.546310e-04        3.705710e-27
               89000        2.476720e-04        3.739841e-27
               89100        2.635160e-04        4.061469e-27
               89200        2.753990e-04        4.078393e-27
               89300        2.121640e-04        4.871779e-27
               89400        3.056840e-04        4.871779e-27
               89500        3.049810e-04        4.720276e-27
               89600        2.368110e-04        4.562335e-27
               89700        3.067140e-04        4.538848e-27
               89800        2.941450e-04        4.550941e-27
               89900        2.533950e-04        4.622508e-27
               90000        3.006570e-04        4.622508e-27
               90100        2.589090e-04        4.089724e-27
               90200        2.968730e-04        3.782214e-27
               90300        3.050310e-04        3.515520e-27
               90400        2.644260e-04        3.549178e-27
               90500        2.900440e-04        3.621825e-27
               90600        3.054140e-04        3.621825e-27
               90700        2.528000e-04        3.702363e-27
               90800        2.027940e-04        3.855430e-27
               90900        3.125380e-04        3.754391e-27
               91000        2.734030e-04        3.754391e-27
               91100        2.038910e-04        4.081694e-27
               91200        2.663440e-04        3.798736e-27
               91300        3.001370e-04        3.956191e-27
               91400        2.080390e-04        3.956191e-27
               91500        3.155630e-04        3.993245e-27
               91600        2.942860e-04        3.798672e-27
               91700        2.797980e-04        3.746442e-27
               91800        2.988990e-04        3.743286e-27
               91900        2.523910e-04        4.002055e-27
               92000        2.884700e-04        4.060813e-27
               92100        2.905370e-04        4.275172e-27
               92200        2.572560e-04        4.270686e-27
               92300        2.917490e-04        4.177340e-27
               92400        2.953200e-04        4.127550e-27
               92500        2.443780e-04        4.532074e-27
               92600        2.895240e-04        4.532074e-27
               92700        2.957870e-04        4.008432e-27
               92800        2.366820e-04        3.743244e-27
               92900        2.523780e-04        3.262162e-27
               93000        2.446420e-04        3.260978e-27
               93100        2.363150e-04        3.350132e-27
               93200        2.556080e-04        3.343816e-27
               93300        2.285780e-04        3.887976e-27
               93400        2.351550e-04        4.032922e-27
               93500        2.473940e-04        3.935530e-27
               93600        2.474840e-04        3.935740e-27
               93700        2.471630e-04        3.693049e-27
               93800        2.427080e-04        3.734797e-27
               93900        2.407260e-04        4.156261e-27
               94000        2.406170e-04        4.156852e-27
               94100        2.316580e-04        3.752125e-27
               94200        1.750920e-04        3.991453e-27
               94300        2.266970e-04        3.947736e-27
               94400        2.390610e-04        3.941179e-27
               94500        2.358310e-04        3.955461e-27
               94600        2.354050e-04        3.503312e-27
               94700        2.374290e-04        3.504495e-27
               94800        2.403850e-04        3.503312e-27
               94900        2.350500e-04        3.504495e-27
               95000        2.299360e-04        3.578678e-27
               95100        2.342100e-04        3.578678e-27
               95200        2.389980e-04        3.578678e-27
               95300        1.800940e-04        3.578678e-27
               95400        2.640090e-04        3.533836e-27
               95500        2.363930e-04        3.533836e-27
               95600        2.316840e-04        3.533836e-27
               95700        2.218150e-04        3.667387e-27
               95800        2.338870e-04        3.667387e-27
               95900        2.414690e-04        3.667387e-27
               96000        2.395280e-04        3.667387e-27
               96100        2.035740e-04        3.995995e-27
               96200        1.773520e-04        3.995995e-27
               96300        2.322810e-04        3.995995e-27
               96400        2.401010e-04        3.995995e-27
               96500        2.331580e-04        4.341430e-27
               96600        2.269030e-04        4.341430e-27
               96700        2.297590e-04        4.341775e-27
               96800        2.269920e-04        4.341775e-27
               96900        2.257270e-04        4.157108e-27
               97000        2.260000e-04        4.157108e-27
               97100        2.296940e-04        3.872724e-27
               97200        2.335560e-04        3.872724e-27
               97300        2.260610e-04        3.840910e-27
               97400        1.634660e-04        3.840910e-27
               97500        2.303540e-04        3.966852e-27
               97600        2.379090e-04        3.966852e-27
               97700        2.685320e-04        4.336824e-27
               97800        2.320690e-04        4.338077e-27
               97900        2.569920e-04        4.384293e-27
               98000        2.282050e-04        4.228859e-27
               98100        2.271640e-04        4.104569e-27
               98200        2.326910e-04        4.107133e-27
               98300        2.333130e-04        4.441414e-27
               98400        2.414240e-04        4.157503e-27
               98500        2.357640e-04        4.257144e-27
               98600        2.361670e-04        4.266233e-27
               98700        2.384900e-04        4.209708e-27
               98800        2.217240e-04        4.037173e-27
               98900        2.093060e-04        4.037173e-27
               99000        2.093090e-04        4.037173e-27
               99100        2.138340e-04        3.488083e-27
               99200        2.201450e-04        3.522281e-27
               99300        2.155310e-04        4.185684e-27
               99400        2.212920e-04        4.189333e-27
               99500        1.954370e-04        4.274854e-27
               99600        1.666530e-04        4.278919e-27
               99700        1.642630e-04        4.105338e-27
               99800        1.655450e-04        3.940137e-27
               99900        1.668670e-04        3.940137e-27
              100000        1.624770e-04        3.841745e-27
