Period: 100
               Epoch           Time cost                Loss
                 100        8.993960e-04        7.339424e+03
                 200        1.020890e-04        7.339424e+03
                 300        1.018390e-04        7.339424e+03
                 400        1.163120e-04        7.339424e+03
                 500        8.578400e-05        5.000075e+03
                 600        1.264610e-04        5.000075e+03
                 700        8.702100e-05        3.469154e+03
                 800        1.242470e-04        3.469142e+03
                 900        8.308600e-05        3.469154e+03
                1000        1.110280e-04        2.397701e+03
                1100        8.734600e-05        2.397642e+03
                1200        1.199190e-04        2.346677e+03
                1300        8.707800e-05        2.346664e+03
                1400        1.251310e-04        1.325486e+03
                1500        8.362400e-05        1.324180e+03
                1600        1.114890e-04        1.090215e+03
                1700        1.174540e-04        1.090180e+03
                1800        8.688800e-05        8.609599e+02
                1900        1.107420e-04        8.607448e+02
                2000        1.169760e-04        5.432901e+02
                2100        9.185100e-05        5.433175e+02
                2200        1.058180e-04        5.705895e+02
                2300        9.128300e-05        5.705755e+02
                2400        8.124900e-05        3.872014e+02
                2500        1.159350e-04        3.872014e+02
                2600        8.455700e-05        3.792141e+02
                2700        1.347810e-04        3.792057e+02
                2800        1.107060e-04        2.448563e+02
                2900        1.122370e-04        2.025107e+02
                3000        1.169560e-04        2.025135e+02
                3100        8.689100e-05        1.598800e+02
                3200        1.157400e-04        1.598769e+02
                3300        1.104700e-04        9.856476e+01
                3400        1.157330e-04        9.435968e+01
                3500        9.049600e-05        9.435818e+01
                3600        8.136200e-05        9.856404e+01
                3700        1.158200e-04        9.856404e+01
                3800        8.663800e-05        6.025420e+01
                3900        1.181820e-04        6.026392e+01
                4000        1.086620e-04        4.771115e+01
                4100        1.126220e-04        3.773606e+01
                4200        1.153070e-04        2.463436e+01
                4300        1.154270e-04        2.463797e+01
                4400        8.623300e-05        1.690851e+01
                4500        1.170130e-04        1.611411e+01
                4600        1.135780e-04        9.483091e+00
                4700        1.137420e-04        8.781879e+00
                4800        1.167480e-04        6.212724e+00
                4900        9.560600e-05        6.210108e+00
                5000        1.118610e-04        5.782809e+00
                5100        1.142390e-04        3.494236e+00
                5200        8.273300e-05        3.211925e+00
                5300        1.199390e-04        3.212248e+00
                5400        9.876700e-05        2.152972e+00
                5500        1.225260e-04        1.741549e+00
                5600        9.078700e-05        1.117461e+00
                5700        1.261480e-04        1.117582e+00
                5800        9.232700e-05        1.098366e+00
                5900        1.269860e-04        6.893327e-01
                6000        8.767800e-05        4.455182e-01
                6100        1.244790e-04        2.291495e-01
                6200        8.974000e-05        1.758144e-01
                6300        1.202290e-04        1.375651e-01
                6400        9.019200e-05        1.375666e-01
                6500        1.227640e-04        1.313315e-01
                6600        9.241000e-05        6.534832e-02
                6700        1.215810e-04        4.405768e-02
                6800        8.975300e-05        4.405768e-02
                6900        1.223650e-04        4.268046e-02
                7000        1.193240e-04        3.846337e-02
                7100        9.521500e-05        1.905470e-02
                7200        1.263070e-04        1.558115e-02
                7300        1.160630e-04        1.169147e-02
                7400        9.159600e-05        7.267674e-03
                7500        7.203300e-05        7.123137e-03
                7600        1.173640e-04        7.123144e-03
                7700        7.124400e-05        6.496514e-03
                7800        8.854400e-05        3.789395e-03
                7900        7.060000e-05        3.789553e-03
                8000        8.460600e-05        2.747127e-03
                8100        8.116400e-05        2.478928e-03
                8200        9.394000e-05        1.405770e-03
                8300        7.372800e-05        1.252762e-03
                8400        9.530600e-05        1.252691e-03
                8500        9.264300e-05        8.902494e-04
                8600        1.224340e-04        8.902582e-04
                8700        9.151900e-05        6.688173e-04
                8800        1.219870e-04        6.711712e-04
                8900        9.380500e-05        5.794180e-04
                9000        1.222790e-04        5.794835e-04
                9100        9.253800e-05        3.397211e-04
                9200        1.238330e-04        3.397211e-04
                9300        8.762300e-05        2.456915e-04
                9400        1.194160e-04        2.456938e-04
                9500        8.774200e-05        2.327829e-04
                9600        1.220190e-04        2.328591e-04
                9700        9.001500e-05        1.405730e-04
                9800        1.195140e-04        1.405578e-04
                9900        8.979100e-05        1.152609e-04
               10000        1.234990e-04        1.152610e-04
               10100        9.120100e-05        9.426558e-05
               10200        1.185470e-04        9.422874e-05
               10300        7.250300e-05        5.772567e-05
               10400        9.042300e-05        5.772563e-05
               10500        9.425200e-05        4.749374e-05
               10600        1.252440e-04        4.749374e-05
               10700        8.984600e-05        4.571684e-05
               10800        1.237590e-04        4.571702e-05
               10900        8.963600e-05        2.918749e-05
               11000        1.224610e-04        2.918762e-05
               11100        8.975700e-05        2.386854e-05
               11200        1.257520e-04        2.386855e-05
               11300        9.155700e-05        1.967744e-05
               11400        1.202650e-04        1.963287e-05
               11500        8.781500e-05        1.250885e-05
               11600        1.261250e-04        1.250883e-05
               11700        9.222100e-05        7.518051e-06
               11800        1.224080e-04        7.521095e-06
               11900        9.101300e-05        5.167504e-06
               12000        1.234850e-04        4.131505e-06
               12100        9.042200e-05        4.130999e-06
               12200        1.169190e-04        4.131505e-06
               12300        8.913400e-05        2.122890e-06
               12400        1.207070e-04        1.228600e-06
               12500        9.259700e-05        8.989339e-07
               12600        1.299450e-04        6.887924e-07
               12700        8.818000e-05        4.571781e-07
               12800        1.197670e-04        3.757457e-07
               12900        1.080480e-04        2.647692e-07
               13000        1.274820e-04        2.355467e-07
               13100        9.920900e-05        1.401909e-07
               13200        1.290380e-04        1.122445e-07
               13300        1.027630e-04        1.122464e-07
               13400        1.260360e-04        1.079821e-07
               13500        1.016910e-04        1.079856e-07
               13600        1.228230e-04        6.078662e-08
               13700        9.938700e-05        6.078892e-08
               13800        1.185150e-04        5.366971e-08
               13900        1.042510e-04        5.364270e-08
               14000        1.258790e-04        4.492637e-08
               14100        1.037940e-04        4.491415e-08
               14200        1.261240e-04        2.925439e-08
               14300        1.001410e-04        2.925278e-08
               14400        1.252070e-04        2.208827e-08
               14500        1.000830e-04        2.208827e-08
               14600        1.328650e-04        2.130491e-08
               14700        1.016760e-04        2.130382e-08
               14800        1.283500e-04        1.164330e-08
               14900        1.005940e-04        1.164296e-08
               15000        1.200510e-04        9.805697e-09
               15100        9.615000e-05        9.804956e-09
               15200        1.251640e-04        7.497147e-09
               15300        1.270920e-04        7.471954e-09
               15400        1.085050e-04        4.724585e-09
               15500        1.161080e-04        4.724489e-09
               15600        1.185470e-04        3.402775e-09
               15700        1.070580e-04        3.402766e-09
               15800        1.409170e-04        3.268151e-09
               15900        1.232370e-04        3.268149e-09
               16000        1.031310e-04        2.129960e-09
               16100        1.225000e-04        2.129938e-09
               16200        9.713700e-05        1.835265e-09
               16300        7.813700e-05        1.835238e-09
               16400        1.067470e-04        1.522835e-09
               16500        7.252700e-05        1.522545e-09
               16600        1.155420e-04        9.395860e-10
               16700        1.011970e-04        9.395755e-10
               16800        1.222230e-04        9.260709e-10
               16900        1.018590e-04        9.260709e-10
               17000        1.220820e-04        9.260709e-10
               17100        9.298800e-05        5.953291e-10
               17200        1.237460e-04        4.697647e-10
               17300        9.960700e-05        4.697507e-10
               17400        1.291350e-04        4.536266e-10
               17500        9.663100e-05        4.536097e-10
               17600        1.193340e-04        2.554913e-10
               17700        9.170800e-05        2.554578e-10
               17800        1.283730e-04        2.074910e-10
               17900        9.807100e-05        2.074853e-10
               18000        1.205760e-04        1.690514e-10
               18100        9.572300e-05        1.688668e-10
               18200        1.218700e-04        1.127360e-10
               18300        9.468600e-05        1.127303e-10
               18400        1.311210e-04        1.114771e-10
               18500        9.868000e-05        1.114771e-10
               18600        1.319870e-04        8.899948e-11
               18700        9.841600e-05        8.900055e-11
               18800        1.261210e-04        8.578812e-11
               18900        9.391000e-05        8.578716e-11
               19000        1.298440e-04        5.974193e-11
               19100        7.928400e-05        5.973112e-11
               19200        7.395500e-05        5.131378e-11
               19300        8.252900e-05        5.131229e-11
               19400        7.470600e-05        4.472928e-11
               19500        8.049900e-05        4.470837e-11
               19600        7.335700e-05        3.010328e-11
               19700        8.445900e-05        3.010344e-11
               19800        7.325500e-05        2.988584e-11
               19900        8.281300e-05        2.988578e-11
               20000        7.389200e-05        2.319962e-11
               20100        1.204610e-04        2.319962e-11
               20200        7.937300e-05        2.290642e-11
               20300        7.659200e-05        2.290475e-11
               20400        1.296580e-04        1.199450e-11
               20500        1.220490e-04        1.199441e-11
               20600        1.243090e-04        9.919146e-12
               20700        1.210560e-04        9.918364e-12
               20800        1.065990e-04        8.640421e-12
               20900        1.155900e-04        8.628751e-12
               21000        1.210450e-04        5.280358e-12
               21100        1.050780e-04        5.280358e-12
               21200        1.199390e-04        4.153780e-12
               21300        1.206110e-04        4.153746e-12
               21400        9.812500e-05        4.037391e-12
               21500        1.240130e-04        4.037404e-12
               21600        1.127330e-04        2.471554e-12
               21700        1.150700e-04        2.471044e-12
               21800        1.176700e-04        2.012220e-12
               21900        7.651600e-05        2.012249e-12
               22000        9.823700e-05        1.776104e-12
               22100        7.476800e-05        1.775217e-12
               22200        9.584300e-05        1.206070e-12
               22300        8.438800e-05        1.206067e-12
               22400        9.318000e-05        9.389236e-13
               22500        7.431100e-05        9.389236e-13
               22600        9.465000e-05        9.258007e-13
               22700        7.481000e-05        9.257835e-13
               22800        9.331200e-05        4.814025e-13
               22900        7.134100e-05        4.811741e-13
               23000        1.121850e-04        4.402461e-13
               23100        7.704800e-05        4.402457e-13
               23200        1.001190e-04        3.106107e-13
               23300        1.220860e-04        3.058772e-13
               23400        9.969800e-05        2.256159e-13
               23500        1.212590e-04        2.256154e-13
               23600        1.173970e-04        1.700550e-13
               23700        1.138660e-04        1.700544e-13
               23800        1.220720e-04        1.686650e-13
               23900        1.010800e-04        1.686659e-13
               24000        1.246600e-04        9.562691e-14
               24100        1.215430e-04        9.521726e-14
               24200        1.007530e-04        8.041813e-14
               24300        1.241020e-04        8.041571e-14
               24400        1.159750e-04        6.326401e-14
               24500        1.180400e-04        6.347575e-14
               24600        1.225270e-04        4.204061e-14
               24700        1.062480e-04        4.204066e-14
               24800        1.178510e-04        3.077374e-14
               24900        1.232790e-04        3.077374e-14
               25000        1.060110e-04        3.040671e-14
               25100        1.223180e-04        3.040692e-14
               25200        1.122740e-04        2.039224e-14
               25300        7.820000e-05        2.039729e-14
               25400        9.865500e-05        1.846404e-14
               25500        8.472800e-05        1.846413e-14
               25600        7.779200e-05        1.372899e-14
               25700        1.169230e-04        1.063633e-14
               25800        8.451200e-05        1.063625e-14
               25900        7.517300e-05        7.737185e-15
               26000        1.055250e-04        7.737185e-15
               26100        1.122920e-04        7.669085e-15
               26200        1.042380e-04        7.669210e-15
               26300        8.092100e-05        4.603674e-15
               26400        9.866800e-05        4.601068e-15
               26500        7.801400e-05        4.054810e-15
               26600        9.950900e-05        4.054804e-15
               26700        7.953700e-05        3.217301e-15
               26800        1.004690e-04        2.168834e-15
               26900        7.596300e-05        2.168888e-15
               27000        1.023690e-04        1.109783e-15
               27100        9.475600e-05        1.101921e-15
               27200        8.025900e-05        8.752017e-16
               27300        9.792800e-05        8.523892e-16
               27400        1.211640e-04        5.822124e-16
               27500        1.176450e-04        5.793850e-16
               27600        8.398700e-05        3.832106e-16
               27700        1.039700e-04        3.739396e-16
               27800        7.953400e-05        2.459372e-16
               27900        1.007600e-04        2.425189e-16
               28000        1.005550e-04        1.763917e-16
               28100        1.230000e-04        8.422789e-17
               28200        1.232060e-04        7.154908e-17
               28300        1.248360e-04        5.339871e-17
               28400        1.233740e-04        3.728239e-17
               28500        1.046280e-04        3.728342e-17
               28600        1.202620e-04        3.712223e-17
               28700        1.241410e-04        3.712236e-17
               28800        1.069880e-04        2.360738e-17
               28900        1.226110e-04        2.359328e-17
               29000        1.231540e-04        1.971974e-17
               29100        1.040000e-04        1.971845e-17
               29200        1.225400e-04        1.650671e-17
               29300        1.247070e-04        1.006850e-17
               29400        1.086340e-04        1.006838e-17
               29500        1.214820e-04        7.875715e-18
               29600        1.234810e-04        7.875715e-18
               29700        1.048010e-04        7.862400e-18
               29800        1.163230e-04        7.862409e-18
               29900        1.235200e-04        4.640446e-18
               30000        1.054060e-04        4.636365e-18
               30100        1.253180e-04        3.647769e-18
               30200        1.006980e-04        3.647678e-18
               30300        1.184440e-04        3.010515e-18
               30400        8.410900e-05        1.874823e-18
               30500        1.026080e-04        1.874821e-18
               30600        1.228980e-04        1.571586e-18
               30700        1.041290e-04        1.571586e-18
               30800        1.244540e-04        1.567365e-18
               30900        1.346270e-04        1.567370e-18
               31000        1.097010e-04        8.204196e-19
               31100        1.207940e-04        8.199181e-19
               31200        9.777300e-05        7.328803e-19
               31300        1.104250e-04        7.332552e-19
               31400        1.239390e-04        6.096500e-19
               31500        9.814200e-05        4.264749e-19
               31600        1.263730e-04        4.264766e-19
               31700        1.245910e-04        3.434793e-19
               31800        1.171830e-04        3.434793e-19
               31900        1.253960e-04        3.422385e-19
               32000        1.073500e-04        3.422385e-19
               32100        1.206140e-04        2.245823e-19
               32200        1.239890e-04        2.244486e-19
               32300        1.074630e-04        1.984101e-19
               32400        1.254700e-04        1.983991e-19
               32500        1.247160e-04        1.659765e-19
               32600        1.016650e-04        9.863655e-20
               32700        1.219400e-04        9.863940e-20
               32800        1.192310e-04        4.659126e-20
               32900        8.545000e-05        4.465979e-20
               33000        9.988000e-05        2.670153e-20
               33100        8.067200e-05        2.569526e-20
               33200        1.063070e-04        1.978767e-20
               33300        1.238160e-04        1.613149e-20
               33400        1.195100e-04        1.279904e-20
               33500        1.242140e-04        1.005912e-20
               33600        1.189270e-04        9.222780e-21
               33700        1.014180e-04        8.442142e-21
               33800        1.167620e-04        5.060952e-21
               33900        1.216870e-04        3.935658e-21
               34000        1.034830e-04        2.601858e-21
               34100        1.207450e-04        2.424154e-21
               34200        1.236330e-04        1.612581e-21
               34300        1.073150e-04        1.612584e-21
               34400        1.229070e-04        1.605761e-21
               34500        1.157510e-04        9.651453e-22
               34600        1.202950e-04        9.566060e-22
               34700        1.238040e-04        6.890091e-22
               34800        1.070600e-04        6.699073e-22
               34900        1.199690e-04        4.183567e-22
               35000        1.224540e-04        4.155975e-22
               35100        1.036670e-04        3.468923e-22
               35200        1.202410e-04        3.421896e-22
               35300        1.238380e-04        2.273445e-22
               35400        1.064580e-04        2.255291e-22
               35500        1.356360e-04        2.138793e-22
               35600        9.504000e-05        1.419352e-22
               35700        1.328390e-04        8.668338e-23
               35800        1.223310e-04        8.445910e-23
               35900        1.293920e-04        5.882799e-23
               36000        1.033720e-04        5.588557e-23
               36100        1.293280e-04        3.671705e-23
               36200        9.561600e-05        3.614204e-23
               36300        1.349010e-04        2.701656e-23
               36400        1.012870e-04        2.416596e-23
               36500        1.261840e-04        1.666903e-23
               36600        1.014230e-04        1.217283e-23
               36700        1.258800e-04        8.445072e-24
               36800        9.680100e-05        6.778429e-24
               36900        1.281110e-04        5.824343e-24
               37000        1.178750e-04        3.734477e-24
               37100        1.311800e-04        3.266185e-24
               37200        1.041610e-04        2.199293e-24
               37300        1.286040e-04        2.041779e-24
               37400        9.610700e-05        1.731787e-24
               37500        1.314960e-04        1.611667e-24
               37600        1.064670e-04        8.333793e-25
               37700        1.298130e-04        6.903423e-25
               37800        1.223210e-04        6.697067e-25
               37900        8.939000e-05        4.375473e-25
               38000        1.175530e-04        4.358835e-25
               38100        1.175880e-04        3.203135e-25
               38200        8.546600e-05        3.186667e-25
               38300        1.185130e-04        3.186653e-25
               38400        8.017200e-05        3.184277e-25
               38500        1.201500e-04        1.926055e-25
               38600        1.189450e-04        1.885014e-25
               38700        1.113260e-04        1.454083e-25
               38800        8.046400e-05        9.678474e-26
               38900        1.055700e-04        9.527842e-26
               39000        9.723300e-05        6.431630e-26
               39100        7.681300e-05        6.377421e-26
               39200        1.040380e-04        4.730056e-26
               39300        8.899400e-05        4.675136e-26
               39400        8.307900e-05        3.012841e-26
               39500        1.203030e-04        2.967746e-26
               39600        8.279200e-05        2.229512e-26
               39700        1.021440e-04        1.375869e-26
               39800        7.954200e-05        1.377682e-26
               39900        1.069510e-04        1.175938e-26
               40000        1.252820e-04        9.938222e-27
               40100        1.045990e-04        9.303634e-27
               40200        1.200560e-04        8.785295e-27
               40300        1.185240e-04        7.230171e-27
               40400        8.216900e-05        6.757535e-27
               40500        1.231500e-04        6.688279e-27
               40600        9.699300e-05        6.260610e-27
               40700        1.228410e-04        6.116086e-27
               40800        1.229920e-04        6.071542e-27
               40900        1.186880e-04        6.099585e-27
               41000        9.533500e-05        5.819190e-27
               41100        1.190860e-04        5.105249e-27
               41200        9.429400e-05        5.187805e-27
               41300        1.064080e-04        4.680218e-27
               41400        1.244980e-04        4.266806e-27
               41500        1.040710e-04        4.274907e-27
               41600        1.244350e-04        3.754588e-27
               41700        9.968200e-05        3.557651e-27
               41800        1.106950e-04        3.484601e-27
               41900        1.195780e-04        3.446039e-27
               42000        1.069890e-04        3.338073e-27
               42100        1.232660e-04        3.040283e-27
               42200        1.220790e-04        2.703470e-27
               42300        1.015490e-04        2.582677e-27
               42400        1.198170e-04        2.561484e-27
               42500        1.226850e-04        2.561484e-27
               42600        1.062340e-04        2.558632e-27
               42700        1.200140e-04        2.554749e-27
               42800        1.168620e-04        2.605122e-27
               42900        8.128500e-05        2.617568e-27
               43000        9.978100e-05        2.547288e-27
               43100        8.252400e-05        2.527641e-27
               43200        1.035360e-04        2.425370e-27
               43300        8.444500e-05        2.435303e-27
               43400        1.034760e-04        2.460868e-27
               43500        8.830600e-05        2.462962e-27
               43600        8.034200e-05        2.436202e-27
               43700        1.336180e-04        2.433641e-27
               43800        8.053700e-05        2.300376e-27
               43900        1.085780e-04        2.308316e-27
               44000        1.265860e-04        2.331402e-27
               44100        1.135140e-04        2.353360e-27
               44200        1.255220e-04        2.294998e-27
               44300        1.242640e-04        2.303007e-27
               44400        9.912300e-05        2.310709e-27
               44500        1.240950e-04        2.318086e-27
               44600        1.151310e-04        2.270828e-27
               44700        8.862500e-05        2.273103e-27
               44800        1.136720e-04        2.287245e-27
               44900        1.114960e-04        2.181241e-27
               45000        8.428500e-05        2.205767e-27
               45100        1.023240e-04        2.178911e-27
               45200        8.212300e-05        1.979272e-27
               45300        1.033180e-04        1.983989e-27
               45400        8.044100e-05        2.009992e-27
               45500        1.002010e-04        2.009992e-27
               45600        8.088000e-05        2.003218e-27
               45700        1.053810e-04        2.003972e-27
               45800        7.991400e-05        1.807345e-27
               45900        1.216900e-04        1.812747e-27
               46000        1.163880e-04        1.772944e-27
               46100        1.099050e-04        1.767473e-27
               46200        8.109400e-05        1.793560e-27
               46300        1.043250e-04        1.744375e-27
               46400        1.242220e-04        1.768852e-27
               46500        9.874700e-05        1.773737e-27
               46600        1.246640e-04        1.770654e-27
               46700        1.219920e-04        1.785702e-27
               46800        1.167830e-04        1.809140e-27
               46900        1.253560e-04        1.808208e-27
               47000        1.078060e-04        1.847795e-27
               47100        1.221110e-04        1.852294e-27
               47200        1.230950e-04        1.920558e-27
               47300        1.028070e-04        1.905262e-27
               47400        1.210440e-04        1.897812e-27
               47500        1.336560e-04        1.922012e-27
               47600        1.025300e-04        1.926646e-27
               47700        1.309260e-04        1.927987e-27
               47800        9.785500e-05        1.937976e-27
               47900        1.332500e-04        1.907960e-27
               48000        1.042300e-04        1.928985e-27
               48100        1.315790e-04        1.912351e-27
               48200        1.036150e-04        1.874664e-27
               48300        1.258530e-04        1.907475e-27
               48400        9.995600e-05        1.882025e-27
               48500        1.248960e-04        1.881889e-27
               48600        9.152300e-05        1.897940e-27
               48700        1.334230e-04        1.897940e-27
               48800        9.046900e-05        1.879670e-27
               48900        1.435270e-04        1.817598e-27
               49000        9.246600e-05        1.823684e-27
               49100        1.144240e-04        1.814859e-27
               49200        9.134400e-05        1.816744e-27
               49300        1.270340e-04        1.861655e-27
               49400        9.078300e-05        1.859073e-27
               49500        1.253930e-04        1.799819e-27
               49600        9.135800e-05        1.819268e-27
               49700        1.216630e-04        1.801224e-27
               49800        9.385100e-05        1.801505e-27
               49900        1.306460e-04        1.792951e-27
               50000        9.031900e-05        1.872742e-27
               50100        1.301200e-04        1.807959e-27
               50200        9.045600e-05        1.784525e-27
               50300        1.180420e-04        1.729125e-27
               50400        9.115200e-05        1.722183e-27
               50500        1.279270e-04        1.731441e-27
               50600        8.983900e-05        1.697448e-27
               50700        1.293590e-04        1.742872e-27
               50800        9.217700e-05        1.743165e-27
               50900        1.209280e-04        1.738410e-27
               51000        9.078500e-05        1.738410e-27
               51100        1.297340e-04        1.655374e-27
               51200        8.868500e-05        1.660489e-27
               51300        1.303540e-04        1.617738e-27
               51400        9.333700e-05        1.617738e-27
               51500        1.312220e-04        1.665990e-27
               51600        1.222920e-04        1.694458e-27
               51700        9.333600e-05        1.706256e-27
               51800        1.245740e-04        1.706256e-27
               51900        1.193230e-04        1.693576e-27
               52000        9.257100e-05        1.693576e-27
               52100        1.159790e-04        1.706137e-27
               52200        9.299300e-05        1.713014e-27
               52300        1.337510e-04        1.679504e-27
               52400        9.173800e-05        1.679504e-27
               52500        1.334620e-04        1.634761e-27
               52600        1.065790e-04        1.600242e-27
               52700        1.357540e-04        1.600242e-27
               52800        1.028080e-04        1.524345e-27
               52900        1.098860e-04        1.524345e-27
               53000        9.626100e-05        1.527969e-27
               53100        1.297510e-04        1.527969e-27
               53200        1.127720e-04        1.543857e-27
               53300        1.220380e-04        1.536804e-27
               53400        1.164190e-04        1.491433e-27
               53500        1.181160e-04        1.491433e-27
               53600        1.236580e-04        1.462591e-27
               53700        9.321400e-05        1.386015e-27
               53800        1.360300e-04        1.386015e-27
               53900        1.130040e-04        1.401173e-27
               54000        1.150500e-04        1.401173e-27
               54100        9.765100e-05        1.392369e-27
               54200        7.873400e-05        1.392369e-27
               54300        1.277830e-04        1.480371e-27
               54400        9.039800e-05        1.472208e-27
               54500        1.349810e-04        1.498920e-27
               54600        9.458500e-05        1.498920e-27
               54700        1.242240e-04        1.495732e-27
               54800        9.099500e-05        1.526495e-27
               54900        1.100000e-04        1.526495e-27
               55000        9.318600e-05        1.552362e-27
               55100        1.272670e-04        1.552362e-27
               55200        9.034800e-05        1.561773e-27
               55300        1.331330e-04        1.561773e-27
               55400        9.172400e-05        1.561773e-27
               55500        1.155910e-04        1.530634e-27
               55600        9.379100e-05        1.496818e-27
               55700        1.285460e-04        1.471821e-27
               55800        9.177700e-05        1.475277e-27
               55900        1.238900e-04        1.501266e-27
               56000        8.998600e-05        1.467854e-27
               56100        1.217000e-04        1.481672e-27
               56200        1.142000e-04        1.498073e-27
               56300        9.403800e-05        1.493123e-27
               56400        1.301340e-04        1.486796e-27
               56500        9.017100e-05        1.469462e-27
               56600        1.216500e-04        1.463407e-27
               56700        1.158600e-04        1.464966e-27
               56800        1.199560e-04        1.428147e-27
               56900        1.188560e-04        1.406925e-27
               57000        9.690900e-05        1.417020e-27
               57100        1.173360e-04        1.446323e-27
               57200        1.145360e-04        1.443521e-27
               57300        8.626200e-05        1.447109e-27
               57400        1.246510e-04        1.451328e-27
               57500        8.939100e-05        1.440370e-27
               57600        7.725800e-05        1.441263e-27
               57700        1.104680e-04        1.457419e-27
               57800        1.146340e-04        1.457419e-27
               57900        8.056600e-05        1.457419e-27
               58000        8.145600e-05        1.534403e-27
               58100        8.017000e-05        1.515806e-27
               58200        1.234840e-04        1.458701e-27
               58300        9.485400e-05        1.476030e-27
               58400        1.254530e-04        1.515555e-27
               58500        1.133600e-04        1.558336e-27
               58600        1.248830e-04        1.797716e-27
               58700        9.723900e-05        1.710223e-27
               58800        8.300200e-05        1.703214e-27
               58900        9.374800e-05        1.685165e-27
               59000        1.245660e-04        1.678958e-27
               59100        1.086080e-04        1.645171e-27
               59200        1.110570e-04        1.645171e-27
               59300        9.696000e-05        1.621474e-27
               59400        8.476700e-05        1.627759e-27
               59500        8.758900e-05        1.596006e-27
               59600        8.290300e-05        1.601382e-27
               59700        1.243450e-04        1.609509e-27
               59800        8.701500e-05        1.609509e-27
               59900        7.984700e-05        1.616125e-27
               60000        8.398900e-05        1.605941e-27
               60100        1.132840e-04        1.585150e-27
               60200        8.432300e-05        1.582274e-27
               60300        8.403600e-05        1.580106e-27
               60400        7.906900e-05        1.594552e-27
               60500        7.846400e-05        1.582078e-27
               60600        7.974200e-05        1.590480e-27
               60700        8.081800e-05        1.619223e-27
               60800        8.273400e-05        1.595519e-27
               60900        1.290040e-04        1.579621e-27
               61000        9.436000e-05        1.556974e-27
               61100        1.137450e-04        1.567337e-27
               61200        9.579100e-05        1.570795e-27
               61300        1.352440e-04        1.544924e-27
               61400        9.170600e-05        1.534367e-27
               61500        1.307740e-04        1.534367e-27
               61600        9.354000e-05        1.580350e-27
               61700        1.247850e-04        1.630149e-27
               61800        1.050800e-04        1.599513e-27
               61900        1.256510e-04        1.559334e-27
               62000        9.441600e-05        1.566611e-27
               62100        1.266500e-04        1.508898e-27
               62200        9.337600e-05        1.508674e-27
               62300        1.212740e-04        1.527685e-27
               62400        9.281600e-05        1.527685e-27
               62500        1.493880e-04        1.533053e-27
               62600        9.525000e-05        1.484838e-27
               62700        1.307640e-04        1.477663e-27
               62800        9.489600e-05        1.479617e-27
               62900        1.268830e-04        1.363610e-27
               63000        9.830900e-05        1.391180e-27
               63100        1.473240e-04        1.356579e-27
               63200        9.405400e-05        1.355397e-27
               63300        1.298560e-04        1.399420e-27
               63400        9.242100e-05        1.409911e-27
               63500        1.306230e-04        1.415535e-27
               63600        9.348100e-05        1.409765e-27
               63700        1.291940e-04        1.457877e-27
               63800        9.291300e-05        1.428889e-27
               63900        1.320640e-04        1.411834e-27
               64000        9.494200e-05        1.503428e-27
               64100        1.211200e-04        1.553550e-27
               64200        8.098800e-05        1.566162e-27
               64300        8.666700e-05        1.563655e-27
               64400        9.902200e-05        1.557450e-27
               64500        1.419610e-04        1.539406e-27
               64600        9.257900e-05        1.526742e-27
               64700        1.303410e-04        1.459946e-27
               64800        9.444900e-05        1.449587e-27
               64900        1.197420e-04        1.465630e-27
               65000        9.456700e-05        1.466594e-27
               65100        1.272590e-04        1.465049e-27
               65200        9.060400e-05        1.436207e-27
               65300        1.362790e-04        1.460625e-27
               65400        9.167800e-05        1.427313e-27
               65500        7.638900e-05        1.418690e-27
               65600        1.430740e-04        1.426735e-27
               65700        8.696400e-05        1.426735e-27
               65800        1.323660e-04        1.436974e-27
               65900        9.248100e-05        1.440151e-27
               66000        1.304750e-04        1.423584e-27
               66100        9.076400e-05        1.423584e-27
               66200        1.216060e-04        1.407228e-27
               66300        9.493100e-05        1.453380e-27
               66400        1.210370e-04        1.453380e-27
               66500        8.193800e-05        1.429317e-27
               66600        1.364450e-04        1.429317e-27
               66700        9.256300e-05        1.446197e-27
               66800        1.314270e-04        1.446197e-27
               66900        7.936500e-05        1.535054e-27
               67000        8.674400e-05        1.534337e-27
               67100        9.513100e-05        1.510002e-27
               67200        1.406970e-04        1.510002e-27
               67300        9.753900e-05        1.467177e-27
               67400        1.365150e-04        1.485884e-27
               67500        9.466400e-05        1.485884e-27
               67600        1.150210e-04        1.520413e-27
               67700        9.581300e-05        1.520413e-27
               67800        1.334650e-04        1.513255e-27
               67900        9.016300e-05        1.513107e-27
               68000        1.350800e-04        1.446199e-27
               68100        9.350700e-05        1.445854e-27
               68200        1.209470e-04        1.455727e-27
               68300        9.407200e-05        1.455727e-27
               68400        1.379660e-04        1.486485e-27
               68500        9.148800e-05        1.486485e-27
               68600        1.308990e-04        1.493579e-27
               68700        8.977300e-05        1.493579e-27
               68800        1.174470e-04        1.468702e-27
               68900        1.254240e-04        1.468702e-27
               69000        9.183200e-05        1.478806e-27
               69100        1.326540e-04        1.478806e-27
               69200        1.321560e-04        1.458633e-27
               69300        1.230110e-04        1.458659e-27
               69400        1.298160e-04        1.419499e-27
               69500        9.598200e-05        1.419499e-27
               69600        1.368160e-04        1.416390e-27
               69700        1.224490e-04        1.422105e-27
               69800        1.188460e-04        1.422105e-27
               69900        1.268020e-04        1.427108e-27
               70000        9.438300e-05        1.427108e-27
               70100        1.153730e-04        1.421481e-27
               70200        1.323800e-04        1.421481e-27
               70300        9.249100e-05        1.409090e-27
               70400        1.253180e-04        1.409090e-27
               70500        1.206620e-04        1.391632e-27
               70600        1.161970e-04        1.391632e-27
               70700        9.829900e-05        1.417847e-27
               70800        7.663100e-05        1.417847e-27
               70900        8.888400e-05        1.428974e-27
               71000        1.116660e-04        1.428974e-27
               71100        8.640200e-05        1.375990e-27
               71200        7.593700e-05        1.375990e-27
               71300        8.414700e-05        1.373805e-27
               71400        7.749300e-05        1.373805e-27
               71500        8.371500e-05        1.425149e-27
               71600        7.602700e-05        1.425149e-27
               71700        8.569900e-05        1.417606e-27
               71800        1.249140e-04        1.417606e-27
               71900        9.391700e-05        1.402752e-27
               72000        1.272020e-04        1.402752e-27
               72100        1.131270e-04        1.350220e-27
               72200        1.196740e-04        1.350220e-27
               72300        1.229660e-04        1.344069e-27
               72400        9.362800e-05        1.344069e-27
               72500        1.253260e-04        1.356848e-27
               72600        1.176560e-04        1.356848e-27
               72700        7.985800e-05        1.406979e-27
               72800        1.126730e-04        1.407067e-27
               72900        1.102620e-04        1.384627e-27
               73000        1.104020e-04        1.384627e-27
               73100        1.243390e-04        1.401584e-27
               73200        9.613000e-05        1.400933e-27
               73300        1.326910e-04        1.350104e-27
               73400        1.220930e-04        1.350104e-27
               73500        1.217960e-04        1.345806e-27
               73600        1.272960e-04        1.347186e-27
               73700        9.712500e-05        1.333799e-27
               73800        1.294510e-04        1.364650e-27
               73900        1.376750e-04        1.367001e-27
               74000        1.150440e-04        1.346135e-27
               74100        1.240360e-04        1.330684e-27
               74200        9.348200e-05        1.330684e-27
               74300        1.252650e-04        1.338323e-27
               74400        1.187830e-04        1.338323e-27
               74500        1.169720e-04        1.364972e-27
               74600        1.279340e-04        1.364972e-27
               74700        9.413800e-05        1.373453e-27
               74800        1.295160e-04        1.373453e-27
               74900        1.203840e-04        1.365149e-27
               75000        8.246700e-05        1.365565e-27
               75100        1.179820e-04        1.357347e-27
               75200        1.154890e-04        1.355812e-27
               75300        8.157000e-05        1.318148e-27
               75400        8.434000e-05        1.318148e-27
               75500        8.034600e-05        1.316906e-27
               75600        1.162080e-04        1.325469e-27
               75700        1.261870e-04        1.331388e-27
               75800        8.020700e-05        1.332872e-27
               75900        1.259960e-04        1.334252e-27
               76000        1.140650e-04        1.335971e-27
               76100        7.509300e-05        1.371656e-27
               76200        1.077690e-04        1.358170e-27
               76300        1.145140e-04        1.358170e-27
               76400        1.025080e-04        1.326936e-27
               76500        1.271920e-04        1.327887e-27
               76600        9.001200e-05        1.356981e-27
               76700        1.240090e-04        1.356981e-27
               76800        1.168240e-04        1.375667e-27
               76900        1.135410e-04        1.365668e-27
               77000        1.193020e-04        1.316940e-27
               77100        8.560200e-05        1.335072e-27
               77200        1.139290e-04        1.337901e-27
               77300        1.237330e-04        1.368539e-27
               77400        8.125700e-05        1.368539e-27
               77500        1.105610e-04        1.342975e-27
               77600        1.166930e-04        1.342975e-27
               77700        7.996900e-05        1.329047e-27
               77800        1.107750e-04        1.329047e-27
               77900        1.164370e-04        1.272057e-27
               78000        8.313100e-05        1.272057e-27
               78100        1.112150e-04        1.272057e-27
               78200        1.163430e-04        1.262553e-27
               78300        8.123400e-05        1.262553e-27
               78400        1.053700e-04        1.259359e-27
               78500        1.161990e-04        1.259359e-27
               78600        8.312900e-05        1.255880e-27
               78700        1.085730e-04        1.255880e-27
               78800        1.166250e-04        1.303540e-27
               78900        7.974900e-05        1.303463e-27
               79000        1.095400e-04        1.265708e-27
               79100        1.169500e-04        1.265708e-27
               79200        7.973200e-05        1.308106e-27
               79300        1.088160e-04        1.308106e-27
               79400        9.951700e-05        1.310931e-27
               79500        1.040120e-04        1.310931e-27
               79600        1.182760e-04        1.320692e-27
               79700        8.274100e-05        1.320692e-27
               79800        1.140080e-04        1.310215e-27
               79900        1.158950e-04        1.310215e-27
               80000        8.169200e-05        1.296797e-27
               80100        1.105120e-04        1.297389e-27
               80200        9.763800e-05        1.317098e-27
               80300        1.010070e-04        1.317098e-27
               80400        1.168350e-04        1.286854e-27
               80500        8.190400e-05        1.286854e-27
               80600        1.108750e-04        1.306617e-27
               80700        1.168790e-04        1.306617e-27
               80800        8.339000e-05        1.307627e-27
               80900        1.076650e-04        1.306709e-27
               81000        1.155520e-04        1.353921e-27
               81100        8.281400e-05        1.388622e-27
               81200        1.095900e-04        1.388776e-27
               81300        1.165070e-04        1.397558e-27
               81400        8.055900e-05        1.351481e-27
               81500        1.116850e-04        1.351694e-27
               81600        1.157840e-04        1.356194e-27
               81700        8.062400e-05        1.342992e-27
               81800        1.085120e-04        1.332957e-27
               81900        1.153500e-04        1.332957e-27
               82000        7.927000e-05        1.332957e-27
               82100        9.127900e-05        1.336442e-27
               82200        1.090480e-04        1.322090e-27
               82300        1.116190e-04        1.324649e-27
               82400        1.091190e-04        1.365538e-27
               82500        1.091210e-04        1.371511e-27
               82600        1.089380e-04        1.424277e-27
               82700        1.093660e-04        1.411324e-27
               82800        1.097750e-04        1.407933e-27
               82900        1.112350e-04        1.379021e-27
               83000        1.081950e-04        1.379368e-27
               83100        1.097990e-04        1.375793e-27
               83200        1.092710e-04        1.329329e-27
               83300        1.083860e-04        1.329948e-27
               83400        1.096840e-04        1.317533e-27
               83500        1.099070e-04        1.315722e-27
               83600        1.103730e-04        1.315722e-27
               83700        1.090810e-04        1.270679e-27
               83800        1.090740e-04        1.285305e-27
               83900        1.088300e-04        1.245463e-27
               84000        1.095020e-04        1.245463e-27
               84100        1.097950e-04        1.226381e-27
               84200        1.160170e-04        1.284463e-27
               84300        1.104980e-04        1.284463e-27
               84400        1.102780e-04        1.261691e-27
               84500        1.091030e-04        1.263612e-27
               84600        1.099850e-04        1.278722e-27
               84700        1.074770e-04        1.313634e-27
               84800        1.093820e-04        1.338541e-27
               84900        1.086180e-04        1.348977e-27
               85000        1.101170e-04        1.359865e-27
               85100        1.094390e-04        1.314385e-27
               85200        1.082220e-04        1.264862e-27
               85300        1.088930e-04        1.302981e-27
               85400        1.099490e-04        1.307558e-27
               85500        1.088080e-04        1.280942e-27
               85600        1.093740e-04        1.308790e-27
               85700        1.082270e-04        1.273619e-27
               85800        1.100240e-04        1.272831e-27
               85900        1.090940e-04        1.281706e-27
               86000        1.078590e-04        1.281706e-27
               86100        1.090080e-04        1.313883e-27
               86200        1.093660e-04        1.313883e-27
               86300        1.157660e-04        1.302278e-27
               86400        1.089380e-04        1.302278e-27
               86500        1.092530e-04        1.309632e-27
               86600        1.139990e-04        1.309632e-27
               86700        1.142380e-04        1.334284e-27
               86800        1.164490e-04        1.334284e-27
               86900        1.144250e-04        1.303137e-27
               87000        1.128680e-04        1.303137e-27
               87100        1.146000e-04        1.337683e-27
               87200        1.146850e-04        1.337683e-27
               87300        1.140330e-04        1.350940e-27
               87400        1.152170e-04        1.350940e-27
               87500        1.126830e-04        1.345600e-27
               87600        1.139760e-04        1.345600e-27
               87700        1.115450e-04        1.293373e-27
               87800        1.052310e-04        1.293118e-27
               87900        1.071650e-04        1.323067e-27
               88000        1.123490e-04        1.322475e-27
               88100        1.081600e-04        1.334458e-27
               88200        1.108510e-04        1.334455e-27
               88300        1.119720e-04        1.300363e-27
               88400        1.122400e-04        1.300363e-27
               88500        1.109540e-04        1.317710e-27
               88600        1.099080e-04        1.317710e-27
               88700        1.117660e-04        1.328909e-27
               88800        1.095740e-04        1.328909e-27
               88900        1.093100e-04        1.331342e-27
               89000        1.111260e-04        1.331342e-27
               89100        1.102220e-04        1.329119e-27
               89200        1.114390e-04        1.329119e-27
               89300        1.123400e-04        1.304901e-27
               89400        1.110190e-04        1.304901e-27
               89500        1.121230e-04        1.311013e-27
               89600        1.124030e-04        1.311013e-27
               89700        1.117870e-04        1.252124e-27
               89800        1.098800e-04        1.252124e-27
               89900        1.117840e-04        1.243727e-27
               90000        1.108890e-04        1.243727e-27
               90100        1.117540e-04        1.239190e-27
               90200        1.117840e-04        1.239071e-27
               90300        1.105740e-04        1.250723e-27
               90400        1.129650e-04        1.250723e-27
               90500        1.112120e-04        1.277203e-27
               90600        1.110090e-04        1.277203e-27
               90700        1.511220e-04        1.304595e-27
               90800        1.111390e-04        1.304595e-27
               90900        1.129270e-04        1.333510e-27
               91000        1.093360e-04        1.333510e-27
               91100        1.121930e-04        1.333008e-27
               91200        1.120990e-04        1.333254e-27
               91300        1.114500e-04        1.285325e-27
               91400        1.121900e-04        1.285325e-27
               91500        1.686300e-04        1.270844e-27
               91600        1.115420e-04        1.270844e-27
               91700        1.120280e-04        1.239187e-27
               91800        1.120380e-04        1.239187e-27
               91900        1.113720e-04        1.263207e-27
               92000        1.110720e-04        1.263207e-27
               92100        1.113770e-04        1.274052e-27
               92200        1.110220e-04        1.256228e-27
               92300        1.109020e-04        1.256228e-27
               92400        1.123950e-04        1.268776e-27
               92500        1.114450e-04        1.268776e-27
               92600        1.123670e-04        1.294648e-27
               92700        1.112250e-04        1.295240e-27
               92800        1.109660e-04        1.323232e-27
               92900        1.138700e-04        1.323232e-27
               93000        1.116810e-04        1.321333e-27
               93100        1.127910e-04        1.321333e-27
               93200        1.128010e-04        1.313050e-27
               93300        1.133750e-04        1.313050e-27
               93400        1.118270e-04        1.305994e-27
               93500        1.111290e-04        1.305994e-27
               93600        1.108020e-04        1.306385e-27
               93700        1.102420e-04        1.306385e-27
               93800        1.114530e-04        1.310780e-27
               93900        1.440040e-04        1.310780e-27
               94000        1.122960e-04        1.293733e-27
               94100        1.399520e-04        1.293733e-27
               94200        1.395650e-04        1.323372e-27
               94300        1.788790e-04        1.323372e-27
               94400        1.785430e-04        1.323372e-27
               94500        1.806000e-04        1.289318e-27
               94600        1.797180e-04        1.258914e-27
               94700        1.876970e-04        1.258914e-27
               94800        1.801510e-04        1.250110e-27
               94900        1.401700e-04        1.250110e-27
               95000        1.435420e-04        1.234194e-27
               95100        1.793790e-04        1.234194e-27
               95200        1.953960e-04        1.246021e-27
               95300        1.796190e-04        1.246021e-27
               95400        1.800700e-04        1.236894e-27
               95500        1.203990e-04        1.235316e-27
               95600        1.328490e-04        1.265299e-27
               95700        1.796920e-04        1.265299e-27
               95800        1.805270e-04        1.256167e-27
               95900        1.796620e-04        1.256167e-27
               96000        1.840920e-04        1.209231e-27
               96100        1.395160e-04        1.190938e-27
               96200        1.308620e-04        1.190938e-27
               96300        1.385650e-04        1.214673e-27
               96400        1.390880e-04        1.214645e-27
               96500        1.414320e-04        1.212805e-27
               96600        1.411010e-04        1.212805e-27
               96700        1.403810e-04        1.213895e-27
               96800        1.403550e-04        1.222405e-27
               96900        1.405460e-04        1.222405e-27
               97000        1.389650e-04        1.223505e-27
               97100        1.728170e-04        1.223505e-27
               97200        1.797640e-04        1.216475e-27
               97300        1.692690e-04        1.216453e-27
               97400        1.792910e-04        1.223334e-27
               97500        1.615520e-04        1.223334e-27
               97600        1.416910e-04        1.214404e-27
               97700        1.880540e-04        1.214206e-27
               97800        1.790640e-04        1.172438e-27
               97900        1.404270e-04        1.172438e-27
               98000        1.384770e-04        1.139010e-27
               98100        1.410330e-04        1.139010e-27
               98200        1.810800e-04        1.153520e-27
               98300        1.844490e-04        1.153520e-27
               98400        1.693210e-04        1.145409e-27
               98500        1.876760e-04        1.145680e-27
               98600        1.708980e-04        1.175998e-27
               98700        1.812890e-04        1.175998e-27
               98800        1.398210e-04        1.187274e-27
               98900        1.803060e-04        1.187274e-27
               99000        1.801780e-04        1.188399e-27
               99100        1.411890e-04        1.188399e-27
               99200        1.406650e-04        1.202187e-27
               99300        1.410250e-04        1.202187e-27
               99400        1.400640e-04        1.206754e-27
               99500        1.387340e-04        1.206754e-27
               99600        1.322070e-04        1.221451e-27
               99700        1.401250e-04        1.221809e-27
               99800        1.459000e-04        1.196500e-27
               99900        8.641400e-05        1.196155e-27
              100000        8.712100e-05        1.250693e-27
