Period: 100
               Epoch           Time cost                Loss
                 100        2.048510e-04        9.959751e+03
                 200        1.620670e-04        2.409656e+03
                 300        1.970350e-04        4.238206e+02
                 400        1.843620e-04        1.098963e+02
                 500        1.846700e-04        1.585281e+01
                 600        1.773300e-04        2.543097e+00
                 700        1.784500e-04        6.297321e-01
                 800        2.252060e-04        1.038039e-01
                 900        2.653490e-04        1.392614e-02
                1000        2.126130e-04        2.136665e-03
                1100        1.806810e-04        4.064531e-04
                1200        1.831620e-04        7.366420e-05
                1300        1.591860e-04        8.471079e-06
                1400        1.959150e-04        7.235411e-07
                1500        1.977230e-04        8.698401e-08
                1600        1.933930e-04        8.570308e-09
                1700        1.883510e-04        1.499582e-09
                1800        1.984210e-04        1.887591e-10
                1900        1.858620e-04        2.244880e-11
                2000        1.958050e-04        4.008442e-12
                2100        1.963560e-04        5.983107e-13
                2200        2.071070e-04        1.027071e-13
                2300        1.955490e-04        9.988571e-15
                2400        1.903920e-04        1.707652e-15
                2500        1.962070e-04        2.153917e-16
                2600        2.481410e-04        3.038633e-17
                2700        1.865880e-04        3.358595e-18
                2800        2.409120e-04        3.527067e-19
                2900        1.842540e-04        6.263769e-20
                3000        1.762210e-04        6.903120e-21
                3100        1.770110e-04        8.431033e-22
                3200        1.785340e-04        1.444792e-22
                3300        1.955200e-04        1.952394e-23
                3400        1.970300e-04        4.157667e-24
                3500        2.065770e-04        7.022303e-25
                3600        2.074930e-04        1.068149e-25
                3700        1.875810e-04        3.031890e-26
                3800        1.818100e-04        1.634889e-26
                3900        2.033940e-04        1.740260e-26
                4000        1.994290e-04        2.022877e-26
                4100        2.013930e-04        1.276181e-26
                4200        2.018930e-04        1.330553e-26
                4300        2.020770e-04        1.502507e-26
                4400        2.013880e-04        1.836357e-26
                4500        1.984090e-04        1.788849e-26
                4600        2.671040e-04        1.127284e-26
                4700        2.172300e-04        1.114686e-26
                4800        2.081970e-04        1.187691e-26
                4900        1.807160e-04        1.495868e-26
                5000        1.883500e-04        1.903955e-26
                5100        1.844910e-04        1.419380e-26
                5200        1.924170e-04        1.709801e-26
                5300        1.854360e-04        1.405003e-26
                5400        1.816240e-04        1.322415e-26
                5500        1.848470e-04        1.146005e-26
                5600        2.135920e-04        1.427929e-26
                5700        2.150370e-04        1.405820e-26
                5800        2.024840e-04        1.486541e-26
                5900        2.393610e-04        1.547606e-26
                6000        2.235400e-04        1.475178e-26
                6100        2.047790e-04        1.167827e-26
                6200        1.792610e-04        1.343407e-26
                6300        1.969700e-04        1.214317e-26
                6400        1.683660e-04        1.107316e-26
                6500        1.933230e-04        1.165304e-26
                6600        1.830020e-04        1.291113e-26
                6700        1.828470e-04        1.379427e-26
                6800        1.848530e-04        1.791420e-26
                6900        1.795870e-04        1.583789e-26
                7000        1.831590e-04        1.355987e-26
                7100        1.963270e-04        1.530376e-26
                7200        1.651800e-04        1.951285e-26
                7300        1.657940e-04        2.164938e-26
                7400        1.677410e-04        1.625587e-26
                7500        1.667320e-04        1.398580e-26
                7600        1.662840e-04        1.280666e-26
                7700        2.081030e-04        1.414951e-26
                7800        2.232080e-04        1.331025e-26
                7900        2.069720e-04        1.718779e-26
                8000        1.826500e-04        1.521793e-26
                8100        1.728660e-04        1.435513e-26
                8200        1.701810e-04        1.260019e-26
                8300        1.818970e-04        1.167624e-26
                8400        2.017300e-04        1.088286e-26
                8500        1.840730e-04        1.139253e-26
                8600        1.687880e-04        1.815952e-26
                8700        1.736870e-04        1.592581e-26
                8800        1.666970e-04        1.376421e-26
                8900        1.678880e-04        1.529776e-26
                9000        1.787600e-04        1.507664e-26
                9100        1.826330e-04        9.749539e-27
                9200        1.831790e-04        1.112866e-26
                9300        1.755270e-04        1.141606e-26
                9400        1.829370e-04        1.307586e-26
                9500        1.768140e-04        1.585331e-26
                9600        1.769320e-04        1.654349e-26
                9700        1.816840e-04        1.744860e-26
                9800        1.727040e-04        2.169995e-26
                9900        1.752160e-04        1.513731e-26
               10000        2.012780e-04        1.330830e-26
               10100        1.722060e-04        1.441316e-26
               10200        1.767010e-04        1.076282e-26
               10300        1.713830e-04        1.135345e-26
               10400        1.697940e-04        1.437207e-26
               10500        1.702730e-04        1.543352e-26
               10600        1.734320e-04        2.149454e-26
               10700        1.749080e-04        1.717289e-26
               10800        1.754140e-04        1.396254e-26
               10900        1.739660e-04        1.519355e-26
               11000        1.684490e-04        1.846139e-26
               11100        1.702740e-04        1.667672e-26
               11200        2.264590e-04        1.257667e-26
               11300        1.796990e-04        1.333102e-26
               11400        1.924830e-04        1.179312e-26
               11500        1.767420e-04        1.404039e-26
               11600        1.711600e-04        1.296226e-26
               11700        1.687830e-04        1.204217e-26
               11800        1.682510e-04        1.885004e-26
               11900        1.711150e-04        1.640331e-26
               12000        1.733440e-04        1.779669e-26
               12100        1.697890e-04        1.540225e-26
               12200        1.817150e-04        1.363258e-26
               12300        1.770780e-04        1.458167e-26
               12400        1.747660e-04        1.895603e-26
               12500        1.696430e-04        1.752448e-26
               12600        1.736320e-04        1.212000e-26
               12700        1.759980e-04        1.467573e-26
               12800        1.722510e-04        1.754485e-26
               12900        2.477290e-04        1.224354e-26
               13000        1.837310e-04        1.184066e-26
               13100        1.908240e-04        1.671940e-26
               13200        2.080390e-04        1.666149e-26
               13300        1.687590e-04        1.311293e-26
               13400        1.704940e-04        1.961098e-26
               13500        1.737220e-04        1.009459e-26
               13600        1.710040e-04        1.346017e-26
               13700        1.782100e-04        1.164655e-26
               13800        1.770390e-04        1.350762e-26
               13900        1.823910e-04        1.626988e-26
               14000        1.996360e-04        1.470367e-26
               14100        1.749810e-04        1.209352e-26
               14200        1.778040e-04        1.858868e-26
               14300        1.757810e-04        1.583500e-26
               14400        1.741850e-04        1.057478e-26
               14500        1.778610e-04        1.755994e-26
               14600        1.753040e-04        1.462425e-26
               14700        1.905670e-04        1.424807e-26
               14800        2.166600e-04        1.435669e-26
               14900        2.009520e-04        1.298429e-26
               15000        1.976530e-04        1.344337e-26
               15100        2.298440e-04        1.377277e-26
               15200        1.687340e-04        1.579381e-26
               15300        1.661850e-04        1.032324e-26
               15400        1.689920e-04        1.360915e-26
               15500        1.729170e-04        1.646234e-26
               15600        1.745390e-04        1.698075e-26
               15700        1.743970e-04        1.521100e-26
               15800        1.844230e-04        1.810260e-26
               15900        1.879680e-04        1.407236e-26
               16000        1.734740e-04        1.765252e-26
               16100        1.690870e-04        1.983708e-26
               16200        1.739470e-04        2.206558e-26
               16300        2.333790e-04        1.939642e-26
               16400        1.766950e-04        1.516262e-26
               16500        2.005390e-04        1.454267e-26
               16600        1.809210e-04        1.811239e-26
               16700        1.750650e-04        1.613290e-26
               16800        1.845580e-04        1.688761e-26
               16900        1.754270e-04        2.011059e-26
               17000        1.779250e-04        1.577969e-26
               17100        1.775270e-04        1.300033e-26
               17200        1.746880e-04        1.259918e-26
               17300        1.714100e-04        1.320539e-26
               17400        1.840720e-04        1.139662e-26
               17500        1.750250e-04        1.375769e-26
               17600        1.799460e-04        1.210275e-26
               17700        1.807660e-04        1.412437e-26
               17800        1.740880e-04        1.072640e-26
               17900        1.798710e-04        1.261663e-26
               18000        2.363230e-04        1.212854e-26
               18100        2.216340e-04        1.440764e-26
               18200        1.854130e-04        1.042555e-26
               18300        1.809540e-04        1.086459e-26
               18400        1.824910e-04        1.455585e-26
               18500        1.808380e-04        1.625571e-26
               18600        1.699110e-04        1.267433e-26
               18700        1.702690e-04        1.717037e-26
               18800        1.719580e-04        1.493379e-26
               18900        1.703120e-04        1.753146e-26
               19000        1.724460e-04        1.396921e-26
               19100        1.752710e-04        1.147060e-26
               19200        1.749330e-04        1.719925e-26
               19300        1.741950e-04        1.408982e-26
               19400        2.121860e-04        1.493011e-26
               19500        1.679130e-04        1.640443e-26
               19600        2.507080e-04        1.484396e-26
               19700        2.112240e-04        1.579969e-26
               19800        1.962070e-04        1.168281e-26
               19900        1.866200e-04        1.345901e-26
               20000        1.738070e-04        1.641535e-26
               20100        1.773330e-04        1.513144e-26
               20200        1.936260e-04        1.523819e-26
               20300        1.711330e-04        1.504183e-26
               20400        1.761720e-04        1.279127e-26
               20500        1.765970e-04        1.391274e-26
               20600        1.783980e-04        1.460039e-26
               20700        1.818460e-04        1.285691e-26
               20800        1.843260e-04        1.023965e-26
               20900        1.988970e-04        1.398280e-26
               21000        1.759030e-04        1.368322e-26
               21100        1.748230e-04        1.335367e-26
               21200        1.738390e-04        1.327505e-26
               21300        2.023170e-04        1.421676e-26
               21400        2.408140e-04        1.583438e-26
               21500        2.400360e-04        1.552200e-26
               21600        1.798720e-04        1.340424e-26
               21700        1.785110e-04        1.409062e-26
               21800        1.720220e-04        1.003739e-26
               21900        1.686100e-04        1.091422e-26
               22000        1.719900e-04        1.638342e-26
               22100        1.743930e-04        1.216473e-26
               22200        1.744970e-04        1.293617e-26
               22300        1.805470e-04        1.060806e-26
               22400        1.758870e-04        1.277988e-26
               22500        1.767350e-04        1.388881e-26
               22600        1.795620e-04        1.311047e-26
               22700        1.778420e-04        1.450449e-26
               22800        1.912580e-04        1.246402e-26
               22900        1.754810e-04        1.422739e-26
               23000        1.785370e-04        1.322083e-26
               23100        2.294290e-04        1.150068e-26
               23200        3.163020e-04        1.459261e-26
               23300        2.554830e-04        1.230006e-26
               23400        1.838260e-04        1.365966e-26
               23500        1.749260e-04        1.550985e-26
               23600        1.772460e-04        1.602143e-26
               23700        1.751400e-04        1.712870e-26
               23800        1.776600e-04        1.830503e-26
               23900        1.723050e-04        1.268280e-26
               24000        1.746900e-04        1.293894e-26
               24100        1.742830e-04        1.389036e-26
               24200        1.813620e-04        1.369967e-26
               24300        1.731750e-04        1.642189e-26
               24400        1.743240e-04        1.626753e-26
               24500        1.746940e-04        1.359413e-26
               24600        1.802880e-04        1.356596e-26
               24700        1.781000e-04        1.558369e-26
               24800        1.770980e-04        1.187719e-26
               24900        1.775720e-04        1.199933e-26
               25000        1.895250e-04        1.316175e-26
               25100        1.883050e-04        1.538388e-26
               25200        1.843910e-04        1.457599e-26
               25300        2.302920e-04        1.161922e-26
               25400        1.790300e-04        1.555350e-26
               25500        2.579310e-04        1.074237e-26
               25600        1.743210e-04        1.250949e-26
               25700        1.790920e-04        1.296392e-26
               25800        1.799320e-04        1.180092e-26
               25900        1.742100e-04        1.411177e-26
               26000        1.858480e-04        1.108607e-26
               26100        1.775000e-04        1.253045e-26
               26200        1.819140e-04        1.423183e-26
               26300        1.847070e-04        1.379337e-26
               26400        1.808610e-04        1.167515e-26
               26500        1.827370e-04        1.547542e-26
               26600        1.763960e-04        1.607697e-26
               26700        1.813120e-04        1.355794e-26
               26800        1.803990e-04        1.384869e-26
               26900        1.778460e-04        1.565328e-26
               27000        1.747310e-04        1.570766e-26
               27100        1.962310e-04        1.398735e-26
               27200        1.705330e-04        1.673004e-26
               27300        1.783970e-04        1.439902e-26
               27400        1.769850e-04        1.252432e-26
               27500        1.817870e-04        1.055368e-26
               27600        1.984090e-04        1.141803e-26
               27700        1.847590e-04        1.383435e-26
               27800        1.718780e-04        1.090132e-26
               27900        1.758500e-04        1.014589e-26
               28000        1.812380e-04        1.111868e-26
               28100        1.875630e-04        1.331168e-26
               28200        2.886180e-04        1.392441e-26
               28300        1.812560e-04        1.499336e-26
               28400        1.733310e-04        1.639162e-26
               28500        2.459160e-04        1.447304e-26
               28600        1.970760e-04        1.534975e-26
               28700        1.778040e-04        2.007237e-26
               28800        1.741030e-04        1.321386e-26
               28900        1.798370e-04        1.497541e-26
               29000        1.847130e-04        1.440288e-26
               29100        1.714730e-04        1.544348e-26
               29200        1.833680e-04        1.412004e-26
               29300        1.838940e-04        1.601814e-26
               29400        1.831470e-04        1.548088e-26
               29500        1.819760e-04        1.614564e-26
               29600        1.783420e-04        1.652450e-26
               29700        1.940930e-04        1.581955e-26
               29800        1.908960e-04        1.071770e-26
               29900        2.147480e-04        1.214359e-26
               30000        1.909980e-04        1.568181e-26
               30100        1.754130e-04        1.377438e-26
               30200        1.755740e-04        1.319928e-26
               30300        1.783340e-04        1.211018e-26
               30400        1.770020e-04        1.071397e-26
               30500        1.735930e-04        1.642960e-26
               30600        1.758480e-04        1.362118e-26
               30700        1.736940e-04        1.240489e-26
               30800        1.776780e-04        1.241085e-26
               30900        1.789250e-04        1.531152e-26
               31000        1.734370e-04        1.490147e-26
               31100        1.707370e-04        1.490465e-26
               31200        1.752090e-04        1.503768e-26
               31300        1.817460e-04        1.226470e-26
               31400        1.775050e-04        1.431426e-26
               31500        1.934200e-04        1.257740e-26
               31600        1.847310e-04        1.531927e-26
               31700        1.836190e-04        9.738480e-27
               31800        2.293470e-04        1.415216e-26
               31900        1.902890e-04        1.844750e-26
               32000        1.762410e-04        1.687107e-26
               32100        1.755510e-04        1.561404e-26
               32200        1.799590e-04        1.585759e-26
               32300        1.733830e-04        1.237098e-26
               32400        1.748450e-04        1.277776e-26
               32500        1.782360e-04        1.431211e-26
               32600        1.800310e-04        1.294715e-26
               32700        1.778980e-04        1.438020e-26
               32800        1.778300e-04        1.944466e-26
               32900        1.792710e-04        2.036684e-26
               33000        1.968090e-04        1.297683e-26
               33100        1.835370e-04        1.582818e-26
               33200        1.880440e-04        1.369460e-26
               33300        2.037370e-04        1.430872e-26
               33400        2.221070e-04        1.932733e-26
               33500        1.750870e-04        1.845762e-26
               33600        1.768980e-04        1.304086e-26
               33700        1.734380e-04        1.550202e-26
               33800        1.700530e-04        1.340840e-26
               33900        1.756160e-04        1.168389e-26
               34000        1.730340e-04        1.610492e-26
               34100        1.817270e-04        1.265871e-26
               34200        1.801370e-04        1.774721e-26
               34300        1.781850e-04        1.415470e-26
               34400        1.870460e-04        1.325808e-26
               34500        1.806750e-04        1.007279e-26
               34600        1.792840e-04        1.409532e-26
               34700        1.768200e-04        1.238387e-26
               34800        1.787120e-04        1.307798e-26
               34900        1.739440e-04        1.374367e-26
               35000        1.726310e-04        1.248061e-26
               35100        1.773750e-04        1.155761e-26
               35200        2.459650e-04        1.108402e-26
               35300        2.120830e-04        1.654560e-26
               35400        1.951500e-04        1.751006e-26
               35500        1.768400e-04        1.585649e-26
               35600        1.736940e-04        1.084749e-26
               35700        1.770170e-04        1.347668e-26
               35800        1.771780e-04        1.137860e-26
               35900        1.803170e-04        1.412547e-26
               36000        1.784990e-04        1.470289e-26
               36100        1.784830e-04        1.038056e-26
               36200        1.813420e-04        1.214635e-26
               36300        1.730960e-04        1.767787e-26
               36400        1.846080e-04        1.268941e-26
               36500        1.834620e-04        1.448912e-26
               36600        1.929880e-04        1.617510e-26
               36700        1.898740e-04        1.339903e-26
               36800        2.326890e-04        1.381645e-26
               36900        1.866300e-04        1.319500e-26
               37000        1.818510e-04        1.045818e-26
               37100        1.750960e-04        1.253628e-26
               37200        1.743510e-04        1.094303e-26
               37300        1.713000e-04        1.080024e-26
               37400        1.794850e-04        1.542322e-26
               37500        1.737230e-04        1.460049e-26
               37600        1.727430e-04        1.408624e-26
               37700        1.744270e-04        1.248333e-26
               37800        1.762820e-04        1.273083e-26
               37900        1.728180e-04        1.182580e-26
               38000        1.772940e-04        1.023192e-26
               38100        1.751090e-04        1.424787e-26
               38200        1.789330e-04        1.297483e-26
               38300        1.844900e-04        1.139706e-26
               38400        1.813540e-04        1.302871e-26
               38500        1.870120e-04        1.222490e-26
               38600        2.314760e-04        1.597891e-26
               38700        1.729840e-04        1.543851e-26
               38800        1.733380e-04        1.227422e-26
               38900        1.793190e-04        1.615375e-26
               39000        2.285430e-04        1.922540e-26
               39100        1.822510e-04        1.193934e-26
               39200        1.821400e-04        1.351033e-26
               39300        1.795970e-04        1.051722e-26
               39400        1.792880e-04        1.309192e-26
               39500        1.764450e-04        1.580917e-26
               39600        1.825350e-04        1.692669e-26
               39700        1.914270e-04        2.022758e-26
               39800        1.832140e-04        2.080365e-26
               39900        1.761030e-04        1.957434e-26
               40000        1.893420e-04        1.848916e-26
               40100        2.071140e-04        1.698310e-26
               40200        1.935720e-04        1.493870e-26
               40300        1.751270e-04        1.649802e-26
               40400        1.755750e-04        1.608236e-26
               40500        1.773150e-04        1.779924e-26
               40600        1.818930e-04        1.403937e-26
               40700        1.777500e-04        1.317863e-26
               40800        1.874850e-04        1.502987e-26
               40900        1.847880e-04        1.316976e-26
               41000        1.829310e-04        1.030656e-26
               41100        1.828990e-04        1.757186e-26
               41200        1.972100e-04        1.688929e-26
               41300        1.762280e-04        1.702723e-26
               41400        1.754720e-04        1.633116e-26
               41500        1.778960e-04        1.305603e-26
               41600        1.819230e-04        1.328353e-26
               41700        1.920310e-04        1.580149e-26
               41800        2.094520e-04        1.489658e-26
               41900        1.920390e-04        1.290513e-26
               42000        1.755510e-04        1.688481e-26
               42100        1.710610e-04        1.635693e-26
               42200        1.758590e-04        1.474504e-26
               42300        1.770320e-04        1.417416e-26
               42400        1.824450e-04        1.130531e-26
               42500        1.893940e-04        1.351511e-26
               42600        1.801980e-04        1.176612e-26
               42700        1.786550e-04        1.413339e-26
               42800        1.742910e-04        1.189596e-26
               42900        1.826390e-04        1.153585e-26
               43000        1.787320e-04        1.205454e-26
               43100        1.766240e-04        1.153660e-26
               43200        1.936820e-04        1.185314e-26
               43300        1.827390e-04        1.182425e-26
               43400        1.883540e-04        1.348036e-26
               43500        2.159440e-04        1.657196e-26
               43600        2.135730e-04        1.313334e-26
               43700        1.796000e-04        1.406192e-26
               43800        1.817480e-04        1.599061e-26
               43900        1.782330e-04        1.596180e-26
               44000        1.780290e-04        1.227694e-26
               44100        1.766980e-04        1.561677e-26
               44200        1.922800e-04        1.065074e-26
               44300        1.804490e-04        1.321405e-26
               44400        1.738900e-04        1.951327e-26
               44500        1.718760e-04        1.160689e-26
               44600        1.852930e-04        1.897656e-26
               44700        1.770130e-04        1.508464e-26
               44800        1.694630e-04        1.606423e-26
               44900        1.728740e-04        1.962649e-26
               45000        1.720820e-04        1.340309e-26
               45100        1.731320e-04        1.673410e-26
               45200        1.785230e-04        1.824771e-26
               45300        1.885720e-04        1.369176e-26
               45400        2.437410e-04        1.155163e-26
               45500        1.854980e-04        1.187428e-26
               45600        1.812980e-04        1.173520e-26
               45700        1.805810e-04        1.412947e-26
               45800        1.792920e-04        1.189596e-26
               45900        2.129340e-04        1.245186e-26
               46000        1.911740e-04        1.534556e-26
               46100        1.780880e-04        1.557338e-26
               46200        1.789310e-04        1.320449e-26
               46300        1.833250e-04        1.784224e-26
               46400        1.799630e-04        1.263392e-26
               46500        1.898030e-04        1.426353e-26
               46600        1.774810e-04        1.374870e-26
               46700        1.814060e-04        1.724780e-26
               46800        1.873440e-04        1.128073e-26
               46900        1.857400e-04        1.469588e-26
               47000        2.141100e-04        1.332396e-26
               47100        1.866390e-04        1.166026e-26
               47200        1.722030e-04        1.412997e-26
               47300        1.807850e-04        1.442108e-26
               47400        1.764230e-04        1.165651e-26
               47500        1.775310e-04        1.079509e-26
               47600        1.749000e-04        1.490278e-26
               47700        1.759590e-04        2.033955e-26
               47800        1.825430e-04        1.184772e-26
               47900        1.787030e-04        1.535781e-26
               48000        1.770490e-04        1.032139e-26
               48100        1.915330e-04        1.022759e-26
               48200        1.762040e-04        1.541095e-26
               48300        1.755830e-04        1.421261e-26
               48400        1.863050e-04        1.390201e-26
               48500        1.942110e-04        1.593228e-26
               48600        1.939630e-04        1.567412e-26
               48700        2.186600e-04        1.568606e-26
               48800        1.821260e-04        1.257896e-26
               48900        1.787540e-04        1.706322e-26
               49000        1.737660e-04        1.478273e-26
               49100        1.825520e-04        1.149025e-26
               49200        1.775940e-04        1.507465e-26
               49300        1.839010e-04        1.331138e-26
               49400        1.781240e-04        1.850215e-26
               49500        1.827890e-04        1.417348e-26
               49600        1.805490e-04        1.193559e-26
               49700        1.858840e-04        1.210503e-26
               49800        1.831280e-04        1.449189e-26
               49900        1.881510e-04        1.487601e-26
               50000        1.866600e-04        1.501749e-26
               50100        1.837680e-04        1.266924e-26
               50200        1.836300e-04        1.050794e-26
               50300        2.046440e-04        1.321197e-26
               50400        2.186320e-04        1.306170e-26
               50500        2.315320e-04        1.699736e-26
               50600        1.859140e-04        1.824501e-26
               50700        1.801650e-04        1.526856e-26
               50800        1.813560e-04        1.944268e-26
               50900        1.787820e-04        1.515288e-26
               51000        1.796160e-04        1.747123e-26
               51100        1.792350e-04        1.370079e-26
               51200        1.755130e-04        1.786414e-26
               51300        1.798960e-04        1.516848e-26
               51400        1.826000e-04        1.749399e-26
               51500        1.762720e-04        1.816606e-26
               51600        1.803760e-04        1.814961e-26
               51700        1.743060e-04        1.260889e-26
               51800        1.800600e-04        9.959820e-27
               51900        1.787490e-04        1.515611e-26
               52000        2.320880e-04        1.567336e-26
               52100        1.852700e-04        1.626547e-26
               52200        1.750730e-04        1.489450e-26
               52300        1.706490e-04        1.254768e-26
               52400        1.731060e-04        1.307660e-26
               52500        1.806960e-04        1.067986e-26
               52600        1.764310e-04        2.009367e-26
               52700        1.764430e-04        1.532864e-26
               52800        1.770790e-04        1.261623e-26
               52900        1.787250e-04        1.140428e-26
               53000        1.850950e-04        1.047825e-26
               53100        1.819140e-04        1.145541e-26
               53200        1.904530e-04        1.407763e-26
               53300        1.844330e-04        1.493621e-26
               53400        1.860810e-04        1.074038e-26
               53500        1.880480e-04        1.160541e-26
               53600        1.876110e-04        1.033449e-26
               53700        2.574650e-04        1.416991e-26
               53800        2.003740e-04        1.670866e-26
               53900        1.781230e-04        1.241972e-26
               54000        1.772240e-04        1.333257e-26
               54100        1.762300e-04        1.420364e-26
               54200        1.753080e-04        1.806229e-26
               54300        1.757450e-04        2.007687e-26
               54400        1.871800e-04        2.098292e-26
               54500        1.730530e-04        1.490654e-26
               54600        1.743320e-04        1.586751e-26
               54700        1.831460e-04        1.580520e-26
               54800        1.975310e-04        1.677733e-26
               54900        1.720970e-04        1.942796e-26
               55000        1.786700e-04        1.345695e-26
               55100        1.749930e-04        1.426347e-26
               55200        1.756740e-04        1.992725e-26
               55300        1.811230e-04        1.653109e-26
               55400        1.780460e-04        1.779204e-26
               55500        1.731430e-04        1.761509e-26
               55600        1.745840e-04        1.327391e-26
               55700        2.128560e-04        1.385012e-26
               55800        1.809130e-04        1.492150e-26
               55900        1.850730e-04        1.361686e-26
               56000        1.856170e-04        1.629432e-26
               56100        1.848010e-04        1.688204e-26
               56200        1.803340e-04        1.349140e-26
               56300        1.760060e-04        1.851823e-26
               56400        1.818490e-04        1.356253e-26
               56500        1.763090e-04        1.641607e-26
               56600        1.788950e-04        1.785025e-26
               56700        1.830570e-04        1.524819e-26
               56800        1.823470e-04        1.193343e-26
               56900        1.906640e-04        1.329054e-26
               57000        2.162820e-04        1.224316e-26
               57100        1.860910e-04        1.369523e-26
               57200        1.714660e-04        1.338526e-26
               57300        1.734580e-04        1.084529e-26
               57400        1.765380e-04        1.437038e-26
               57500        1.758100e-04        1.423437e-26
               57600        1.725020e-04        1.710738e-26
               57700        1.781140e-04        1.233405e-26
               57800        1.771230e-04        1.390832e-26
               57900        2.001780e-04        1.570233e-26
               58000        1.851210e-04        1.764491e-26
               58100        1.859810e-04        2.027621e-26
               58200        1.805480e-04        1.541492e-26
               58300        1.782200e-04        1.342140e-26
               58400        1.789890e-04        1.908924e-26
               58500        1.835370e-04        1.395576e-26
               58600        2.158790e-04        1.152546e-26
               58700        1.837570e-04        1.486597e-26
               58800        1.736570e-04        1.281078e-26
               58900        1.832480e-04        1.378138e-26
               59000        1.918910e-04        2.057759e-26
               59100        1.911140e-04        2.180890e-26
               59200        1.764270e-04        1.589899e-26
               59300        1.833230e-04        1.495078e-26
               59400        1.750110e-04        1.137590e-26
               59500        1.825800e-04        1.033333e-26
               59600        1.764790e-04        1.301311e-26
               59700        1.844910e-04        1.073815e-26
               59800        1.841350e-04        2.196361e-26
               59900        1.733820e-04        1.162332e-26
               60000        1.909190e-04        1.166736e-26
               60100        1.759210e-04        1.287275e-26
               60200        1.797000e-04        1.290837e-26
               60300        1.872010e-04        1.433591e-26
               60400        1.909510e-04        1.404630e-26
               60500        2.366390e-04        1.415445e-26
               60600        1.821740e-04        1.340271e-26
               60700        1.755950e-04        1.552833e-26
               60800        1.784660e-04        1.928942e-26
               60900        1.781220e-04        8.807585e-27
               61000        1.760170e-04        1.224340e-26
               61100        1.744110e-04        1.324534e-26
               61200        1.722790e-04        1.220196e-26
               61300        1.711110e-04        1.614339e-26
               61400        1.828960e-04        1.788401e-26
               61500        1.955430e-04        1.575351e-26
               61600        1.814360e-04        1.579170e-26
               61700        1.841720e-04        1.923554e-26
               61800        1.884220e-04        1.523532e-26
               61900        2.349170e-04        1.594577e-26
               62000        2.383020e-04        1.779883e-26
               62100        2.435100e-04        1.389454e-26
               62200        1.809370e-04        1.236259e-26
               62300        1.761550e-04        1.262265e-26
               62400        1.763450e-04        1.406828e-26
               62500        1.696510e-04        1.342518e-26
               62600        1.779630e-04        1.126373e-26
               62700        1.794570e-04        1.189130e-26
               62800        1.783740e-04        1.475910e-26
               62900        1.816010e-04        1.585028e-26
               63000        1.802590e-04        1.985575e-26
               63100        1.823140e-04        1.758286e-26
               63200        1.803820e-04        1.725621e-26
               63300        1.825140e-04        1.170391e-26
               63400        1.810560e-04        1.026752e-26
               63500        1.888500e-04        1.194669e-26
               63600        1.860860e-04        1.335444e-26
               63700        2.067520e-04        1.338177e-26
               63800        1.896730e-04        1.462907e-26
               63900        1.759710e-04        1.062531e-26
               64000        1.901390e-04        8.940072e-27
               64100        1.876800e-04        1.262685e-26
               64200        1.711780e-04        1.437298e-26
               64300        1.772870e-04        1.244690e-26
               64400        1.739780e-04        1.403576e-26
               64500        1.735690e-04        1.214776e-26
               64600        1.766880e-04        1.435832e-26
               64700        1.759810e-04        1.812051e-26
               64800        1.753460e-04        1.707115e-26
               64900        1.748710e-04        1.781968e-26
               65000        1.772210e-04        1.482820e-26
               65100        1.881440e-04        1.671301e-26
               65200        1.783270e-04        1.416196e-26
               65300        2.171810e-04        1.410074e-26
               65400        2.024680e-04        1.527612e-26
               65500        1.843990e-04        1.775556e-26
               65600        1.750560e-04        1.886112e-26
               65700        1.740090e-04        1.509647e-26
               65800        1.750050e-04        1.317175e-26
               65900        1.761880e-04        1.549917e-26
               66000        1.702660e-04        1.523415e-26
               66100        1.868830e-04        1.071869e-26
               66200        1.746840e-04        1.028845e-26
               66300        1.738510e-04        1.283114e-26
               66400        1.704330e-04        1.041100e-26
               66500        1.895920e-04        1.343377e-26
               66600        1.825210e-04        1.448868e-26
               66700        1.954870e-04        1.391844e-26
               66800        1.800140e-04        1.384674e-26
               66900        1.824020e-04        1.157138e-26
               67000        1.826620e-04        1.399339e-26
               67100        1.846960e-04        1.283160e-26
               67200        2.374170e-04        1.517689e-26
               67300        2.015670e-04        1.301711e-26
               67400        1.887070e-04        1.393877e-26
               67500        1.794110e-04        1.304575e-26
               67600        1.791880e-04        1.222632e-26
               67700        1.799250e-04        1.202943e-26
               67800        1.765170e-04        1.286157e-26
               67900        1.726590e-04        1.401573e-26
               68000        1.702920e-04        1.625025e-26
               68100        1.821980e-04        1.869337e-26
               68200        1.764760e-04        1.197797e-26
               68300        1.755830e-04        1.116245e-26
               68400        1.845190e-04        1.421590e-26
               68500        1.760700e-04        1.367701e-26
               68600        1.781430e-04        1.738585e-26
               68700        1.825360e-04        1.697649e-26
               68800        1.847770e-04        1.552323e-26
               68900        1.784790e-04        1.344541e-26
               69000        1.770230e-04        1.296928e-26
               69100        1.799660e-04        1.664428e-26
               69200        1.817350e-04        1.578434e-26
               69300        1.849710e-04        1.687342e-26
               69400        1.973670e-04        1.433131e-26
               69500        1.872640e-04        1.641284e-26
               69600        1.812710e-04        1.981516e-26
               69700        1.800760e-04        1.802974e-26
               69800        1.814960e-04        1.434194e-26
               69900        1.787350e-04        1.882444e-26
               70000        1.767810e-04        1.797884e-26
               70100        1.719290e-04        1.842972e-26
               70200        1.760470e-04        1.790511e-26
               70300        1.795300e-04        1.683776e-26
               70400        1.805570e-04        1.444711e-26
               70500        1.776670e-04        1.051600e-26
               70600        1.855160e-04        1.309206e-26
               70700        1.708630e-04        1.429240e-26
               70800        1.743090e-04        1.471809e-26
               70900        1.743420e-04        1.330300e-26
               71000        1.764820e-04        1.657417e-26
               71100        1.706230e-04        1.376441e-26
               71200        1.751850e-04        1.754016e-26
               71300        1.754820e-04        1.209054e-26
               71400        1.811490e-04        1.472136e-26
               71500        1.817270e-04        1.094898e-26
               71600        1.809640e-04        1.206630e-26
               71700        1.792700e-04        1.330861e-26
               71800        1.840770e-04        1.603730e-26
               71900        1.912630e-04        1.639654e-26
               72000        1.848380e-04        1.562626e-26
               72100        2.033350e-04        1.458103e-26
               72200        2.470110e-04        1.934323e-26
               72300        1.820050e-04        1.553327e-26
               72400        1.766180e-04        1.550143e-26
               72500        1.788540e-04        1.191484e-26
               72600        1.763350e-04        1.309600e-26
               72700        1.749620e-04        1.459132e-26
               72800        1.813830e-04        1.296457e-26
               72900        1.785110e-04        1.572745e-26
               73000        1.766750e-04        1.497807e-26
               73100        1.803660e-04        1.436340e-26
               73200        1.754820e-04        1.760180e-26
               73300        1.784080e-04        1.458049e-26
               73400        1.864430e-04        1.447603e-26
               73500        1.767180e-04        1.496171e-26
               73600        1.807890e-04        1.560822e-26
               73700        1.822280e-04        1.492046e-26
               73800        1.899120e-04        1.616162e-26
               73900        2.181460e-04        1.465882e-26
               74000        1.942030e-04        1.329012e-26
               74100        1.707500e-04        1.444949e-26
               74200        1.713380e-04        2.215268e-26
               74300        1.887330e-04        1.309364e-26
               74400        1.768410e-04        1.327654e-26
               74500        1.818230e-04        1.507495e-26
               74600        1.873750e-04        1.451544e-26
               74700        1.765060e-04        1.837861e-26
               74800        1.737850e-04        1.613394e-26
               74900        1.792020e-04        1.513731e-26
               75000        1.762520e-04        1.332565e-26
               75100        1.783500e-04        1.592507e-26
               75200        1.775270e-04        1.712587e-26
               75300        1.803850e-04        1.644099e-26
               75400        1.824530e-04        1.571484e-26
               75500        2.047270e-04        1.827658e-26
               75600        1.836400e-04        1.444883e-26
               75700        1.710570e-04        1.435463e-26
               75800        1.784530e-04        1.258541e-26
               75900        1.851720e-04        1.604329e-26
               76000        1.857300e-04        1.424756e-26
               76100        1.779190e-04        1.668790e-26
               76200        1.843310e-04        1.667788e-26
               76300        1.799340e-04        1.500223e-26
               76400        1.796570e-04        1.577275e-26
               76500        1.775360e-04        1.359700e-26
               76600        1.765320e-04        1.611081e-26
               76700        1.788980e-04        1.464087e-26
               76800        1.734060e-04        1.689599e-26
               76900        1.986070e-04        1.255212e-26
               77000        1.779900e-04        1.422296e-26
               77100        1.795020e-04        1.427772e-26
               77200        1.834790e-04        1.536865e-26
               77300        1.815950e-04        1.394591e-26
               77400        1.951440e-04        1.693057e-26
               77500        1.851420e-04        1.699682e-26
               77600        1.681550e-04        1.443813e-26
               77700        1.772050e-04        1.963297e-26
               77800        1.808110e-04        1.489410e-26
               77900        1.866590e-04        1.520370e-26
               78000        2.080270e-04        1.507485e-26
               78100        2.019420e-04        1.582962e-26
               78200        1.908330e-04        1.507366e-26
               78300        1.770390e-04        1.413089e-26
               78400        1.787520e-04        1.459125e-26
               78500        1.819460e-04        1.593946e-26
               78600        1.887200e-04        1.734640e-26
               78700        1.889360e-04        1.442462e-26
               78800        2.086830e-04        1.123565e-26
               78900        1.814460e-04        1.621735e-26
               79000        1.797090e-04        1.418572e-26
               79100        1.811580e-04        1.820199e-26
               79200        1.743760e-04        1.551028e-26
               79300        1.829890e-04        1.523818e-26
               79400        1.804780e-04        1.400155e-26
               79500        1.786600e-04        1.133240e-26
               79600        1.809180e-04        1.334308e-26
               79700        1.846450e-04        1.367467e-26
               79800        1.945310e-04        1.408179e-26
               79900        1.826140e-04        1.454485e-26
               80000        1.802320e-04        1.365377e-26
               80100        1.830860e-04        1.383358e-26
               80200        1.782630e-04        1.787346e-26
               80300        1.828370e-04        1.421630e-26
               80400        2.082140e-04        1.230800e-26
               80500        2.490510e-04        1.191735e-26
               80600        2.063590e-04        1.147969e-26
               80700        1.912050e-04        1.319542e-26
               80800        1.789620e-04        1.532698e-26
               80900        1.847700e-04        1.775054e-26
               81000        1.750900e-04        1.526969e-26
               81100        1.699930e-04        1.491641e-26
               81200        1.776790e-04        1.280844e-26
               81300        1.743200e-04        1.468343e-26
               81400        1.742070e-04        1.743940e-26
               81500        1.864320e-04        1.341186e-26
               81600        1.843510e-04        1.415828e-26
               81700        2.056110e-04        1.521189e-26
               81800        1.824160e-04        1.586771e-26
               81900        1.982920e-04        1.528886e-26
               82000        2.023670e-04        1.730903e-26
               82100        2.596890e-04        1.435346e-26
               82200        1.850250e-04        1.005108e-26
               82300        1.744170e-04        1.316720e-26
               82400        1.789310e-04        1.369896e-26
               82500        1.724850e-04        1.330586e-26
               82600        1.838440e-04        1.381304e-26
               82700        1.792370e-04        1.675715e-26
               82800        1.762000e-04        2.095074e-26
               82900        1.767000e-04        1.608417e-26
               83000        1.886450e-04        1.159961e-26
               83100        1.739360e-04        1.410089e-26
               83200        1.892210e-04        1.311331e-26
               83300        1.772630e-04        1.186181e-26
               83400        1.928310e-04        9.712140e-27
               83500        1.866590e-04        1.461478e-26
               83600        1.807990e-04        1.317321e-26
               83700        1.841660e-04        1.106826e-26
               83800        1.894100e-04        1.080687e-26
               83900        1.862230e-04        1.639314e-26
               84000        1.772040e-04        1.756248e-26
               84100        1.731510e-04        1.626753e-26
               84200        1.778270e-04        1.256310e-26
               84300        1.800250e-04        1.359007e-26
               84400        1.865220e-04        1.005577e-26
               84500        1.818860e-04        1.174455e-26
               84600        1.804460e-04        1.488333e-26
               84700        2.036180e-04        1.218593e-26
               84800        1.853750e-04        1.049654e-26
               84900        1.879010e-04        1.096098e-26
               85000        1.811130e-04        1.314836e-26
               85100        1.818940e-04        1.722174e-26
               85200        1.813270e-04        2.530527e-26
               85300        3.102090e-04        2.645970e-26
               85400        1.807090e-04        1.618249e-26
               85500        1.796270e-04        1.634865e-26
               85600        1.816370e-04        1.244126e-26
               85700        1.799630e-04        1.424507e-26
               85800        1.783500e-04        1.459319e-26
               85900        1.741700e-04        1.679532e-26
               86000        1.703030e-04        9.593925e-27
               86100        1.755720e-04        1.478600e-26
               86200        1.972890e-04        1.573117e-26
               86300        1.796180e-04        1.741893e-26
               86400        1.732890e-04        1.560021e-26
               86500        1.779110e-04        1.481824e-26
               86600        1.815970e-04        1.466668e-26
               86700        1.811480e-04        1.585020e-26
               86800        1.899870e-04        1.132386e-26
               86900        1.830060e-04        1.094818e-26
               87000        1.884800e-04        1.343363e-26
               87100        1.966850e-04        1.150384e-26
               87200        2.188710e-04        1.267090e-26
               87300        1.837680e-04        1.443139e-26
               87400        1.818870e-04        9.219075e-27
               87500        1.887340e-04        1.014897e-26
               87600        1.757730e-04        1.528114e-26
               87700        1.725470e-04        1.650126e-26
               87800        2.044460e-04        1.619093e-26
               87900        1.901270e-04        1.832364e-26
               88000        1.778150e-04        1.621015e-26
               88100        1.840530e-04        1.400088e-26
               88200        1.802550e-04        1.827651e-26
               88300        1.899760e-04        1.178489e-26
               88400        1.937910e-04        1.741063e-26
               88500        2.057290e-04        1.401975e-26
               88600        1.840930e-04        1.221072e-26
               88700        1.777500e-04        1.729294e-26
               88800        1.805560e-04        1.705697e-26
               88900        1.831040e-04        1.761186e-26
               89000        1.812510e-04        1.405401e-26
               89100        2.188650e-04        1.722103e-26
               89200        1.760540e-04        1.297496e-26
               89300        1.797380e-04        1.869765e-26
               89400        1.786540e-04        1.130036e-26
               89500        1.868610e-04        1.210500e-26
               89600        2.064190e-04        1.593888e-26
               89700        1.823830e-04        1.493886e-26
               89800        1.866990e-04        1.511949e-26
               89900        1.794510e-04        1.781669e-26
               90000        1.861270e-04        1.528900e-26
               90100        1.819210e-04        1.675849e-26
               90200        1.841150e-04        1.675622e-26
               90300        1.849090e-04        1.362206e-26
               90400        1.862440e-04        1.334140e-26
               90500        2.683010e-04        1.395454e-26
               90600        1.846540e-04        1.129568e-26
               90700        1.836620e-04        8.845147e-27
               90800        1.769550e-04        9.439845e-27
               90900        1.756330e-04        1.279624e-26
               91000        1.776870e-04        1.404047e-26
               91100        1.741650e-04        1.088626e-26
               91200        1.830270e-04        1.082302e-26
               91300        1.807240e-04        1.434644e-26
               91400        1.811180e-04        1.272455e-26
               91500        1.757490e-04        1.155388e-26
               91600        1.770160e-04        1.482842e-26
               91700        1.818770e-04        1.473140e-26
               91800        1.829540e-04        1.620689e-26
               91900        1.843690e-04        1.525024e-26
               92000        1.917040e-04        1.980956e-26
               92100        1.938900e-04        1.712005e-26
               92200        2.251420e-04        1.276419e-26
               92300        1.799850e-04        1.300623e-26
               92400        1.890710e-04        1.519769e-26
               92500        1.757960e-04        1.451703e-26
               92600        1.733370e-04        9.436670e-27
               92700        1.726090e-04        1.360577e-26
               92800        1.715890e-04        1.261052e-26
               92900        1.769250e-04        9.836816e-27
               93000        1.759360e-04        1.216858e-26
               93100        1.789830e-04        1.210237e-26
               93200        1.833200e-04        1.243550e-26
               93300        1.852940e-04        1.210078e-26
               93400        1.824450e-04        1.294098e-26
               93500        1.795020e-04        1.043901e-26
               93600        1.885230e-04        1.060210e-26
               93700        1.873810e-04        1.266199e-26
               93800        2.349260e-04        1.481936e-26
               93900        2.223070e-04        1.415690e-26
               94000        1.822090e-04        1.282781e-26
               94100        1.847590e-04        1.154697e-26
               94200        1.761250e-04        1.674112e-26
               94300        1.703510e-04        1.725123e-26
               94400        1.758270e-04        1.430341e-26
               94500        1.758800e-04        1.774217e-26
               94600        1.766380e-04        1.525622e-26
               94700        1.750170e-04        1.178241e-26
               94800        1.796220e-04        1.046200e-26
               94900        1.748490e-04        1.272010e-26
               95000        1.802290e-04        1.582160e-26
               95100        1.761020e-04        1.363189e-26
               95200        1.881950e-04        1.443974e-26
               95300        1.919220e-04        1.060565e-26
               95400        1.972180e-04        1.456840e-26
               95500        2.033440e-04        1.706131e-26
               95600        1.779630e-04        1.373493e-26
               95700        1.766710e-04        1.851198e-26
               95800        1.900790e-04        1.254015e-26
               95900        1.957700e-04        1.049075e-26
               96000        1.884640e-04        1.567801e-26
               96100        1.852620e-04        1.445727e-26
               96200        1.898370e-04        1.675987e-26
               96300        1.789400e-04        1.288987e-26
               96400        1.783190e-04        1.395308e-26
               96500        1.794160e-04        1.096686e-26
               96600        1.993050e-04        1.362060e-26
               96700        1.775600e-04        1.423878e-26
               96800        1.789990e-04        1.281782e-26
               96900        1.808670e-04        1.222607e-26
               97000        1.918910e-04        1.004023e-26
               97100        2.311910e-04        1.123225e-26
               97200        1.862500e-04        1.262265e-26
               97300        1.896620e-04        1.118831e-26
               97400        1.714480e-04        1.393225e-26
               97500        1.861660e-04        1.193291e-26
               97600        1.825770e-04        1.148852e-26
               97700        1.795250e-04        1.408232e-26
               97800        1.748800e-04        1.723759e-26
               97900        1.750750e-04        1.421580e-26
               98000        1.814360e-04        1.485699e-26
               98100        1.820850e-04        1.383821e-26
               98200        1.797650e-04        1.014747e-26
               98300        1.855560e-04        1.260623e-26
               98400        1.815370e-04        1.592641e-26
               98500        1.764100e-04        1.300124e-26
               98600        1.913190e-04        1.355383e-26
               98700        1.812400e-04        1.652931e-26
               98800        1.838650e-04        1.458917e-26
               98900        2.322890e-04        1.588470e-26
               99000        1.947160e-04        1.377934e-26
               99100        1.846290e-04        1.632448e-26
               99200        1.915400e-04        1.989059e-26
               99300        1.943500e-04        1.278543e-26
               99400        1.891870e-04        1.256538e-26
               99500        1.785320e-04        1.108108e-26
               99600        1.762360e-04        1.881737e-26
               99700        1.858320e-04        1.451193e-26
               99800        1.759160e-04        1.284234e-26
               99900        1.768510e-04        1.174193e-26
              100000        1.757140e-04        1.457338e-26
