Period: 100
               Epoch           Time cost                Loss
                 100        2.263830e-04        2.125871e+04
                 200        1.835700e-04        1.620710e+04
                 300        2.182060e-04        1.098839e+04
                 400        3.440240e-04        1.098839e+04
                 500        1.871760e-04        6.270848e+03
                 600        4.336700e-04        6.357839e+03
                 700        1.846560e-04        4.551969e+03
                 800        3.917710e-04        4.440898e+03
                 900        2.920840e-04        4.440844e+03
                1000        3.528820e-04        4.440791e+03
                1100        3.198200e-04        4.441040e+03
                1200        1.975950e-04        3.008847e+03
                1300        2.682650e-04        2.684891e+03
                1400        3.074840e-04        2.684697e+03
                1500        2.936510e-04        2.684691e+03
                1600        3.876950e-04        2.684870e+03
                1700        3.602910e-04        2.684870e+03
                1800        2.603109e-03        2.155159e+03
                1900        2.743730e-04        2.146066e+03
                2000        3.439350e-04        1.241912e+03
                2100        4.030540e-04        1.241918e+03
                2200        4.324830e-04        1.241872e+03
                2300        3.089830e-04        2.684891e+03
                2400        4.018020e-04        7.396717e+02
                2500        4.058090e-04        4.984036e+02
                2600        4.608110e-04        4.509414e+02
                2700        4.823190e-04        4.411354e+02
                2800        4.746730e-04        4.468147e+02
                2900        6.116840e-04        3.555765e+02
                3000        6.965810e-04        3.436484e+02
                3100        5.069210e-04        2.518368e+02
                3200        4.444750e-04        1.751909e+02
                3300        5.415930e-04        1.560943e+02
                3400        3.605530e-04        1.103606e+02
                3500        5.875600e-04        1.224087e+02
                3600        3.929230e-04        7.403633e+01
                3700        6.420260e-04        7.549106e+01
                3800        3.764730e-04        4.813645e+01
                3900        6.009330e-04        4.722729e+01
                4000        5.290820e-04        4.813790e+01
                4100        3.515654e-03        4.742120e+01
                4200        6.361330e-04        4.722729e+01
                4300        6.392820e-04        4.722730e+01
                4400        6.524720e-04        4.722729e+01
                4500        6.433760e-04        4.813905e+01
                4600        5.883480e-04        2.764530e+01
                4700        9.526350e-04        2.723491e+01
                4800        6.404870e-04        2.722128e+01
                4900        7.117890e-04        1.832709e+01
                5000        8.195140e-04        1.793747e+01
                5100        4.858670e-04        1.194778e+01
                5200        5.293170e-04        1.184502e+01
                5300        3.733000e-04        7.885846e+00
                5400        6.588930e-04        7.821832e+00
                5500        8.580090e-04        7.821547e+00
                5600        6.729470e-04        4.907809e+00
                5700        8.221750e-04        4.374130e+00
                5800        5.513380e-04        4.374003e+00
                5900        7.845490e-04        4.374228e+00
                6000        5.340540e-04        4.374148e+00
                6100        7.052350e-04        4.374003e+00
                6200        7.029050e-04        4.374003e+00
                6300        7.263880e-04        2.832034e+00
                6400        6.093320e-04        2.416651e+00
                6500        5.473680e-04        2.519525e+00
                6600        5.508340e-04        2.416293e+00
                6700        6.856810e-04        2.275375e+00
                6800        5.240020e-04        1.153147e+00
                6900        6.697320e-04        1.153267e+00
                7000        6.005370e-04        9.164766e-01
                7100        5.389980e-04        9.164079e-01
                7200        5.825390e-04        9.163265e-01
                7300        6.764010e-04        9.164860e-01
                7400        5.485470e-04        9.022848e-01
                7500        5.438760e-04        9.163843e-01
                7600        5.408250e-04        7.323749e-01
                7700        5.667010e-04        4.746406e-01
                7800        6.470010e-04        4.740650e-01
                7900        5.458280e-04        4.741722e-01
                8000        6.706150e-04        2.125108e-01
                8100        4.435870e-04        2.021184e-01
                8200        6.635070e-04        2.125089e-01
                8300        5.945740e-04        2.021184e-01
                8400        6.393660e-04        2.021184e-01
                8500        4.506030e-04        2.125057e-01
                8600        6.964480e-04        2.124974e-01
                8700        5.484270e-04        2.125039e-01
                8800        6.378740e-04        1.541411e-01
                8900        4.874010e-04        1.541411e-01
                9000        5.646860e-04        1.541411e-01
                9100        5.800700e-04        1.306165e-01
                9200        6.305330e-04        1.279894e-01
                9300        6.307110e-04        1.279895e-01
                9400        4.385270e-04        1.279848e-01
                9500        6.779180e-04        7.324075e-02
                9600        5.759820e-04        6.775565e-02
                9700        6.069470e-04        6.775637e-02
                9800        6.181090e-04        6.775430e-02
                9900        5.700220e-04        3.945059e-02
               10000        5.511580e-04        3.945060e-02
               10100        6.204230e-04        4.192334e-02
               10200        5.816490e-04        4.192331e-02
               10300        4.292280e-04        4.192188e-02
               10400        5.575050e-04        4.192125e-02
               10500        5.633910e-04        3.945125e-02
               10600        4.185890e-04        3.945059e-02
               10700        5.643100e-04        4.192334e-02
               10800        5.571680e-04        2.139277e-02
               10900        5.986660e-04        2.139279e-02
               11000        5.669550e-04        2.139243e-02
               11100        6.284790e-04        2.139223e-02
               11200        5.407610e-04        2.132893e-02
               11300        7.016100e-04        2.207836e-02
               11400        5.523820e-04        2.082245e-02
               11500        5.698630e-04        1.546391e-02
               11600        5.606000e-04        1.547074e-02
               11700        6.565300e-04        1.535904e-02
               11800        5.442740e-04        1.536583e-02
               11900        6.423670e-04        1.535417e-02
               12000        5.722700e-04        1.403452e-02
               12100        6.130930e-04        9.862551e-03
               12200        5.715460e-04        9.801672e-03
               12300        6.442020e-04        9.801696e-03
               12400        4.401005e-03        7.897061e-03
               12500        5.695310e-04        5.034591e-03
               12600        6.770490e-04        5.034586e-03
               12700        5.627010e-04        5.034564e-03
               12800        5.511310e-04        5.034045e-03
               12900        5.827830e-04        5.089605e-03
               13000        6.725060e-04        5.034573e-03
               13100        5.523030e-04        5.076538e-03
               13200        5.430720e-04        3.787805e-03
               13300        6.582050e-04        2.723345e-03
               13400        6.284770e-04        2.723405e-03
               13500        5.495120e-04        2.690882e-03
               13600        6.350920e-04        2.723403e-03
               13700        6.515180e-04        2.723381e-03
               13800        7.206950e-04        2.723345e-03
               13900        6.006890e-04        1.861808e-03
               14000        5.668190e-04        1.184507e-03
               14100        3.448350e-04        1.184251e-03
               14200        6.190720e-04        1.236671e-03
               14300        6.681380e-04        1.184746e-03
               14400        5.501420e-04        1.236384e-03
               14500        1.075483e-03        1.236298e-03
               14600        7.300100e-04        1.045821e-03
               14700        5.574560e-04        6.967939e-04
               14800        6.713070e-04        5.113452e-04
               14900        7.135370e-04        4.616342e-04
               15000        6.741090e-04        4.453612e-04
               15100        6.267800e-04        4.447650e-04
               15200        6.062760e-04        2.323391e-04
               15300        6.547380e-04        1.998762e-04
               15400        6.394620e-04        1.580171e-04
               15500        6.184070e-04        1.558054e-04
               15600        5.593940e-04        1.558042e-04
               15700        6.182630e-04        1.557969e-04
               15800        8.983850e-04        1.557979e-04
               15900        5.488070e-04        1.558042e-04
               16000        6.653390e-04        1.079518e-04
               16100        5.941570e-04        1.079539e-04
               16200        5.698240e-04        4.447650e-04
               16300        5.921830e-04        7.486909e-05
               16400        6.372810e-04        7.405608e-05
               16500        6.469010e-04        4.317183e-05
               16600        6.072790e-04        4.273906e-05
               16700        5.898320e-04        4.277126e-05
               16800        6.420650e-04        3.923845e-05
               16900        6.779770e-04        3.924935e-05
               17000        8.595790e-04        2.830647e-05
               17100        6.323740e-04        2.744903e-05
               17200        6.876160e-04        2.738740e-05
               17300        6.931370e-04        2.143512e-05
               17400        6.406100e-04        1.638378e-05
               17500        6.458190e-04        2.126649e-05
               17600        5.927410e-04        1.417929e-05
               17700        5.420330e-04        1.417928e-05
               17800        6.400550e-04        1.417950e-05
               17900        6.673300e-04        1.184507e-05
               18000        5.616810e-04        1.184381e-05
               18100        6.263400e-04        1.032119e-05
               18200        6.831140e-04        9.029470e-06
               18300        5.400330e-04        9.029680e-06
               18400        5.874850e-04        8.968049e-06
               18500        5.932600e-04        6.905682e-06
               18600        6.226240e-04        6.577411e-06
               18700        6.380920e-04        6.577502e-06
               18800        7.108070e-04        5.109211e-06
               18900        5.677870e-04        2.820862e-06
               19000        5.641420e-04        2.566587e-06
               19100        6.828990e-04        2.566589e-06
               19200        8.051860e-04        3.066584e-06
               19300        6.091110e-04        1.971875e-06
               19400        5.350730e-04        9.686128e-07
               19500        5.426630e-04        1.012168e-06
               19600        6.436200e-04        9.685518e-07
               19700        5.507680e-04        9.946570e-07
               19800        4.424320e-04        8.033605e-07
               19900        5.767670e-04        8.033220e-07
               20000        5.415230e-04        8.033253e-07
               20100        4.282710e-04        5.758647e-07
               20200        5.630420e-04        5.759904e-07
               20300        6.221700e-04        5.758054e-07
               20400        5.311690e-04        4.540008e-07
               20500        5.750850e-04        3.538049e-07
               20600        6.043740e-04        2.502918e-07
               20700        6.165380e-04        8.836479e-07
               20800        5.520770e-04        1.822029e-07
               20900        5.495830e-04        1.822260e-07
               21000        4.139720e-04        1.822029e-07
               21100        6.816210e-04        1.359347e-07
               21200        5.946340e-04        7.354539e-08
               21300        6.223770e-04        6.096992e-08
               21400        4.794690e-04        4.639498e-08
               21500        6.125960e-04        4.561685e-08
               21600        6.960480e-04        3.390674e-08
               21700        8.338670e-04        3.091881e-08
               21800        6.386960e-04        2.417395e-08
               21900        6.069450e-04        1.924109e-08
               22000        7.175040e-04        1.770292e-08
               22100        6.157200e-04        1.185965e-08
               22200        7.119950e-04        9.440951e-09
               22300        6.994640e-04        6.917517e-09
               22400        4.958170e-04        6.279288e-09
               22500        6.376520e-04        3.934167e-09
               22600        1.034559e-03        3.236415e-09
               22700        5.297490e-04        3.236737e-09
               22800        4.528690e-04        3.234776e-09
               22900        5.391040e-04        1.913987e-09
               23000        6.095580e-04        1.731456e-09
               23100        6.666010e-04        1.743792e-09
               23200        5.355050e-04        1.913637e-09
               23300        5.947420e-04        1.913611e-09
               23400        8.797020e-04        1.680030e-09
               23500        5.490970e-04        1.155716e-09
               23600        5.189400e-04        1.155582e-09
               23700        9.042210e-04        1.155699e-09
               23800        5.458120e-04        1.151859e-09
               23900        6.945150e-04        1.155714e-09
               24000        6.809170e-04        1.155660e-09
               24100        7.378700e-04        1.145381e-09
               24200        1.047305e-03        1.145381e-09
               24300        6.665900e-04        7.023188e-10
               24400        6.227150e-04        7.153581e-10
               24500        6.823490e-04        7.250853e-10
               24600        7.408680e-04        6.995939e-10
               24700        6.751760e-04        7.255968e-10
               24800        6.003680e-04        5.902170e-10
               24900        6.974380e-04        5.902153e-10
               25000        7.180020e-04        5.901832e-10
               25100        5.627420e-04        3.689541e-10
               25200        5.379080e-04        3.687855e-10
               25300        6.606300e-04        3.686366e-10
               25400        2.860458e-03        3.687083e-10
               25500        4.541600e-04        2.993801e-10
               25600        6.772990e-04        3.007481e-10
               25700        4.412710e-04        2.993753e-10
               25800        3.741660e-04        2.979693e-10
               25900        2.889070e-04        1.622401e-10
               26000        4.191740e-04        1.622475e-10
               26100        4.358380e-04        1.622354e-10
               26200        3.712970e-04        1.310374e-10
               26300        4.381350e-04        1.310093e-10
               26400        3.709050e-04        1.297575e-10
               26500        3.040300e-04        7.787611e-11
               26600        3.302720e-04        7.782712e-11
               26700        3.112920e-04        7.790080e-11
               26800        4.985190e-04        7.788083e-11
               26900        3.058370e-04        6.858909e-11
               27000        2.790280e-04        6.860253e-11
               27100        3.241540e-04        6.340168e-11
               27200        2.245060e-04        6.340101e-11
               27300        2.768530e-04        3.826180e-11
               27400        3.097510e-04        3.383947e-11
               27500        3.769190e-04        3.380300e-11
               27600        2.995090e-04        2.771973e-11
               27700        2.965040e-04        2.738687e-11
               27800        2.624310e-04        1.583755e-11
               27900        1.534450e-04        1.684307e-11
               28000        3.668560e-04        1.457346e-11
               28100        2.198080e-04        1.196726e-11
               28200        2.424970e-04        7.426362e-12
               28300        3.406270e-04        6.283225e-12
               28400        2.531070e-04        6.281873e-12
               28500        2.401300e-04        7.395961e-12
               28600        2.644880e-04        5.218256e-12
               28700        2.770950e-04        5.218132e-12
               28800        2.659040e-04        5.102570e-12
               28900        2.430880e-04        5.217664e-12
               29000        2.359740e-04        5.215877e-12
               29100        2.594390e-04        5.218132e-12
               29200        2.667720e-04        4.394062e-12
               29300        2.228360e-04        4.393361e-12
               29400        2.694450e-04        2.368130e-12
               29500        2.326010e-04        2.364368e-12
               29600        1.465040e-04        2.373895e-12
               29700        2.535630e-04        2.152338e-12
               29800        2.614940e-04        1.863010e-12
               29900        2.158870e-04        1.863421e-12
               30000        2.404170e-04        1.205590e-12
               30100        2.459110e-04        1.205621e-12
               30200        1.642080e-04        1.205623e-12
               30300        2.106110e-04        1.205697e-12
               30400        2.362880e-04        1.095445e-12
               30500        2.176660e-04        9.178900e-13
               30600        2.597940e-04        9.185834e-13
               30700        2.215490e-04        6.706625e-13
               30800        2.309520e-04        6.707124e-13
               30900        2.267480e-04        6.706825e-13
               31000        2.309290e-04        6.706800e-13
               31100        2.273350e-04        6.705631e-13
               31200        1.375420e-04        4.536042e-13
               31300        2.250730e-04        3.792885e-13
               31400        2.121090e-04        3.792870e-13
               31500        2.188570e-04        2.788603e-13
               31600        2.599500e-04        2.788606e-13
               31700        1.465180e-04        2.788647e-13
               31800        2.192150e-04        2.788751e-13
               31900        2.333310e-04        1.954524e-13
               32000        2.121120e-04        2.046595e-13
               32100        2.547980e-04        1.812954e-13
               32200        2.548940e-04        1.812788e-13
               32300        2.656530e-04        1.549445e-13
               32400        2.032540e-04        1.549370e-13
               32500        2.574240e-04        1.549425e-13
               32600        2.487330e-04        1.544036e-13
               32700        3.709800e-03        1.100518e-13
               32800        2.103450e-04        8.771930e-14
               32900        2.618560e-04        5.455298e-14
               33000        2.022360e-04        5.455745e-14
               33100        2.718900e-04        5.063100e-14
               33200        2.109910e-04        4.997039e-14
               33300        2.044900e-04        6.446359e-14
               33400        2.547780e-04        3.462571e-14
               33500        2.240990e-04        2.331627e-14
               33600        2.234090e-04        1.682020e-14
               33700        2.264350e-04        1.303799e-14
               33800        2.009540e-04        1.320806e-14
               33900        2.193330e-04        1.301274e-14
               34000        2.388140e-04        1.320901e-14
               34100        2.041760e-04        1.320880e-14
               34200        2.480270e-04        1.305130e-14
               34300        2.394290e-04        8.724258e-15
               34400        2.068970e-04        8.716648e-15
               34500        2.250320e-04        7.697482e-15
               34600        2.322700e-04        7.700637e-15
               34700        2.287200e-04        7.700742e-15
               34800        2.181370e-04        5.004028e-15
               34900        2.353660e-04        4.049262e-15
               35000        2.068990e-04        3.038144e-15
               35100        1.985940e-04        2.526270e-15
               35200        2.343270e-04        2.407823e-15
               35300        2.267670e-04        2.407829e-15
               35400        2.216310e-04        1.636818e-15
               35500        1.997210e-04        1.636803e-15
               35600        2.445780e-04        1.636710e-15
               35700        2.018240e-04        1.084857e-15
               35800        2.053060e-04        9.248386e-16
               35900        2.352280e-04        9.248353e-16
               36000        2.626740e-04        5.921288e-16
               36100        2.029060e-04        6.330773e-16
               36200        2.328760e-04        6.331493e-16
               36300        2.006690e-04        5.974127e-16
               36400        3.060330e-04        4.574167e-16
               36500        1.835680e-04        4.574166e-16
               36600        1.993740e-04        3.315266e-16
               36700        1.859290e-04        3.229269e-16
               36800        2.630520e-04        3.229222e-16
               36900        2.093020e-04        1.456062e-16
               37000        2.954920e-04        1.419524e-16
               37100        2.391930e-04        1.419500e-16
               37200        2.127470e-04        1.419508e-16
               37300        2.861320e-04        1.419524e-16
               37400        2.089460e-04        8.263378e-17
               37500        2.003190e-04        7.732778e-17
               37600        1.871550e-04        8.263030e-17
               37700        2.073690e-04        8.263172e-17
               37800        3.196670e-04        8.263191e-17
               37900        1.930000e-04        7.830870e-17
               38000        2.173090e-04        6.147492e-17
               38100        1.960770e-04        6.123556e-17
               38200        1.900020e-04        4.205157e-17
               38300        1.896930e-04        3.630413e-17
               38400        1.929470e-04        2.292714e-17
               38500        2.566080e-04        2.292666e-17
               38600        1.963090e-04        2.292666e-17
               38700        1.903380e-04        2.292713e-17
               38800        2.345170e-04        2.170035e-17
               38900        1.881160e-04        2.170087e-17
               39000        1.957800e-04        2.169916e-17
               39100        2.351050e-04        1.190936e-17
               39200        1.847330e-04        1.208089e-17
               39300        2.002850e-04        1.208061e-17
               39400        2.231190e-04        1.187535e-17
               39500        1.931220e-04        1.187526e-17
               39600        2.398640e-04        1.186811e-17
               39700        1.954040e-04        1.208100e-17
               39800        2.193570e-04        8.163698e-18
               39900        1.350730e-04        8.079259e-18
               40000        2.133520e-04        8.149628e-18
               40100        1.992020e-04        8.079295e-18
               40200        2.108020e-04        8.079295e-18
               40300        1.870920e-04        8.137296e-18
               40400        2.141110e-04        8.079269e-18
               40500        2.112000e-04        5.869601e-18
               40600        1.961080e-04        5.809480e-18
               40700        1.906060e-04        4.679384e-18
               40800        2.107590e-04        4.679384e-18
               40900        1.892770e-04        4.582399e-18
               41000        2.182210e-04        4.576610e-18
               41100        1.908310e-04        3.977628e-18
               41200        1.940400e-04        2.762357e-18
               41300        2.179060e-04        2.762259e-18
               41400        1.891990e-04        2.743534e-18
               41500        2.107380e-04        2.762301e-18
               41600        1.835290e-04        2.762155e-18
               41700        2.492050e-04        2.744019e-18
               41800        2.518260e-04        2.744537e-18
               41900        1.786660e-04        2.453782e-18
               42000        2.140500e-04        1.846843e-18
               42100        2.317490e-04        1.418655e-18
               42200        2.059900e-04        1.452285e-18
               42300        2.251580e-04        1.271909e-18
               42400        2.107540e-04        1.039963e-18
               42500        2.279740e-04        7.432964e-19
               42600        2.070640e-04        7.433725e-19
               42700        2.167300e-04        7.166818e-19
               42800        2.056300e-04        5.609985e-19
               42900        2.150300e-04        5.610107e-19
               43000        2.373530e-04        5.610480e-19
               43100        1.787390e-04        5.606478e-19
               43200        2.035410e-04        3.909265e-19
               43300        1.791250e-04        3.908635e-19
               43400        2.088270e-04        3.795301e-19
               43500        2.029420e-04        3.908635e-19
               43600        1.816750e-04        3.320545e-19
               43700        2.176740e-04        3.319777e-19
               43800        2.487230e-04        3.320833e-19
               43900        2.009600e-04        1.767850e-19
               44000        2.145870e-04        1.583162e-19
               44100        1.808600e-04        1.582963e-19
               44200        2.098440e-04        1.583162e-19
               44300        1.964680e-04        1.489895e-19
               44400        1.952070e-04        9.537949e-20
               44500        2.392700e-04        9.530733e-20
               44600        1.918670e-04        9.712421e-20
               44700        2.837330e-04        9.708042e-20
               44800        1.852570e-04        9.712377e-20
               44900        2.094700e-04        9.712398e-20
               45000        2.211220e-04        9.057559e-20
               45100        1.913150e-04        9.055799e-20
               45200        2.043340e-04        6.129641e-20
               45300        2.886630e-04        5.424020e-20
               45400        1.951490e-04        5.424979e-20
               45500        1.929920e-04        4.154984e-20
               45600        2.344080e-04        4.094898e-20
               45700        1.840420e-04        3.989644e-20
               45800        2.304890e-04        3.984255e-20
               45900        1.823290e-04        3.946099e-20
               46000        1.573200e-04        3.438563e-20
               46100        1.725440e-04        3.438462e-20
               46200        1.957350e-04        3.438494e-20
               46300        2.472260e-04        2.836954e-20
               46400        1.882220e-04        2.820412e-20
               46500        2.144980e-04        2.823298e-20
               46600        1.517860e-04        2.822720e-20
               46700        1.793260e-04        2.822743e-20
               46800        1.959420e-04        1.836508e-20
               46900        1.764640e-04        1.776298e-20
               47000        1.463870e-04        1.776250e-20
               47100        1.477840e-04        1.448544e-20
               47200        1.620000e-04        1.448181e-20
               47300        1.703940e-04        1.448559e-20
               47400        1.849730e-04        1.344887e-20
               47500        1.512010e-04        9.463175e-21
               47600        1.827210e-04        6.563230e-21
               47700        1.539960e-04        6.563671e-21
               47800        1.069397e-03        7.057870e-21
               47900        1.502110e-04        6.933488e-21
               48000        1.500760e-04        6.933488e-21
               48100        1.427390e-04        5.205573e-21
               48200        1.594610e-04        4.457562e-21
               48300        1.552840e-04        4.314822e-21
               48400        1.605700e-04        3.486637e-21
               48500        1.222300e-04        2.860854e-21
               48600        1.505400e-04        1.975543e-21
               48700        1.468530e-04        1.954998e-21
               48800        1.646510e-04        1.975558e-21
               48900        1.453150e-04        1.975420e-21
               49000        1.614780e-04        1.975384e-21
               49100        1.506320e-04        2.024075e-21
               49200        1.684740e-04        1.238572e-21
               49300        1.714550e-04        1.190467e-21
               49400        1.975640e-04        1.190467e-21
               49500        1.915690e-04        7.545267e-22
               49600        1.733870e-04        7.576700e-22
               49700        1.682640e-04        7.545248e-22
               49800        1.959480e-04        7.547392e-22
               49900        1.772530e-04        7.545247e-22
               50000        1.867530e-04        7.576675e-22
               50100        1.721620e-04        7.576794e-22
               50200        1.426700e-04        4.108312e-22
               50300        1.610740e-04        4.148818e-22
               50400        1.597990e-04        4.108312e-22
               50500        1.752870e-04        4.104618e-22
               50600        1.413660e-04        4.108480e-22
               50700        1.630100e-04        4.106392e-22
               50800        1.934970e-04        4.013248e-22
               50900        1.494990e-04        2.623130e-22
               51000        1.782100e-04        2.205066e-22
               51100        1.535520e-04        2.100881e-22
               51200        1.954290e-04        1.245751e-22
               51300        1.773850e-04        1.119353e-22
               51400        1.606780e-04        1.119356e-22
               51500        1.757930e-04        9.353679e-23
               51600        9.996400e-05        8.228465e-23
               51700        1.561470e-04        7.516956e-23
               51800        1.666150e-04        7.876088e-23
               51900        1.587160e-04        4.743828e-23
               52000        1.638680e-04        4.686942e-23
               52100        1.703730e-04        3.781989e-23
               52200        1.768620e-04        3.782009e-23
               52300        1.739510e-04        2.826042e-23
               52400        1.807480e-04        2.615748e-23
               52500        2.027760e-04        2.046929e-23
               52600        1.761230e-04        2.046950e-23
               52700        1.078399e-03        1.613238e-23
               52800        1.759640e-04        1.613559e-23
               52900        1.675420e-04        1.613934e-23
               53000        1.713730e-04        1.465337e-23
               53100        1.406440e-04        1.139084e-23
               53200        1.757890e-04        9.651787e-24
               53300        9.442900e-05        7.646680e-24
               53400        1.673200e-04        4.445978e-24
               53500        1.611770e-04        4.374422e-24
               53600        1.630330e-04        4.445960e-24
               53700        2.333070e-04        3.742269e-24
               53800        1.473560e-04        3.737474e-24
               53900        1.693520e-04        3.737118e-24
               54000        1.860770e-04        3.735624e-24
               54100        1.704730e-04        2.339802e-24
               54200        1.696130e-04        2.388549e-24
               54300        1.726910e-04        2.335061e-24
               54400        1.607430e-04        1.892051e-24
               54500        1.786080e-04        1.892022e-24
               54600        2.123540e-04        1.594202e-24
               54700        1.669300e-04        1.408241e-24
               54800        1.011450e-04        1.408292e-24
               54900        1.453730e-04        8.440281e-25
               55000        1.487030e-04        8.439123e-25
               55100        1.577450e-04        8.439123e-25
               55200        1.518910e-04        2.603600e-25
               55300        1.664950e-04        2.662121e-25
               55400        1.674020e-04        2.626537e-25
               55500        1.741760e-04        1.892022e-24
               55600        1.536740e-04        2.028965e-25
               55700        1.728140e-04        2.029633e-25
               55800        1.565220e-04        2.029633e-25
               55900        1.734580e-04        1.501729e-25
               56000        1.931760e-04        1.019631e-25
               56100        1.751110e-04        7.242911e-26
               56200        1.495390e-04        7.500488e-26
               56300        2.139750e-04        4.389995e-26
               56400        1.477490e-04        7.800101e-25
               56500        1.525900e-04        3.167513e-26
               56600        1.789040e-04        2.599925e-26
               56700        2.011780e-04        2.829587e-26
               56800        1.936080e-04        2.077813e-26
               56900        1.523000e-04        1.590293e-26
               57000        1.676380e-04        1.505060e-26
               57100        1.902360e-04        1.313379e-26
               57200        1.605040e-04        1.209578e-26
               57300        1.728100e-04        1.088503e-26
               57400        1.845050e-04        1.088359e-26
               57500        1.802830e-04        1.089676e-26
               57600        1.741590e-04        1.085516e-26
               57700        1.474150e-04        1.085516e-26
               57800        1.745810e-04        8.258443e-27
               57900        1.804010e-04        7.956360e-27
               58000        1.634470e-04        7.956360e-27
               58100        1.641830e-04        6.507117e-27
               58200        1.944660e-04        6.476711e-27
               58300        1.748640e-04        6.477247e-27
               58400        1.752840e-04        6.455571e-27
               58500        2.043430e-04        5.797264e-27
               58600        2.092080e-04        5.701246e-27
               58700        1.529420e-04        5.732239e-27
               58800        1.823400e-04        2.071846e-26
               58900        1.502220e-04        5.536579e-27
               59000        1.303250e-04        5.238923e-27
               59100        1.408880e-04        5.233401e-27
               59200        1.542450e-04        5.233155e-27
               59300        1.746410e-04        5.233155e-27
               59400        1.791620e-04        5.176626e-27
               59500        1.474670e-04        5.169262e-27
               59600        1.702100e-04        5.151238e-27
               59700        2.515740e-04        4.991378e-27
               59800        1.609230e-04        4.565045e-27
               59900        2.596760e-04        4.586222e-27
               60000        1.048537e-03        4.586222e-27
               60100        1.901680e-04        4.598572e-27
               60200        2.005990e-04        4.452087e-27
               60300        1.718450e-04        4.415702e-27
               60400        1.697360e-04        3.769024e-27
               60500        1.803350e-04        3.552062e-27
               60600        1.551330e-04        3.597045e-27
               60700        2.325640e-04        3.477242e-27
               60800        1.667950e-04        3.476847e-27
               60900        1.803200e-04        3.475664e-27
               61000        9.868700e-05        3.474875e-27
               61100        1.637860e-04        3.475664e-27
               61200        1.856040e-04        3.476847e-27
               61300        1.990320e-04        3.558279e-27
               61400        1.796240e-04        3.510748e-27
               61500        1.710660e-04        3.504640e-27
               61600        2.533300e-04        3.490639e-27
               61700        1.474270e-04        3.408684e-27
               61800        1.813030e-04        3.385796e-27
               61900        1.708690e-04        3.446307e-27
               62000        1.538590e-04        3.340938e-27
               62100        1.699150e-04        3.275901e-27
               62200        1.732440e-04        3.293558e-27
               62300        1.469030e-04        3.274643e-27
               62400        1.154930e-04        3.281808e-27
               62500        1.760740e-04        3.337414e-27
               62600        1.689010e-04        3.338502e-27
               62700        2.126180e-04        3.338502e-27
               62800        1.754960e-04        3.338502e-27
               62900        1.076600e-04        3.338502e-27
               63000        2.060760e-04        5.169262e-27
               63100        1.620370e-04        3.338502e-27
               63200        1.644610e-04        3.338502e-27
               63300        1.738520e-04        3.165359e-27
               63400        1.777990e-04        3.185920e-27
               63500        1.723390e-04        3.185920e-27
               63600        1.503860e-04        3.154608e-27
               63700        1.884840e-04        3.016168e-27
               63800        1.878140e-04        3.020031e-27
               63900        1.479580e-04        3.020031e-27
               64000        1.823970e-04        3.020031e-27
               64100        1.640110e-04        3.023877e-27
               64200        1.668310e-04        3.023877e-27
               64300        1.529250e-04        2.910048e-27
               64400        1.623460e-04        2.894890e-27
               64500        1.482340e-04        2.908344e-27
               64600        1.667720e-04        2.918371e-27
               64700        1.021070e-04        2.918371e-27
               64800        1.679800e-04        2.954412e-27
               64900        1.757460e-04        2.974503e-27
               65000        1.826680e-04        3.010466e-27
               65100        1.733430e-04        2.976251e-27
               65200        1.619360e-04        2.932506e-27
               65300        1.765600e-04        2.731265e-27
               65400        1.551990e-04        2.638756e-27
               65500        1.843910e-04        2.664812e-27
               65600        1.858010e-04        2.639553e-27
               65700        1.794820e-04        2.643617e-27
               65800        1.848280e-04        2.639279e-27
               65900        1.833080e-04        2.643617e-27
               66000        1.498340e-04        2.650191e-27
               66100        1.729110e-04        2.761223e-27
               66200        2.512570e-04        2.609304e-27
               66300        1.604170e-04        2.620420e-27
               66400        1.969370e-04        2.586446e-27
               66500        1.821600e-04        2.596929e-27
               66600        1.563450e-04        2.574195e-27
               66700        1.760230e-04        2.574460e-27
               66800        1.034080e-04        2.574460e-27
               66900        1.575350e-04        2.574460e-27
               67000        1.756540e-04        2.574460e-27
               67100        1.555980e-04        2.574978e-27
               67200        1.692140e-04        2.613599e-27
               67300        1.001730e-04        2.650352e-27
               67400        1.828840e-04        2.651650e-27
               67500        1.001250e-04        2.646450e-27
               67600        1.109713e-03        2.646450e-27
               67700        1.480520e-04        2.635567e-27
               67800        1.822740e-04        2.631022e-27
               67900        1.873550e-04        2.595480e-27
               68000        2.000200e-04        2.595480e-27
               68100        1.773310e-04        2.612276e-27
               68200        2.115400e-04        2.612276e-27
               68300        1.846870e-04        2.619569e-27
               68400        1.810260e-04        2.612276e-27
               68500        1.740280e-04        2.648088e-27
               68600        1.756770e-04        2.572029e-27
               68700        1.771240e-04        2.642356e-27
               68800        1.871640e-04        2.650060e-27
               68900        1.500040e-04        2.568748e-27
               69000        2.020310e-04        2.568748e-27
               69100        1.493650e-04        2.568748e-27
               69200        1.823450e-04        2.568748e-27
               69300        1.750340e-04        2.568748e-27
               69400        2.967655e-03        2.559647e-27
               69500        1.557960e-04        2.588816e-27
               69600        2.033030e-04        2.588816e-27
               69700        1.736710e-04        2.588668e-27
               69800        1.616420e-04        2.586252e-27
               69900        1.582110e-04        2.588816e-27
               70000        1.608380e-04        2.586252e-27
               70100        1.033420e-04        2.721985e-27
               70200        1.536290e-04        2.707867e-27
               70300        1.739280e-04        2.707732e-27
               70400        1.867450e-04        2.708323e-27
               70500        1.727360e-04        2.704897e-27
               70600        1.570650e-04        2.716955e-27
               70700        1.696690e-04        2.443759e-27
               70800        1.763080e-04        2.442292e-27
               70900        1.685130e-04        2.460020e-27
               71000        1.604490e-04        2.423720e-27
               71100        1.722380e-04        2.374502e-27
               71200        1.531840e-04        2.404226e-27
               71300        1.807340e-04        2.379699e-27
               71400        1.638150e-04        2.379699e-27
               71500        1.765630e-04        2.379699e-27
               71600        1.835850e-04        2.379699e-27
               71700        1.599780e-04        2.379699e-27
               71800        1.554330e-04        2.379699e-27
               71900        1.782630e-04        2.379699e-27
               72000        1.967250e-04        2.379699e-27
               72100        1.675850e-04        2.304375e-27
               72200        1.915600e-04        2.292973e-27
               72300        1.881910e-04        2.252464e-27
               72400        1.686940e-04        2.253647e-27
               72500        1.044680e-04        2.253795e-27
               72600        1.664030e-04        2.253795e-27
               72700        1.745890e-04        2.136885e-27
               72800        1.741310e-04        2.146692e-27
               72900        1.530120e-04        2.147284e-27
               73000        1.865470e-04        2.124617e-27
               73100        1.798570e-04        2.129584e-27
               73200        1.040148e-03        2.129781e-27
               73300        1.740750e-04        2.194073e-27
               73400        1.070597e-03        2.223118e-27
               73500        2.001530e-04        2.223118e-27
               73600        1.555430e-04        2.223118e-27
               73700        1.730190e-04        2.222921e-27
               73800        1.863670e-04        2.223118e-27
               73900        2.050520e-04        2.186346e-27
               74000        1.801940e-04        2.206274e-27
               74100        2.036790e-04        2.136407e-27
               74200        1.774680e-04        2.206696e-27
               74300        1.511330e-04        2.206696e-27
               74400        2.355180e-04        2.206696e-27
               74500        1.640600e-04        2.206696e-27
               74600        1.555190e-04        2.206696e-27
               74700        1.962360e-04        2.208952e-27
               74800        1.600130e-04        2.208517e-27
               74900        2.078290e-04        2.223207e-27
               75000        1.571560e-04        2.164835e-27
               75100        1.796260e-04        2.158962e-27
               75200        2.022320e-04        2.155820e-27
               75300        6.329450e-04        2.155820e-27
               75400        1.600300e-04        2.155820e-27
               75500        2.703390e-04        2.155820e-27
               75600        1.049790e-04        2.155820e-27
               75700        1.668090e-04        2.155820e-27
               75800        1.986870e-04        2.153267e-27
               75900        1.114150e-04        2.153267e-27
               76000        2.126590e-04        2.155820e-27
               76100        2.064900e-04        2.151323e-27
               76200        3.085650e-04        2.151323e-27
               76300        2.487420e-04        2.146059e-27
               76400        2.170090e-04        2.146059e-27
               76500        1.906760e-04        2.151323e-27
               76600        1.803840e-04        2.146059e-27
               76700        2.009510e-04        2.146059e-27
               76800        1.733440e-04        2.153821e-27
               76900        1.549350e-04        2.173446e-27
               77000        1.501980e-04        2.173248e-27
               77100        1.776250e-04        2.173446e-27
               77200        2.114616e-03        2.173446e-27
               77300        1.817840e-04        2.173248e-27
               77400        1.577900e-04        2.170258e-27
               77500        1.846680e-04        2.138075e-27
               77600        1.760200e-04        2.130806e-27
               77700        1.874470e-04        2.130934e-27
               77800        2.291190e-04        2.130934e-27
               77900        1.551230e-04        2.130934e-27
               78000        1.087700e-04        2.130934e-27
               78100        2.466380e-04        2.003248e-27
               78200        1.583400e-04        1.999140e-27
               78300        2.875766e-03        1.997390e-27
               78400        1.747440e-04        1.997390e-27
               78500        1.847730e-04        2.146059e-27
               78600        1.734470e-04        2.002274e-27
               78700        2.127990e-04        2.055352e-27
               78800        1.883510e-04        2.090974e-27
               78900        1.766620e-04        2.089581e-27
               79000        1.647380e-04        2.115901e-27
               79100        1.879680e-04        2.115901e-27
               79200        1.559560e-04        2.088613e-27
               79300        1.811370e-04        2.055311e-27
               79400        1.910510e-04        2.055311e-27
               79500        1.842760e-04        2.055311e-27
               79600        1.574640e-04        2.054916e-27
               79700        1.899220e-04        2.086441e-27
               79800        1.806160e-04        2.086650e-27
               79900        1.659760e-04        2.086650e-27
               80000        1.600040e-04        2.086650e-27
               80100        1.621010e-04        2.086650e-27
               80200        1.953520e-04        2.086650e-27
               80300        1.549610e-04        2.088613e-27
               80400        2.279930e-04        2.087590e-27
               80500        1.692070e-04        1.968951e-27
               80600        1.668410e-04        1.968951e-27
               80700        1.716020e-04        1.968951e-27
               80800        2.139260e-04        1.941275e-27
               80900        1.820490e-04        2.047902e-27
               81000        1.556550e-04        2.047705e-27
               81100        1.868210e-04        2.047705e-27
               81200        1.587660e-04        2.045388e-27
               81300        1.911890e-04        2.047705e-27
               81400        1.610950e-04        2.078177e-27
               81500        1.595040e-04        2.078177e-27
               81600        1.804670e-04        2.088068e-27
               81700        1.675800e-04        2.116050e-27
               81800        1.747680e-04        2.081558e-27
               81900        1.885330e-04        2.026832e-27
               82000        1.521810e-04        2.027177e-27
               82100        1.914070e-04        2.027177e-27
               82200        1.612730e-04        2.027177e-27
               82300        1.732980e-04        2.027177e-27
               82400        1.820550e-04        2.001718e-27
               82500        1.596800e-04        1.999548e-27
               82600        1.925080e-04        1.906451e-27
               82700        1.618670e-04        1.891528e-27
               82800        1.654140e-04        1.889456e-27
               82900        1.548420e-04        1.905267e-27
               83000        1.873690e-04        1.904281e-27
               83100        1.632110e-04        1.889456e-27
               83200        1.501850e-04        1.906451e-27
               83300        2.193470e-04        1.869964e-27
               83400        1.667590e-04        1.917394e-27
               83500        1.705780e-04        1.917394e-27
               83600        2.013570e-04        1.917394e-27
               83700        1.948090e-04        1.893628e-27
               83800        1.761180e-04        1.922402e-27
               83900        1.681320e-04        1.969857e-27
               84000        1.773500e-04        1.969857e-27
               84100        1.474960e-04        1.969857e-27
               84200        1.693500e-04        1.969857e-27
               84300        1.911050e-04        1.980674e-27
               84400        1.168130e-04        1.971357e-27
               84500        1.527170e-04        1.971357e-27
               84600        1.815970e-04        1.971357e-27
               84700        2.121070e-04        1.971357e-27
               84800        1.579900e-04        2.067148e-27
               84900        1.796540e-04        2.067148e-27
               85000        2.058830e-04        2.067148e-27
               85100        1.547560e-04        2.069502e-27
               85200        1.700780e-04        1.971357e-27
               85300        1.602230e-04        1.991632e-27
               85400        2.157670e-04        1.991632e-27
               85500        1.558250e-04        1.991878e-27
               85600        1.606400e-04        1.991878e-27
               85700        2.004920e-04        1.991878e-27
               85800        1.657430e-04        2.008218e-27
               85900        1.680730e-04        2.009387e-27
               86000        1.613360e-04        2.083557e-27
               86100        1.795970e-04        2.083557e-27
               86200        1.583530e-04        2.083557e-27
               86300        2.082710e-04        2.074702e-27
               86400        1.555090e-04        2.074702e-27
               86500        2.027270e-04        2.074702e-27
               86600        1.898440e-04        2.074110e-27
               86700        1.803720e-04        2.074110e-27
               86800        1.692600e-04        2.156038e-27
               86900        1.608960e-04        2.152020e-27
               87000        1.952230e-04        2.152020e-27
               87100        1.806450e-04        2.152020e-27
               87200        1.869680e-04        2.149493e-27
               87300        1.699510e-04        2.152020e-27
               87400        2.070790e-04        2.152020e-27
               87500        1.916860e-04        2.128486e-27
               87600        1.586340e-04        2.191756e-27
               87700        1.890330e-04        2.191756e-27
               87800        1.568560e-04        2.191756e-27
               87900        2.342830e-04        2.191756e-27
               88000        1.511800e-04        2.190145e-27
               88100        1.740810e-04        2.249246e-27
               88200        1.699950e-04        2.249246e-27
               88300        1.641700e-04        2.249246e-27
               88400        1.739920e-04        2.249246e-27
               88500        1.799480e-04        2.287155e-27
               88600        1.954150e-04        2.287417e-27
               88700        1.836430e-04        2.287417e-27
               88800        1.701000e-04        2.287417e-27
               88900        1.756910e-04        2.287417e-27
               89000        1.609680e-04        2.246989e-27
               89100        1.794840e-04        2.246989e-27
               89200        1.755190e-04        2.253029e-27
               89300        1.580810e-04        2.246989e-27
               89400        2.065770e-04        2.121728e-27
               89500        1.809930e-04        2.124523e-27
               89600        1.827870e-04        2.123142e-27
               89700        1.690780e-04        2.121728e-27
               89800        1.932930e-04        2.123142e-27
               89900        1.586270e-04        2.124523e-27
               90000        1.831760e-04        2.121728e-27
               90100        1.788740e-04        2.124523e-27
               90200        1.760400e-04        2.151901e-27
               90300        1.808000e-04        2.151901e-27
               90400        1.837140e-04        2.156585e-27
               90500        1.559630e-04        2.156585e-27
               90600        1.848850e-04        2.156585e-27
               90700        1.759020e-04        2.156585e-27
               90800        1.093093e-03        2.156585e-27
               90900        1.935990e-04        2.156585e-27
               91000        1.786850e-04        2.178297e-27
               91100        1.758340e-04        2.178297e-27
               91200        1.701900e-04        2.178297e-27
               91300        1.813620e-04        2.178507e-27
               91400        1.680600e-04        2.178297e-27
               91500        1.879700e-04        2.178297e-27
               91600        1.608430e-04        2.178297e-27
               91700        1.916480e-04        2.181099e-27
               91800        1.591700e-04        2.181099e-27
               91900        1.818020e-04        2.181099e-27
               92000        1.693060e-04        2.181099e-27
               92100        1.856570e-04        2.180606e-27
               92200        1.590570e-04        2.180606e-27
               92300        1.820820e-04        2.181099e-27
               92400        1.535690e-04        2.151901e-27
               92500        1.848520e-04        2.245119e-27
               92600        1.589450e-04        2.257205e-27
               92700        1.819230e-04        2.246253e-27
               92800        1.569660e-04        2.246253e-27
               92900        1.940900e-04        2.246253e-27
               93000        1.846530e-04        2.246253e-27
               93100        1.821020e-04        2.232176e-27
               93200        1.789860e-04        2.232176e-27
               93300        1.629390e-04        2.232176e-27
               93400        1.739330e-04        2.232176e-27
               93500        1.626800e-04        2.232176e-27
               93600        1.463210e-04        2.248419e-27
               93700        1.684830e-04        2.248419e-27
               93800        1.617410e-04        2.248419e-27
               93900        1.721480e-04        2.248419e-27
               94000        1.812620e-04        2.248419e-27
               94100        1.452380e-04        2.178801e-27
               94200        1.710470e-04        2.178527e-27
               94300        1.703390e-04        2.178971e-27
               94400        1.684570e-04        2.178823e-27
               94500        1.814230e-04        2.178971e-27
               94600        1.872200e-04        2.178823e-27
               94700        1.597520e-04        2.361044e-27
               94800        1.575710e-04        2.361044e-27
               94900        1.625330e-04        2.361044e-27
               95000        1.608400e-04        2.361044e-27
               95100        1.305230e-04        2.361044e-27
               95200        1.821300e-04        2.361044e-27
               95300        8.559800e-04        2.361044e-27
               95400        1.337210e-04        2.340623e-27
               95500        1.504480e-04        2.331106e-27
               95600        1.513710e-04        2.331106e-27
               95700        1.006610e-04        2.331106e-27
               95800        1.725200e-04        2.331106e-27
               95900        1.785020e-04        2.331106e-27
               96000        1.553190e-04        2.320464e-27
               96100        1.707890e-04        2.320464e-27
               96200        1.596740e-04        2.320464e-27
               96300        1.627640e-04        2.320464e-27
               96400        1.625620e-04        2.320464e-27
               96500        1.626260e-04        2.320464e-27
               96600        1.250750e-04        2.350534e-27
               96700        1.530740e-04        2.350534e-27
               96800        1.602290e-04        2.350534e-27
               96900        1.696830e-04        2.350534e-27
               97000        1.678430e-04        2.350534e-27
               97100        1.593580e-04        2.350534e-27
               97200        1.623490e-04        2.285469e-27
               97300        1.457840e-04        2.285469e-27
               97400        1.594390e-04        2.285469e-27
               97500        1.496990e-04        2.285469e-27
               97600        1.565500e-04        2.285469e-27
               97700        1.497540e-04        2.249466e-27
               97800        1.608890e-04        2.242219e-27
               97900        1.606720e-04        2.249466e-27
               98000        1.364990e-04        2.249466e-27
               98100        1.295380e-04        2.249466e-27
               98200        1.253450e-04        2.249466e-27
               98300        1.276260e-04        2.242491e-27
               98400        1.251220e-04        2.242491e-27
               98500        1.256560e-04        2.242491e-27
               98600        1.586090e-04        2.242491e-27
               98700        1.252930e-04        2.242491e-27
               98800        1.246590e-04        2.212952e-27
               98900        1.264290e-04        2.212952e-27
               99000        1.265480e-04        2.212952e-27
               99100        1.256570e-04        2.212952e-27
               99200        1.170610e-04        2.212952e-27
               99300        1.230410e-04        2.212952e-27
               99400        1.231720e-04        2.178834e-27
               99500        1.212760e-04        2.178834e-27
               99600        8.568300e-05        2.178834e-27
               99700        1.197370e-04        2.178834e-27
               99800        1.186490e-04        2.178834e-27
               99900        1.292850e-04        2.212952e-27
              100000        1.048520e-04        2.302888e-27
