Period: 100
               Epoch           Time cost                Loss
                 100        4.727454e-03        1.351910e+03
                 200        4.530793e-03        1.351910e+03
                 300        3.052373e-03        7.471220e+02
                 400        2.967616e-03        7.398494e+02
                 500        3.387455e-03        7.471220e+02
                 600        5.784657e-03        7.398494e+02
                 700        3.094402e-03        7.471220e+02
                 800        3.582289e-03        7.471220e+02
                 900        7.492018e-03        7.471220e+02
                1000        2.433899e-03        7.471220e+02
                1100        3.695057e-03        6.769498e+02
                1200        2.375537e-03        7.010252e+02
                1300        3.733423e-03        5.698348e+02
                1400        3.661719e-03        5.698348e+02
                1500        3.087348e-03        6.135420e+02
                1600        4.750037e-03        6.135420e+02
                1700        3.603762e-03        7.028412e+02
                1800        2.568495e-03        7.028262e+02
                1900        2.668982e-03        7.005145e+02
                2000        3.262394e-03        7.005145e+02
                2100        6.740845e-03        6.136894e+02
                2200        3.302766e-03        5.043930e+02
                2300        3.625727e-03        4.693878e+02
                2400        3.642027e-03        4.758155e+02
                2500        3.737474e-03        4.758155e+02
                2600        2.254273e-03        4.758155e+02
                2700        3.687511e-03        5.043930e+02
                2800        5.030551e-03        3.985548e+02
                2900        2.421140e-03        3.985548e+02
                3000        3.412029e-03        3.945595e+02
                3100        3.900654e-03        3.735208e+02
                3200        2.336085e-03        3.507363e+02
                3300        3.707037e-03        3.834690e+02
                3400        3.618936e-03        3.834690e+02
                3500        4.256948e-03        3.084116e+02
                3600        3.190706e-03        3.834690e+02
                3700        3.580608e-03        3.289155e+02
                3800        3.510867e-03        2.959057e+02
                3900        3.847377e-03        3.031365e+02
                4000        3.636358e-03        3.555858e+02
                4100        3.884395e-03        3.491502e+02
                4200        3.766163e-03        3.491502e+02
                4300        4.021236e-03        4.164219e+02
                4400        3.734118e-03        3.093468e+02
                4500        2.780932e-03        3.091938e+02
                4600        4.335399e-03        2.802630e+02
                4700        4.042686e-03        2.711139e+02
                4800        3.876153e-03        2.758879e+02
                4900        3.747907e-03        2.720784e+02
                5000        2.868024e-03        2.758879e+02
                5100        3.876359e-03        2.792428e+02
                5200        3.516552e-03        2.884081e+02
                5300        3.729768e-03        2.802630e+02
                5400        3.900253e-03        2.823094e+02
                5500        3.853939e-03        2.540871e+02
                5600        3.997734e-03        2.540871e+02
                5700        3.763077e-03        2.431233e+02
                5800        3.729576e-03        2.823094e+02
                5900        4.295096e-03        2.177482e+02
                6000        3.755162e-03        2.109159e+02
                6100        3.996433e-03        2.313096e+02
                6200        5.488567e-03        2.313096e+02
                6300        3.841036e-03        1.898525e+02
                6400        3.850414e-03        1.928162e+02
                6500        3.917129e-03        2.160017e+02
                6600        3.864749e-03        2.160017e+02
                6700        3.930696e-03        2.160017e+02
                6800        3.865972e-03        2.160017e+02
                6900        4.012981e-03        1.970243e+02
                7000        3.975692e-03        2.132975e+02
                7100        3.857353e-03        2.129168e+02
                7200        3.950708e-03        2.121714e+02
                7300        3.933845e-03        1.767904e+02
                7400        3.814613e-03        1.931608e+02
                7500        5.195063e-03        1.931608e+02
                7600        3.417877e-03        2.001844e+02
                7700        4.075688e-03        1.931608e+02
                7800        7.357721e-03        1.618687e+02
                7900        4.005479e-03        1.618687e+02
                8000        3.918108e-03        1.618687e+02
                8100        3.890421e-03        1.721578e+02
                8200        3.887674e-03        1.725600e+02
                8300        3.866684e-03        1.507285e+02
                8400        5.564287e-03        1.508191e+02
                8500        3.940972e-03        2.179509e+02
                8600        4.115196e-03        2.225542e+02
                8700        4.403512e-03        1.529218e+02
                8800        3.951860e-03        1.529218e+02
                8900        3.958468e-03        1.467168e+02
                9000        4.122292e-03        1.467168e+02
                9100        4.010919e-03        1.471314e+02
                9200        3.921495e-03        1.419445e+02
                9300        3.893682e-03        1.530747e+02
                9400        4.026080e-03        1.564418e+02
                9500        4.279448e-03        1.490843e+02
                9600        4.249184e-03        1.482337e+02
                9700        4.148134e-03        1.556784e+02
                9800        4.017354e-03        1.374941e+02
                9900        4.054624e-03        1.374941e+02
               10000        3.716271e-03        1.374941e+02
               10100        3.970207e-03        1.403573e+02
               10200        3.967365e-03        1.403573e+02
               10300        3.874858e-03        1.403592e+02
               10400        3.329786e-03        1.448144e+02
               10500        3.828717e-03        1.461324e+02
               10600        5.749819e-03        1.448144e+02
               10700        2.706731e-03        1.448144e+02
               10800        3.933280e-03        1.715251e+02
               10900        2.242902e-03        1.715251e+02
               11000        4.034574e-03        1.729131e+02
               11100        3.801368e-03        1.317937e+02
               11200        3.791152e-03        1.317937e+02
               11300        5.799325e-03        1.331884e+02
               11400        3.904551e-03        1.331884e+02
               11500        4.082203e-03        1.375403e+02
               11600        3.959543e-03        1.381099e+02
               11700        4.509660e-03        1.375403e+02
               11800        4.194131e-03        1.386189e+02
               11900        4.147831e-03        1.328904e+02
               12000        3.813375e-03        1.328904e+02
               12100        4.025878e-03        1.313240e+02
               12200        4.219988e-03        1.234895e+02
               12300        4.308480e-03        1.242354e+02
               12400        4.319679e-03        1.242354e+02
               12500        4.015739e-03        1.234895e+02
               12600        4.201901e-03        1.336207e+02
               12700        3.861985e-03        1.336207e+02
               12800        4.028753e-03        1.336207e+02
               12900        4.048141e-03        1.336207e+02
               13000        4.066404e-03        1.242354e+02
               13100        4.060203e-03        1.254542e+02
               13200        4.031432e-03        1.254542e+02
               13300        3.986213e-03        1.251587e+02
               13400        3.924290e-03        1.251587e+02
               13500        4.218181e-03        1.226426e+02
               13600        4.129644e-03        1.226461e+02
               13700        4.336100e-03        1.226426e+02
               13800        4.325105e-03        1.226426e+02
               13900        4.656089e-03        1.141582e+02
               14000        5.424714e-03        1.136624e+02
               14100        4.154115e-03        1.136527e+02
               14200        4.078124e-03        1.206232e+02
               14300        3.853995e-03        1.206232e+02
               14400        4.162371e-03        1.204023e+02
               14500        3.924558e-03        1.204112e+02
               14600        4.071440e-03        1.268269e+02
               14700        4.254206e-03        1.268269e+02
               14800        4.299469e-03        1.267822e+02
               14900        4.237989e-03        1.036761e+02
               15000        4.402459e-03        1.268269e+02
               15100        5.606524e-03        9.647605e+01
               15200        4.482212e-03        9.785946e+01
               15300        3.853196e-03        9.785946e+01
               15400        4.304273e-03        9.785946e+01
               15500        3.940368e-03        9.785946e+01
               15600        4.223407e-03        9.948153e+01
               15700        4.060973e-03        9.703508e+01
               15800        4.415211e-03        1.069009e+02
               15900        4.481139e-03        1.069009e+02
               16000        3.970877e-03        1.069009e+02
               16100        3.988325e-03        1.020998e+02
               16200        4.197885e-03        8.307094e+01
               16300        3.977145e-03        8.307094e+01
               16400        4.140044e-03        8.927859e+01
               16500        3.822233e-03        8.513421e+01
               16600        3.898900e-03        8.520672e+01
               16700        4.264965e-03        8.520672e+01
               16800        4.075991e-03        8.647218e+01
               16900        3.973847e-03        8.647218e+01
               17000        4.240230e-03        8.647218e+01
               17100        4.421591e-03        8.414337e+01
               17200        4.327116e-03        8.769903e+01
               17300        3.891156e-03        8.217123e+01
               17400        3.998747e-03        8.290962e+01
               17500        4.073318e-03        8.217123e+01
               17600        3.665407e-03        8.769903e+01
               17700        5.638024e-03        7.450200e+01
               17800        4.088875e-03        7.450200e+01
               17900        4.011275e-03        8.134227e+01
               18000        4.177344e-03        7.827882e+01
               18100        4.138446e-03        7.827882e+01
               18200        4.079236e-03        7.827882e+01
               18300        4.016502e-03        8.676641e+01
               18400        3.858423e-03        8.676641e+01
               18500        3.376977e-03        8.676641e+01
               18600        3.771163e-03        8.673627e+01
               18700        3.901420e-03        7.486036e+01
               18800        3.771873e-03        7.493604e+01
               18900        3.677337e-03        7.493604e+01
               19000        4.093720e-03        7.155475e+01
               19100        4.154345e-03        7.155475e+01
               19200        4.056068e-03        7.155475e+01
               19300        4.657166e-03        7.155475e+01
               19400        4.168491e-03        7.534969e+01
               19500        3.997149e-03        7.534969e+01
               19600        4.421745e-03        7.297532e+01
               19700        4.078613e-03        7.297532e+01
               19800        7.151756e-03        7.053620e+01
               19900        4.348869e-03        7.285310e+01
               20000        3.561148e-03        7.285310e+01
               20100        4.757512e-03        7.285310e+01
               20200        4.101448e-03        6.766589e+01
               20300        4.037415e-03        6.766589e+01
               20400        3.994920e-03        6.652496e+01
               20500        3.823255e-03        7.109902e+01
               20600        4.090216e-03        7.109902e+01
               20700        4.205051e-03        6.394858e+01
               20800        4.254110e-03        6.394858e+01
               20900        4.286469e-03        6.394171e+01
               21000        4.171818e-03        6.903571e+01
               21100        4.236626e-03        6.903571e+01
               21200        3.872552e-03        6.903571e+01
               21300        4.349700e-03        6.498918e+01
               21400        3.490289e-03        6.906140e+01
               21500        4.267280e-03        6.906140e+01
               21600        3.981595e-03        6.418876e+01
               21700        4.185707e-03        6.418876e+01
               21800        4.168943e-03        6.418876e+01
               21900        4.202038e-03        6.630873e+01
               22000        4.129581e-03        6.624587e+01
               22100        4.091646e-03        6.630873e+01
               22200        4.059780e-03        6.624587e+01
               22300        3.915101e-03        6.420890e+01
               22400        4.038834e-03        6.491468e+01
               22500        4.401686e-03        6.420890e+01
               22600        5.360045e-03        7.297675e+01
               22700        3.770652e-03        7.297675e+01
               22800        3.698874e-03        7.355210e+01
               22900        4.063408e-03        7.355210e+01
               23000        3.990249e-03        6.192056e+01
               23100        4.057550e-03        6.192056e+01
               23200        4.061560e-03        6.187186e+01
               23300        4.247773e-03        6.513721e+01
               23400        4.246237e-03        6.513721e+01
               23500        4.266437e-03        6.432674e+01
               23600        4.065799e-03        6.344542e+01
               23700        4.125833e-03        6.333928e+01
               23800        4.212614e-03        6.333928e+01
               23900        4.475522e-03        6.412903e+01
               24000        4.274947e-03        6.412903e+01
               24100        4.174208e-03        6.209025e+01
               24200        4.163092e-03        6.209025e+01
               24300        4.048651e-03        6.376883e+01
               24400        4.471155e-03        6.376883e+01
               24500        4.331595e-03        7.241197e+01
               24600        4.095385e-03        7.042411e+01
               24700        3.983279e-03        6.606289e+01
               24800        3.626413e-03        5.677281e+01
               24900        4.478471e-03        5.677281e+01
               25000        3.244921e-03        5.677281e+01
               25100        3.885338e-03        5.677281e+01
               25200        2.416932e-03        6.371296e+01
               25300        3.619495e-03        6.372928e+01
               25400        3.504264e-03        5.768057e+01
               25500        9.766061e-03        5.768057e+01
               25600        3.825232e-03        5.772433e+01
               25700        4.001594e-03        6.286652e+01
               25800        4.281069e-03        6.455959e+01
               25900        4.260752e-03        5.752327e+01
               26000        4.252163e-03        5.687591e+01
               26100        4.484235e-03        5.752327e+01
               26200        5.779961e-03        5.752327e+01
               26300        4.360786e-03        5.466396e+01
               26400        4.239080e-03        5.466396e+01
               26500        3.992318e-03        5.321859e+01
               26600        4.152338e-03        5.321859e+01
               26700        3.894603e-03        5.338369e+01
               26800        4.124530e-03        5.302102e+01
               26900        3.986671e-03        5.783657e+01
               27000        5.791194e-03        5.766582e+01
               27100        4.391119e-03        5.349860e+01
               27200        4.614046e-03        5.246647e+01
               27300        4.324160e-03        5.266986e+01
               27400        4.281295e-03        5.145051e+01
               27500        4.264678e-03        5.142726e+01
               27600        4.179703e-03        5.142726e+01
               27700        4.286115e-03        5.145051e+01
               27800        4.146845e-03        5.003161e+01
               27900        4.165462e-03        5.062596e+01
               28000        3.803361e-03        5.073675e+01
               28100        4.075533e-03        5.287664e+01
               28200        4.512859e-03        5.287664e+01
               28300        4.185265e-03        5.287664e+01
               28400        4.368922e-03        4.815848e+01
               28500        4.021460e-03        4.815848e+01
               28600        4.216602e-03        4.611297e+01
               28700        4.517684e-03        4.611297e+01
               28800        4.131244e-03        4.611297e+01
               28900        4.372051e-03        4.611371e+01
               29000        4.071978e-03        4.576978e+01
               29100        4.602037e-03        4.576978e+01
               29200        4.150599e-03        4.786925e+01
               29300        4.466882e-03        4.882375e+01
               29400        4.382417e-03        5.046634e+01
               29500        4.104667e-03        4.802904e+01
               29600        4.190876e-03        5.023730e+01
               29700        4.491113e-03        5.023605e+01
               29800        4.077457e-03        4.838078e+01
               29900        3.935676e-03        4.837885e+01
               30000        4.260590e-03        4.838078e+01
               30100        4.170686e-03        5.006557e+01
               30200        4.960450e-03        5.006419e+01
               30300        4.418687e-03        4.310432e+01
               30400        4.466892e-03        4.311944e+01
               30500        4.376370e-03        4.315450e+01
               30600        4.295095e-03        4.315442e+01
               30700        4.035824e-03        4.315442e+01
               30800        4.212532e-03        4.315442e+01
               30900        4.131021e-03        4.315442e+01
               31000        4.485586e-03        4.315442e+01
               31100        4.485192e-03        4.728391e+01
               31200        6.366403e-03        4.728391e+01
               31300        4.104823e-03        4.728391e+01
               31400        4.393742e-03        4.621952e+01
               31500        4.278822e-03        4.621952e+01
               31600        4.186022e-03        4.728391e+01
               31700        4.157568e-03        4.728391e+01
               31800        4.014625e-03        4.621952e+01
               31900        3.847197e-03        4.454698e+01
               32000        4.252578e-03        4.281377e+01
               32100        4.301029e-03        4.639024e+01
               32200        4.327775e-03        4.639024e+01
               32300        4.112182e-03        4.639024e+01
               32400        4.247113e-03        4.706716e+01
               32500        5.848528e-03        4.706716e+01
               32600        4.243608e-03        4.178160e+01
               32700        6.375547e-03        4.154198e+01
               32800        4.235381e-03        4.163893e+01
               32900        3.366024e-03        4.154198e+01
               33000        3.873124e-03        4.154198e+01
               33100        3.949527e-03        4.163893e+01
               33200        4.078458e-03        4.668575e+01
               33300        4.093142e-03        4.453220e+01
               33400        4.125627e-03        4.438373e+01
               33500        4.040470e-03        4.598146e+01
               33600        4.127332e-03        4.598146e+01
               33700        4.124141e-03        4.598146e+01
               33800        4.437330e-03        4.436626e+01
               33900        4.387823e-03        4.071348e+01
               34000        4.621708e-03        4.015078e+01
               34100        4.507273e-03        4.063237e+01
               34200        4.093434e-03        4.063237e+01
               34300        4.446800e-03        3.987828e+01
               34400        4.025486e-03        3.996037e+01
               34500        3.784620e-03        3.987828e+01
               34600        4.559852e-03        3.987828e+01
               34700        5.699999e-03        3.987828e+01
               34800        4.082356e-03        3.987828e+01
               34900        6.712900e-03        3.987828e+01
               35000        4.393389e-03        3.987828e+01
               35100        5.593579e-03        4.032339e+01
               35200        4.063373e-03        4.032339e+01
               35300        3.276320e-03        3.868237e+01
               35400        4.331362e-03        3.914583e+01
               35500        4.408740e-03        3.914583e+01
               35600        4.445129e-03        3.925453e+01
               35700        3.980019e-03        3.925453e+01
               35800        4.060601e-03        3.928038e+01
               35900        3.929736e-03        3.928038e+01
               36000        3.830021e-03        3.928038e+01
               36100        4.211735e-03        3.827751e+01
               36200        3.831906e-03        4.056635e+01
               36300        4.156930e-03        4.056635e+01
               36400        4.295336e-03        4.056635e+01
               36500        4.524901e-03        4.122519e+01
               36600        4.022785e-03        3.972816e+01
               36700        4.237104e-03        3.713389e+01
               36800        4.112346e-03        3.713389e+01
               36900        4.214161e-03        3.788790e+01
               37000        4.113268e-03        3.783338e+01
               37100        4.228966e-03        3.783338e+01
               37200        4.320776e-03        3.723544e+01
               37300        4.311359e-03        3.724495e+01
               37400        4.382487e-03        3.586817e+01
               37500        4.430534e-03        3.586817e+01
               37600        4.364173e-03        3.574499e+01
               37700        3.905080e-03        3.586817e+01
               37800        5.710471e-03        3.586817e+01
               37900        4.166567e-03        3.686796e+01
               38000        4.157327e-03        3.686796e+01
               38100        4.168741e-03        3.677697e+01
               38200        3.825754e-03        3.677697e+01
               38300        4.174324e-03        3.677697e+01
               38400        4.446092e-03        3.677697e+01
               38500        3.840673e-03        3.634894e+01
               38600        4.197564e-03        3.656898e+01
               38700        4.293431e-03        3.935045e+01
               38800        4.843638e-03        3.473323e+01
               38900        6.009581e-03        3.473323e+01
               39000        4.327006e-03        3.461084e+01
               39100        4.334763e-03        3.509241e+01
               39200        4.319832e-03        3.397629e+01
               39300        4.226357e-03        3.507884e+01
               39400        4.057225e-03        3.569003e+01
               39500        4.298149e-03        3.440329e+01
               39600        4.235674e-03        3.440329e+01
               39700        3.861782e-03        3.464693e+01
               39800        4.517041e-03        3.464687e+01
               39900        4.518002e-03        3.542852e+01
               40000        4.237451e-03        3.384698e+01
               40100        4.417955e-03        3.341144e+01
               40200        4.217401e-03        3.271992e+01
               40300        4.132726e-03        3.271992e+01
               40400        4.103858e-03        3.271992e+01
               40500        3.948316e-03        3.301293e+01
               40600        4.046297e-03        3.299038e+01
               40700        3.892095e-03        3.299038e+01
               40800        4.226547e-03        3.564780e+01
               40900        4.213786e-03        3.574206e+01
               41000        4.165951e-03        3.477973e+01
               41100        5.676517e-03        3.270098e+01
               41200        4.131089e-03        3.338329e+01
               41300        4.158593e-03        3.338160e+01
               41400        3.947779e-03        3.338160e+01
               41500        4.388445e-03        3.338160e+01
               41600        3.703317e-03        3.086694e+01
               41700        3.912350e-03        3.102070e+01
               41800        4.254710e-03        3.105344e+01
               41900        4.495395e-03        3.102070e+01
               42000        4.365607e-03        3.102070e+01
               42100        4.415299e-03        3.105344e+01
               42200        4.231065e-03        3.105344e+01
               42300        4.855482e-03        3.037868e+01
               42400        4.026101e-03        3.037868e+01
               42500        4.112467e-03        3.073553e+01
               42600        4.205007e-03        3.009028e+01
               42700        4.148406e-03        3.119578e+01
               42800        4.259320e-03        3.103100e+01
               42900        7.040100e-03        3.086023e+01
               43000        4.234297e-03        3.100219e+01
               43100        3.879837e-03        2.949056e+01
               43200        4.181434e-03        2.908452e+01
               43300        4.278589e-03        3.007798e+01
               43400        4.660876e-03        2.981582e+01
               43500        4.565945e-03        2.983432e+01
               43600        4.226209e-03        2.900405e+01
               43700        4.189391e-03        2.900405e+01
               43800        4.232216e-03        2.900405e+01
               43900        4.271205e-03        2.913071e+01
               44000        4.175311e-03        2.913071e+01
               44100        4.307381e-03        2.904538e+01
               44200        4.241590e-03        2.923193e+01
               44300        3.987908e-03        2.909040e+01
               44400        4.355896e-03        2.796082e+01
               44500        4.195347e-03        2.796082e+01
               44600        3.860564e-03        2.794561e+01
               44700        4.210274e-03        2.845204e+01
               44800        4.157410e-03        2.842676e+01
               44900        4.175275e-03        2.842676e+01
               45000        3.851428e-03        2.856518e+01
               45100        4.045369e-03        2.856518e+01
               45200        4.256611e-03        2.877607e+01
               45300        4.221816e-03        2.877607e+01
               45400        4.195821e-03        2.771039e+01
               45500        4.151587e-03        2.801283e+01
               45600        4.204714e-03        2.801283e+01
               45700        4.187541e-03        2.846989e+01
               45800        4.090796e-03        2.998468e+01
               45900        4.652124e-03        2.831069e+01
               46000        3.892089e-03        2.831069e+01
               46100        3.961237e-03        2.831069e+01
               46200        4.303362e-03        2.831069e+01
               46300        4.038002e-03        2.830782e+01
               46400        4.219868e-03        2.730010e+01
               46500        4.462141e-03        2.687032e+01
               46600        4.531850e-03        2.687032e+01
               46700        4.379565e-03        2.942764e+01
               46800        4.362861e-03        2.942764e+01
               46900        5.980911e-03        2.736618e+01
               47000        4.388426e-03        2.726548e+01
               47100        4.130265e-03        2.726548e+01
               47200        4.133129e-03        2.602841e+01
               47300        4.280248e-03        2.666138e+01
               47400        4.264862e-03        2.666846e+01
               47500        4.428797e-03        2.620189e+01
               47600        3.804619e-03        2.616896e+01
               47700        4.274249e-03        2.616896e+01
               47800        4.309359e-03        2.617790e+01
               47900        4.199621e-03        2.617790e+01
               48000        4.686664e-03        2.616896e+01
               48100        4.171742e-03        2.647507e+01
               48200        4.120788e-03        2.575144e+01
               48300        4.221273e-03        2.575144e+01
               48400        4.191857e-03        2.579869e+01
               48500        3.882692e-03        2.585968e+01
               48600        4.372046e-03        2.570106e+01
               48700        4.198133e-03        2.577696e+01
               48800        3.987468e-03        2.578449e+01
               48900        4.296889e-03        2.578449e+01
               49000        3.795150e-03        2.654095e+01
               49100        3.773301e-03        2.656090e+01
               49200        3.980080e-03        2.543951e+01
               49300        4.108227e-03        2.539033e+01
               49400        4.253668e-03        2.561716e+01
               49500        4.262385e-03        2.560314e+01
               49600        4.438811e-03        2.554508e+01
               49700        4.232915e-03        2.498390e+01
               49800        4.560683e-03        2.535205e+01
               49900        4.286380e-03        2.510146e+01
               50000        4.214241e-03        2.514100e+01
               50100        4.146541e-03        2.502339e+01
               50200        4.358156e-03        2.624591e+01
               50300        4.246828e-03        2.572911e+01
               50400        5.279913e-03        2.549538e+01
               50500        4.676037e-03        2.549538e+01
               50600        4.193094e-03        2.513664e+01
               50700        4.289588e-03        2.511618e+01
               50800        4.104210e-03        2.513126e+01
               50900        4.189436e-03        2.511618e+01
               51000        4.723256e-03        2.513126e+01
               51100        4.120046e-03        2.434375e+01
               51200        4.223304e-03        2.366666e+01
               51300        4.340239e-03        2.409592e+01
               51400        4.217426e-03        2.394155e+01
               51500        4.427791e-03        2.388945e+01
               51600        4.507724e-03        2.415377e+01
               51700        4.689700e-03        2.415377e+01
               51800        4.285126e-03        2.415377e+01
               51900        4.373338e-03        2.415377e+01
               52000        4.260509e-03        2.415377e+01
               52100        4.330522e-03        2.423825e+01
               52200        4.653318e-03        2.415377e+01
               52300        4.524884e-03        2.423825e+01
               52400        4.537808e-03        2.326277e+01
               52500        4.177101e-03        2.326608e+01
               52600        4.386260e-03        2.326277e+01
               52700        4.055075e-03        2.567531e+01
               52800        4.292255e-03        2.466380e+01
               52900        3.399350e-03        2.442789e+01
               53000        4.519095e-03        2.442789e+01
               53100        4.076887e-03        2.392423e+01
               53200        3.991005e-03        2.393318e+01
               53300        4.196056e-03        2.398029e+01
               53400        4.214092e-03        2.328968e+01
               53500        4.257561e-03        2.328166e+01
               53600        4.474748e-03        2.285845e+01
               53700        4.666832e-03        2.289943e+01
               53800        4.435436e-03        2.285845e+01
               53900        4.299832e-03        2.285845e+01
               54000        4.388236e-03        2.289943e+01
               54100        4.377160e-03        2.349421e+01
               54200        4.308359e-03        2.391625e+01
               54300        4.219618e-03        2.291631e+01
               54400        4.246551e-03        2.291631e+01
               54500        4.261143e-03        2.309863e+01
               54600        4.166441e-03        2.319681e+01
               54700        4.153626e-03        2.319681e+01
               54800        4.229079e-03        2.319681e+01
               54900        4.161766e-03        2.319681e+01
               55000        4.138012e-03        2.309863e+01
               55100        4.452298e-03        2.319681e+01
               55200        4.013307e-03        2.319681e+01
               55300        4.233848e-03        2.207125e+01
               55400        3.935781e-03        2.207125e+01
               55500        4.379108e-03        2.204852e+01
               55600        4.596326e-03        2.207125e+01
               55700        4.235299e-03        2.207125e+01
               55800        4.464546e-03        2.241330e+01
               55900        4.149717e-03        2.253968e+01
               56000        3.974957e-03        2.182969e+01
               56100        4.272240e-03        2.259365e+01
               56200        4.228014e-03        2.229321e+01
               56300        4.189344e-03        2.233784e+01
               56400        4.294321e-03        2.233784e+01
               56500        4.232844e-03        2.183021e+01
               56600        4.508212e-03        2.226120e+01
               56700        4.050782e-03        2.188768e+01
               56800        4.325760e-03        2.236172e+01
               56900        4.026192e-03        2.236172e+01
               57000        4.507206e-03        2.236261e+01
               57100        3.989348e-03        2.190775e+01
               57200        3.904330e-03        2.182991e+01
               57300        4.192022e-03        2.190775e+01
               57400        4.249001e-03        2.182991e+01
               57500        4.243882e-03        2.227361e+01
               57600        4.204127e-03        2.228507e+01
               57700        6.434438e-03        2.320337e+01
               57800        4.055352e-03        2.319667e+01
               57900        4.166443e-03        2.319667e+01
               58000        3.953208e-03        2.148031e+01
               58100        4.386946e-03        2.186127e+01
               58200        4.370557e-03        2.190577e+01
               58300        4.259356e-03        2.190577e+01
               58400        4.388836e-03        2.190577e+01
               58500        4.512429e-03        2.190577e+01
               58600        4.217109e-03        2.190577e+01
               58700        4.140980e-03        2.182621e+01
               58800        4.211228e-03        2.182621e+01
               58900        4.486084e-03        2.197088e+01
               59000        4.421346e-03        2.198202e+01
               59100        6.444368e-03        2.198572e+01
               59200        4.343345e-03        2.198202e+01
               59300        4.271291e-03        2.198202e+01
               59400        4.242083e-03        2.198202e+01
               59500        4.418192e-03        2.198202e+01
               59600        4.141616e-03        2.198202e+01
               59700        4.561074e-03        2.106680e+01
               59800        4.342817e-03        2.116357e+01
               59900        4.735589e-03        2.116357e+01
               60000        4.557971e-03        2.116357e+01
               60100        5.063896e-03        2.116357e+01
               60200        4.307890e-03        2.161915e+01
               60300        4.397163e-03        2.054251e+01
               60400        4.294924e-03        2.064454e+01
               60500        4.131603e-03        2.084922e+01
               60600        4.409098e-03        2.084922e+01
               60700        4.243419e-03        2.044969e+01
               60800        4.267621e-03        2.044969e+01
               60900        3.967195e-03        2.043482e+01
               61000        4.145451e-03        2.043482e+01
               61100        3.999123e-03        2.027979e+01
               61200        4.177206e-03        2.029746e+01
               61300        4.235770e-03        2.029746e+01
               61400        4.178065e-03        2.029613e+01
               61500        4.296181e-03        2.033339e+01
               61600        4.529230e-03        2.034757e+01
               61700        4.562115e-03        2.034162e+01
               61800        4.470468e-03        2.074910e+01
               61900        4.595835e-03        2.021670e+01
               62000        4.489158e-03        2.021670e+01
               62100        4.781596e-03        2.010309e+01
               62200        4.453787e-03        2.010225e+01
               62300        4.257763e-03        2.010179e+01
               62400        4.326711e-03        2.009821e+01
               62500        4.171217e-03        2.064697e+01
               62600        4.256605e-03        1.992528e+01
               62700        4.264837e-03        1.972943e+01
               62800        4.185764e-03        1.972943e+01
               62900        4.072811e-03        1.998901e+01
               63000        4.179849e-03        2.013422e+01
               63100        4.123145e-03        1.960444e+01
               63200        4.601485e-03        1.972825e+01
               63300        4.474507e-03        1.936828e+01
               63400        3.887258e-03        2.041291e+01
               63500        4.192275e-03        1.948858e+01
               63600        4.338900e-03        1.948790e+01
               63700        3.802333e-03        1.938775e+01
               63800        4.171711e-03        1.938775e+01
               63900        4.483879e-03        1.968756e+01
               64000        4.074750e-03        1.968756e+01
               64100        4.385348e-03        2.095393e+01
               64200        4.517569e-03        1.892517e+01
               64300        4.208654e-03        1.892517e+01
               64400        4.179605e-03        1.910240e+01
               64500        4.905949e-03        1.910180e+01
               64600        4.140475e-03        1.915481e+01
               64700        4.490385e-03        1.986919e+01
               64800        4.386526e-03        1.879313e+01
               64900        4.372798e-03        1.861498e+01
               65000        4.027862e-03        1.859983e+01
               65100        4.338215e-03        1.859983e+01
               65200        4.237908e-03        1.908977e+01
               65300        4.323151e-03        1.908977e+01
               65400        4.030408e-03        1.880746e+01
               65500        4.872506e-03        1.857832e+01
               65600        4.203726e-03        1.875992e+01
               65700        4.036379e-03        1.844100e+01
               65800        4.059417e-03        1.844100e+01
               65900        5.890681e-03        1.844100e+01
               66000        4.651569e-03        1.833771e+01
               66100        4.268020e-03        1.833771e+01
               66200        4.539053e-03        1.821530e+01
               66300        4.341943e-03        1.906278e+01
               66400        4.219288e-03        1.906278e+01
               66500        2.557555e-03        1.801834e+01
               66600        2.335999e-03        1.803657e+01
               66700        4.508822e-03        1.803684e+01
               66800        4.256713e-03        1.803684e+01
               66900        3.912073e-03        1.840313e+01
               67000        4.155873e-03        1.862421e+01
               67100        2.586687e-03        1.862421e+01
               67200        4.033179e-03        1.862062e+01
               67300        4.057406e-03        1.840423e+01
               67400        3.923614e-03        1.761810e+01
               67500        4.214846e-03        1.778388e+01
               67600        4.331865e-03        1.778388e+01
               67700        3.778112e-03        1.766434e+01
               67800        3.859647e-03        1.776697e+01
               67900        3.849173e-03        1.776908e+01
               68000        4.168194e-03        1.773960e+01
               68100        4.001716e-03        1.785498e+01
               68200        4.402699e-03        1.785498e+01
               68300        4.006541e-03        1.760301e+01
               68400        4.374275e-03        1.743877e+01
               68500        4.418217e-03        1.753219e+01
               68600        3.938363e-03        1.753816e+01
               68700        4.013734e-03        1.753219e+01
               68800        5.670680e-03        1.731807e+01
               68900        4.107096e-03        1.731807e+01
               69000        4.598512e-03        1.731103e+01
               69100        4.937461e-03        1.729176e+01
               69200        4.250855e-03        1.739556e+01
               69300        4.360318e-03        1.763270e+01
               69400        4.403526e-03        1.792654e+01
               69500        2.662637e-03        1.793203e+01
               69600        4.149064e-03        1.793203e+01
               69700        3.421849e-03        1.759435e+01
               69800        4.518887e-03        1.827972e+01
               69900        4.284497e-03        1.745541e+01
               70000        4.223306e-03        1.740560e+01
               70100        4.191717e-03        1.740560e+01
               70200        3.864917e-03        1.726982e+01
               70300        4.088310e-03        1.761972e+01
               70400        4.413414e-03        1.774793e+01
               70500        5.446285e-03        1.774793e+01
               70600        4.406857e-03        1.731335e+01
               70700        4.117984e-03        1.678059e+01
               70800        4.386655e-03        1.678024e+01
               70900        4.193375e-03        1.680602e+01
               71000        4.274185e-03        1.683328e+01
               71100        4.179841e-03        1.683646e+01
               71200        5.946595e-03        1.683328e+01
               71300        4.726489e-03        1.697670e+01
               71400        4.240630e-03        1.711462e+01
               71500        4.286690e-03        1.683642e+01
               71600        4.648983e-03        1.683509e+01
               71700        4.088417e-03        1.683509e+01
               71800        4.544334e-03        1.697161e+01
               71900        4.278441e-03        1.697161e+01
               72000        4.490304e-03        1.688837e+01
               72100        4.486360e-03        1.677100e+01
               72200        4.284434e-03        1.677100e+01
               72300        4.416762e-03        1.664083e+01
               72400        4.455714e-03        1.655637e+01
               72500        4.185748e-03        1.675895e+01
               72600        4.136514e-03        1.673064e+01
               72700        4.328734e-03        1.673064e+01
               72800        3.145002e-03        1.673064e+01
               72900        4.476507e-03        1.649335e+01
               73000        4.304730e-03        1.641167e+01
               73100        4.209875e-03        1.695146e+01
               73200        4.384975e-03        1.695146e+01
               73300        4.133597e-03        1.661927e+01
               73400        4.075417e-03        1.643405e+01
               73500        4.144986e-03        1.629690e+01
               73600        4.206134e-03        1.629690e+01
               73700        4.097256e-03        1.629690e+01
               73800        4.315833e-03        1.629690e+01
               73900        4.443977e-03        1.614630e+01
               74000        4.419786e-03        1.642262e+01
               74100        4.436834e-03        1.636740e+01
               74200        3.950293e-03        1.636569e+01
               74300        4.521501e-03        1.636569e+01
               74400        4.219810e-03        1.574218e+01
               74500        4.241712e-03        1.568897e+01
               74600        6.230159e-03        1.557576e+01
               74700        3.547327e-03        1.557480e+01
               74800        3.809073e-03        1.557576e+01
               74900        3.941156e-03        1.586626e+01
               75000        4.360537e-03        1.540840e+01
               75100        4.107677e-03        1.540323e+01
               75200        4.474296e-03        1.577045e+01
               75300        4.426190e-03        1.578990e+01
               75400        5.745661e-03        1.580387e+01
               75500        3.797376e-03        1.578990e+01
               75600        3.672099e-03        1.608140e+01
               75700        3.444142e-03        1.547741e+01
               75800        3.692721e-03        1.547741e+01
               75900        5.435230e-03        1.526398e+01
               76000        2.559766e-03        1.526398e+01
               76100        2.615943e-03        1.532454e+01
               76200        2.482622e-03        1.538758e+01
               76300        4.711481e-03        1.524973e+01
               76400        4.251564e-03        1.516569e+01
               76500        4.408357e-03        1.516572e+01
               76600        4.270421e-03        1.516571e+01
               76700        4.217926e-03        1.516571e+01
               76800        4.139053e-03        1.534022e+01
               76900        4.184662e-03        1.541459e+01
               77000        4.248035e-03        1.541459e+01
               77100        4.364183e-03        1.539919e+01
               77200        4.338246e-03        1.539919e+01
               77300        4.744990e-03        1.576138e+01
               77400        4.602689e-03        1.576138e+01
               77500        4.107962e-03        1.547696e+01
               77600        3.789115e-03        1.549480e+01
               77700        3.166610e-03        1.547867e+01
               77800        4.127368e-03        1.547696e+01
               77900        3.814930e-03        1.570669e+01
               78000        3.742162e-03        1.581883e+01
               78100        3.670415e-03        1.570669e+01
               78200        4.094119e-03        1.527607e+01
               78300        3.082871e-03        1.527607e+01
               78400        4.418577e-03        1.500545e+01
               78500        4.454381e-03        1.490935e+01
               78600        4.557094e-03        1.490933e+01
               78700        3.999391e-03        1.490933e+01
               78800        4.421071e-03        1.490933e+01
               78900        4.444917e-03        1.495900e+01
               79000        4.264190e-03        1.469400e+01
               79100        4.276479e-03        1.469400e+01
               79200        4.279643e-03        1.474163e+01
               79300        4.229378e-03        1.474163e+01
               79400        4.223011e-03        1.475236e+01
               79500        4.192044e-03        1.475228e+01
               79600        4.172273e-03        1.474163e+01
               79700        4.089029e-03        1.472415e+01
               79800        4.360036e-03        1.472425e+01
               79900        4.850086e-03        1.448116e+01
               80000        4.583832e-03        1.452733e+01
               80100        4.634639e-03        1.451532e+01
               80200        4.665937e-03        1.451532e+01
               80300        4.169247e-03        1.452733e+01
               80400        4.330910e-03        1.447073e+01
               80500        4.211517e-03        1.447073e+01
               80600        4.391007e-03        1.454533e+01
               80700        4.226590e-03        1.454551e+01
               80800        4.194074e-03        1.454533e+01
               80900        4.215322e-03        1.490983e+01
               81000        4.228930e-03        1.490983e+01
               81100        4.211898e-03        1.455538e+01
               81200        4.122251e-03        1.469066e+01
               81300        4.189859e-03        1.475318e+01
               81400        4.645575e-03        1.463877e+01
               81500        4.098423e-03        1.463877e+01
               81600        4.222942e-03        1.420816e+01
               81700        3.721091e-03        1.411534e+01
               81800        4.421640e-03        1.411394e+01
               81900        4.351510e-03        1.411592e+01
               82000        4.430478e-03        1.411594e+01
               82100        4.486469e-03        1.411592e+01
               82200        4.437629e-03        1.406030e+01
               82300        4.512451e-03        1.407840e+01
               82400        4.311526e-03        1.407840e+01
               82500        4.406468e-03        1.407915e+01
               82600        4.227821e-03        1.394807e+01
               82700        4.240021e-03        1.394818e+01
               82800        4.696948e-03        1.397646e+01
               82900        4.016394e-03        1.397646e+01
               83000        4.120396e-03        1.383083e+01
               83100        4.422820e-03        1.388081e+01
               83200        4.150757e-03        1.395551e+01
               83300        4.090055e-03        1.396005e+01
               83400        4.160466e-03        1.379685e+01
               83500        4.382482e-03        1.430171e+01
               83600        4.314268e-03        1.430171e+01
               83700        4.162858e-03        1.430171e+01
               83800        4.412691e-03        1.499436e+01
               83900        4.266815e-03        1.499436e+01
               84000        4.382164e-03        1.365582e+01
               84100        4.177563e-03        1.365582e+01
               84200        4.410290e-03        1.356100e+01
               84300        4.353152e-03        1.372226e+01
               84400        4.488711e-03        1.372226e+01
               84500        4.612846e-03        1.372226e+01
               84600        4.674700e-03        1.372226e+01
               84700        5.265069e-03        1.372226e+01
               84800        4.100509e-03        1.371781e+01
               84900        4.448244e-03        1.371781e+01
               85000        3.949494e-03        1.371781e+01
               85100        4.235545e-03        1.354502e+01
               85200        4.238576e-03        1.353864e+01
               85300        4.342644e-03        1.353864e+01
               85400        3.785870e-03        1.354370e+01
               85500        4.237198e-03        1.351052e+01
               85600        4.183061e-03        1.351052e+01
               85700        4.285202e-03        1.351052e+01
               85800        4.060802e-03        1.349929e+01
               85900        4.189443e-03        1.349929e+01
               86000        3.926666e-03        1.354062e+01
               86100        4.166066e-03        1.354062e+01
               86200        4.283127e-03        1.354062e+01
               86300        4.072600e-03        1.354062e+01
               86400        3.991276e-03        1.374433e+01
               86500        2.460794e-03        1.347420e+01
               86600        3.846029e-03        1.347044e+01
               86700        4.000256e-03        1.353811e+01
               86800        6.823740e-03        1.339519e+01
               86900        3.971970e-03        1.339519e+01
               87000        3.945593e-03        1.324297e+01
               87100        4.021446e-03        1.316189e+01
               87200        4.008317e-03        1.316190e+01
               87300        4.358549e-03        1.316190e+01
               87400        4.233137e-03        1.316362e+01
               87500        4.369559e-03        1.309592e+01
               87600        4.274116e-03        1.309592e+01
               87700        4.265330e-03        1.312271e+01
               87800        4.457522e-03        1.330402e+01
               87900        4.148064e-03        1.328590e+01
               88000        4.130888e-03        1.307866e+01
               88100        4.103104e-03        1.305304e+01
               88200        4.350124e-03        1.301562e+01
               88300        4.351726e-03        1.319868e+01
               88400        4.331876e-03        1.319868e+01
               88500        4.093960e-03        1.328238e+01
               88600        4.083371e-03        1.328238e+01
               88700        4.461327e-03        1.322047e+01
               88800        4.608570e-03        1.322047e+01
               88900        4.023011e-03        1.307854e+01
               89000        4.220455e-03        1.307865e+01
               89100        4.214485e-03        1.300333e+01
               89200        4.168533e-03        1.326618e+01
               89300        4.586655e-03        1.326618e+01
               89400        4.238411e-03        1.279476e+01
               89500        4.324531e-03        1.279476e+01
               89600        4.097938e-03        1.279477e+01
               89700        4.199573e-03        1.279477e+01
               89800        4.148106e-03        1.279477e+01
               89900        4.295905e-03        1.279477e+01
               90000        4.438805e-03        1.279476e+01
               90100        4.226784e-03        1.268528e+01
               90200        4.576398e-03        1.268520e+01
               90300        4.296733e-03        1.268520e+01
               90400        4.527181e-03        1.289305e+01
               90500        6.042056e-03        1.289305e+01
               90600        4.172350e-03        1.264842e+01
               90700        4.502028e-03        1.264842e+01
               90800        4.494510e-03        1.286646e+01
               90900        4.417449e-03        1.279935e+01
               91000        4.387057e-03        1.293341e+01
               91100        4.018235e-03        1.293342e+01
               91200        4.427400e-03        1.293341e+01
               91300        4.222495e-03        1.293341e+01
               91400        4.073799e-03        1.267222e+01
               91500        4.271510e-03        1.267222e+01
               91600        4.294743e-03        1.265895e+01
               91700        4.419470e-03        1.265895e+01
               91800        4.407820e-03        1.262549e+01
               91900        4.365527e-03        1.265272e+01
               92000        4.244914e-03        1.260764e+01
               92100        4.657700e-03        1.242056e+01
               92200        4.772932e-03        1.240904e+01
               92300        4.602696e-03        1.240904e+01
               92400        4.417836e-03        1.240904e+01
               92500        4.204657e-03        1.253191e+01
               92600        4.633557e-03        1.267963e+01
               92700        4.493958e-03        1.269207e+01
               92800        4.705650e-03        1.266858e+01
               92900        4.077001e-03        1.266858e+01
               93000        3.237040e-03        1.266858e+01
               93100        3.742064e-03        1.263661e+01
               93200        4.489642e-03        1.227225e+01
               93300        4.150145e-03        1.228232e+01
               93400        4.128336e-03        1.228232e+01
               93500        4.328749e-03        1.234058e+01
               93600        4.477296e-03        1.234058e+01
               93700        4.500148e-03        1.243925e+01
               93800        4.526296e-03        1.243925e+01
               93900        4.530601e-03        1.252047e+01
               94000        4.423555e-03        1.259900e+01
               94100        4.424132e-03        1.262576e+01
               94200        4.560536e-03        1.262576e+01
               94300        4.121442e-03        1.212091e+01
               94400        4.349142e-03        1.211301e+01
               94500        4.664662e-03        1.213163e+01
               94600        4.524809e-03        1.213163e+01
               94700        4.076717e-03        1.211971e+01
               94800        4.436857e-03        1.203104e+01
               94900        4.311818e-03        1.203026e+01
               95000        4.463153e-03        1.217683e+01
               95100        4.311333e-03        1.217695e+01
               95200        6.157854e-03        1.206385e+01
               95300        4.095508e-03        1.203678e+01
               95400        4.099362e-03        1.197819e+01
               95500        4.407092e-03        1.197819e+01
               95600        4.743832e-03        1.197819e+01
               95700        3.991585e-03        1.200715e+01
               95800        4.383972e-03        1.200239e+01
               95900        4.445805e-03        1.198411e+01
               96000        4.266184e-03        1.198411e+01
               96100        4.237098e-03        1.198411e+01
               96200        4.443898e-03        1.197747e+01
               96300        4.260991e-03        1.201439e+01
               96400        4.459400e-03        1.201439e+01
               96500        4.174321e-03        1.194179e+01
               96600        4.424435e-03        1.194179e+01
               96700        3.047580e-03        1.194179e+01
               96800        3.850011e-03        1.183181e+01
               96900        3.101695e-03        1.183181e+01
               97000        4.324408e-03        1.189058e+01
               97100        4.251449e-03        1.184414e+01
               97200        4.208680e-03        1.190301e+01
               97300        3.854155e-03        1.181912e+01
               97400        2.428116e-03        1.181912e+01
               97500        3.746222e-03        1.171050e+01
               97600        3.861622e-03        1.171505e+01
               97700        3.888224e-03        1.171505e+01
               97800        3.573811e-03        1.194994e+01
               97900        2.403019e-03        1.175388e+01
               98000        3.399867e-03        1.172559e+01
               98100        2.270943e-03        1.158719e+01
               98200        3.165093e-03        1.158719e+01
               98300        2.209885e-03        1.153603e+01
               98400        3.341624e-03        1.153603e+01
               98500        1.927110e-03        1.153603e+01
               98600        3.033044e-03        1.153603e+01
               98700        2.321075e-03        1.161270e+01
               98800        2.241583e-03        1.161425e+01
               98900        2.264497e-03        1.160596e+01
               99000        2.301966e-03        1.160596e+01
               99100        2.082818e-03        1.150604e+01
               99200        2.186338e-03        1.148768e+01
               99300        2.147464e-03        1.148768e+01
               99400        2.173977e-03        1.149823e+01
               99500        2.158776e-03        1.148768e+01
               99600        2.242655e-03        1.171380e+01
               99700        2.038757e-03        1.168125e+01
               99800        2.144586e-03        1.141783e+01
               99900        1.863523e-03        1.141878e+01
              100000        1.820827e-03        1.141783e+01
