Period: 100
               Epoch           Time cost                Loss
                 100        2.135779e-03        4.370445e+03
                 200        2.169430e-03        4.370445e+03
                 300        2.151517e-03        2.228883e+03
                 400        2.247835e-03        2.228883e+03
                 500        1.900253e-03        2.998669e+03
                 600        2.201069e-03        1.954569e+03
                 700        2.024014e-03        1.410861e+03
                 800        2.017621e-03        1.930275e+03
                 900        2.270962e-03        1.930275e+03
                1000        1.801499e-03        2.798198e+03
                1100        2.148280e-03        2.798198e+03
                1200        2.156236e-03        2.316948e+03
                1300        2.131264e-03        1.514567e+03
                1400        2.489754e-03        1.705485e+03
                1500        2.038738e-03        1.705485e+03
                1600        2.348759e-03        1.967898e+03
                1700        2.333959e-03        1.967898e+03
                1800        2.266331e-03        1.586423e+03
                1900        2.434547e-03        2.850564e+03
                2000        2.182818e-03        1.662416e+03
                2100        2.310782e-03        1.084477e+03
                2200        2.302558e-03        1.347979e+03
                2300        2.502336e-03        1.347979e+03
                2400        2.033803e-03        1.478840e+03
                2500        2.172980e-03        1.478840e+03
                2600        1.972306e-03        1.292577e+03
                2700        1.880784e-03        1.555915e+03
                2800        2.074546e-03        1.259276e+03
                2900        1.968178e-03        1.259276e+03
                3000        2.606186e-03        1.835830e+03
                3100        2.156700e-03        1.835830e+03
                3200        2.522972e-03        1.357116e+03
                3300        2.453387e-03        1.739521e+03
                3400        2.346100e-03        1.739521e+03
                3500        2.626016e-03        1.453585e+03
                3600        2.221860e-03        1.329675e+03
                3700        2.361274e-03        1.265706e+03
                3800        2.492222e-03        1.982385e+03
                3900        2.433199e-03        1.851627e+03
                4000        2.325366e-03        1.254272e+03
                4100        2.289655e-03        1.319646e+03
                4200        2.491307e-03        1.319646e+03
                4300        2.457643e-03        1.273867e+03
                4400        2.628730e-03        1.273867e+03
                4500        2.135280e-03        1.465968e+03
                4600        2.062107e-03        1.083180e+03
                4700        2.137714e-03        1.335210e+03
                4800        1.969210e-03        1.171831e+03
                4900        2.342483e-03        1.171831e+03
                5000        2.519850e-03        8.889231e+02
                5100        2.162690e-03        8.889231e+02
                5200        2.468178e-03        1.309632e+03
                5300        2.462870e-03        1.309632e+03
                5400        2.484475e-03        1.399935e+03
                5500        2.795265e-03        1.496243e+03
                5600        2.284535e-03        1.496243e+03
                5700        2.420134e-03        9.109942e+02
                5800        2.561048e-03        9.109942e+02
                5900        2.452850e-03        8.426544e+02
                6000        2.534845e-03        1.508564e+03
                6100        2.378556e-03        1.230227e+03
                6200        2.352572e-03        1.230227e+03
                6300        2.428462e-03        9.175311e+02
                6400        2.414498e-03        1.007391e+03
                6500        2.443925e-03        1.262594e+03
                6600        2.430514e-03        9.617546e+02
                6700        2.495098e-03        1.270406e+03
                6800        2.486362e-03        8.370982e+02
                6900        2.492605e-03        8.370982e+02
                7000        2.409078e-03        7.631265e+02
                7100        2.421021e-03        7.631265e+02
                7200        2.503763e-03        9.852047e+02
                7300        2.498919e-03        9.852047e+02
                7400        2.492571e-03        1.496403e+03
                7500        2.401221e-03        7.481116e+02
                7600        2.415088e-03        1.117964e+03
                7700        2.506479e-03        1.117964e+03
                7800        2.438640e-03        9.211175e+02
                7900        2.410763e-03        9.211175e+02
                8000        2.516320e-03        7.731534e+02
                8100        2.535945e-03        7.731534e+02
                8200        2.412801e-03        7.280606e+02
                8300        2.502035e-03        7.280606e+02
                8400        2.390999e-03        9.233895e+02
                8500        2.458647e-03        7.461703e+02
                8600        2.372612e-03        7.461703e+02
                8700        2.382994e-03        6.359792e+02
                8800        2.455551e-03        6.359792e+02
                8900        2.161429e-03        7.572187e+02
                9000        2.428458e-03        7.572187e+02
                9100        2.450798e-03        1.125283e+03
                9200        2.464438e-03        1.125283e+03
                9300        2.376811e-03        9.822467e+02
                9400        2.366289e-03        9.822467e+02
                9500        2.465863e-03        7.340770e+02
                9600        2.468490e-03        7.340770e+02
                9700        2.432888e-03        7.875153e+02
                9800        2.423649e-03        7.875153e+02
                9900        2.417480e-03        9.111439e+02
               10000        2.549035e-03        9.111439e+02
               10100        2.442534e-03        6.816801e+02
               10200        2.373279e-03        6.816801e+02
               10300        2.437090e-03        6.116121e+02
               10400        2.447612e-03        6.116121e+02
               10500        2.361389e-03        9.470064e+02
               10600        2.460197e-03        9.470064e+02
               10700        2.454888e-03        1.138505e+03
               10800        2.508987e-03        1.138505e+03
               10900        2.525490e-03        6.257858e+02
               11000        2.532640e-03        6.257858e+02
               11100        2.318596e-03        9.628926e+02
               11200        2.469762e-03        9.628926e+02
               11300        2.372568e-03        6.464448e+02
               11400        2.376863e-03        6.464448e+02
               11500        2.597446e-03        1.618210e+03
               11600        2.076463e-03        1.618210e+03
               11700        2.478685e-03        8.628796e+02
               11800        2.562513e-03        1.129760e+03
               11900        2.549275e-03        1.129760e+03
               12000        2.770785e-03        6.199341e+02
               12100        2.510018e-03        6.199341e+02
               12200        2.348605e-03        7.056194e+02
               12300        2.480440e-03        7.056194e+02
               12400        2.493883e-03        6.927482e+02
               12500        2.346876e-03        6.927482e+02
               12600        2.434575e-03        6.102575e+02
               12700        2.571117e-03        6.102575e+02
               12800        2.466193e-03        4.807154e+02
               12900        2.469811e-03        4.807154e+02
               13000        2.337929e-03        4.946248e+02
               13100        2.487303e-03        4.946248e+02
               13200        2.476282e-03        6.663854e+02
               13300        2.457667e-03        6.663854e+02
               13400        2.436621e-03        5.787053e+02
               13500        2.398156e-03        5.787053e+02
               13600        2.491442e-03        6.499923e+02
               13700        2.527509e-03        6.499923e+02
               13800        2.492287e-03        1.042332e+03
               13900        2.320876e-03        6.232685e+02
               14000        2.389329e-03        6.232685e+02
               14100        2.319314e-03        4.873895e+02
               14200        2.559235e-03        4.873895e+02
               14300        2.499769e-03        5.434143e+02
               14400        2.456669e-03        5.434143e+02
               14500        2.387038e-03        4.421427e+02
               14600        2.580680e-03        4.421427e+02
               14700        2.463821e-03        7.914763e+02
               14800        2.457131e-03        7.914763e+02
               14900        2.634956e-03        6.047146e+02
               15000        2.467912e-03        6.047146e+02
               15100        2.551234e-03        7.843153e+02
               15200        2.481957e-03        7.843153e+02
               15300        2.309342e-03        5.736736e+02
               15400        2.300549e-03        1.026957e+03
               15500        2.311388e-03        1.026957e+03
               15600        2.489575e-03        4.999593e+02
               15700        2.374739e-03        4.999593e+02
               15800        2.487454e-03        7.148594e+02
               15900        2.308745e-03        7.148594e+02
               16000        2.542031e-03        4.649403e+02
               16100        2.375241e-03        4.649403e+02
               16200        2.547403e-03        5.205194e+02
               16300        2.435030e-03        5.205194e+02
               16400        2.423044e-03        3.953923e+02
               16500        2.496880e-03        3.953923e+02
               16600        2.347403e-03        5.539305e+02
               16700        2.489420e-03        5.539305e+02
               16800        2.648711e-03        5.296315e+02
               16900        2.390762e-03        5.296315e+02
               17000        2.583924e-03        5.438606e+02
               17100        2.563464e-03        5.438606e+02
               17200        2.555143e-03        4.123481e+02
               17300        2.469391e-03        4.123481e+02
               17400        2.447850e-03        5.367822e+02
               17500        2.538176e-03        5.367822e+02
               17600        2.508335e-03        3.481731e+02
               17700        2.448449e-03        3.481731e+02
               17800        2.466903e-03        3.513516e+02
               17900        2.546856e-03        3.513516e+02
               18000        2.752006e-03        3.875814e+02
               18100        2.673884e-03        3.875814e+02
               18200        2.557507e-03        3.785595e+02
               18300        2.461093e-03        3.785595e+02
               18400        2.343570e-03        4.993810e+02
               18500        2.401308e-03        4.993810e+02
               18600        2.470052e-03        4.394060e+02
               18700        2.508746e-03        4.394060e+02
               18800        2.477918e-03        5.259471e+02
               18900        2.471728e-03        6.628954e+02
               19000        2.456817e-03        4.230936e+02
               19100        2.468323e-03        4.230936e+02
               19200        2.495609e-03        4.612366e+02
               19300        2.369345e-03        4.612366e+02
               19400        2.551985e-03        7.082623e+02
               19500        2.547179e-03        7.082623e+02
               19600        2.459021e-03        4.014019e+02
               19700        2.520327e-03        4.014019e+02
               19800        2.605986e-03        6.458844e+02
               19900        2.598248e-03        6.458844e+02
               20000        2.493916e-03        5.742173e+02
               20100        2.467227e-03        5.742173e+02
               20200        2.473146e-03        3.581616e+02
               20300        2.530888e-03        3.581616e+02
               20400        2.646820e-03        5.681916e+02
               20500        2.539118e-03        5.681916e+02
               20600        2.460828e-03        6.024371e+02
               20700        2.479471e-03        6.024371e+02
               20800        2.476094e-03        4.077569e+02
               20900        2.386029e-03        4.077569e+02
               21000        2.461539e-03        6.356105e+02
               21100        2.541061e-03        6.356105e+02
               21200        2.552550e-03        4.098667e+02
               21300        2.460564e-03        4.098667e+02
               21400        2.477445e-03        3.680525e+02
               21500        2.473011e-03        3.680525e+02
               21600        2.472598e-03        6.228122e+02
               21700        2.527637e-03        6.228122e+02
               21800        2.552554e-03        3.938497e+02
               21900        2.480501e-03        3.938497e+02
               22000        2.505080e-03        4.384246e+02
               22100        2.568079e-03        4.384246e+02
               22200        2.552301e-03        4.153508e+02
               22300        2.475477e-03        4.153508e+02
               22400        2.489776e-03        4.030266e+02
               22500        2.559914e-03        4.030287e+02
               22600        2.545862e-03        4.631364e+02
               22700        2.553328e-03        4.631364e+02
               22800        2.461959e-03        5.294090e+02
               22900        2.463184e-03        5.294090e+02
               23000        2.466453e-03        3.855483e+02
               23100        2.541277e-03        3.855483e+02
               23200        2.530878e-03        4.879992e+02
               23300        2.475715e-03        4.879992e+02
               23400        2.486884e-03        3.233118e+02
               23500        2.499521e-03        3.233118e+02
               23600        2.445122e-03        3.751467e+02
               23700        2.717775e-03        3.751467e+02
               23800        3.022622e-03        4.681467e+02
               23900        2.275785e-03        4.681467e+02
               24000        2.459361e-03        4.798040e+02
               24100        2.474440e-03        4.798040e+02
               24200        2.522294e-03        4.078951e+02
               24300        2.167261e-03        4.078951e+02
               24400        2.490212e-03        3.578041e+02
               24500        2.465039e-03        3.578041e+02
               24600        2.402048e-03        6.467596e+02
               24700        2.647521e-03        6.467596e+02
               24800        2.125711e-03        3.787886e+02
               24900        3.610389e-03        3.787886e+02
               25000        2.103032e-03        5.200882e+02
               25100        2.069228e-03        5.200882e+02
               25200        2.589271e-03        3.569703e+02
               25300        2.486965e-03        3.569703e+02
               25400        2.470200e-03        3.713992e+02
               25500        2.413920e-03        3.713992e+02
               25600        2.542511e-03        4.088979e+02
               25700        2.662043e-03        4.088979e+02
               25800        2.467755e-03        3.216048e+02
               25900        2.549093e-03        3.216048e+02
               26000        2.556502e-03        4.037919e+02
               26100        2.482890e-03        4.037919e+02
               26200        2.459683e-03        2.647977e+02
               26300        2.472525e-03        2.647977e+02
               26400        2.478625e-03        3.913771e+02
               26500        2.562269e-03        3.913771e+02
               26600        2.539370e-03        2.836533e+02
               26700        2.543050e-03        2.836533e+02
               26800        2.558621e-03        5.304272e+02
               26900        2.418128e-03        5.304272e+02
               27000        2.543202e-03        3.048674e+02
               27100        2.561712e-03        3.048674e+02
               27200        2.544440e-03        4.723581e+02
               27300        2.468066e-03        4.723581e+02
               27400        2.467872e-03        3.751683e+02
               27500        2.480474e-03        2.911952e+02
               27600        2.461211e-03        2.911952e+02
               27700        2.497081e-03        2.938183e+02
               27800        2.543054e-03        2.938183e+02
               27900        2.499346e-03        3.572549e+02
               28000        2.560083e-03        3.572549e+02
               28100        2.537673e-03        3.260999e+02
               28200        2.314664e-03        3.260999e+02
               28300        2.562525e-03        2.379914e+02
               28400        2.465166e-03        2.379914e+02
               28500        2.468986e-03        3.155153e+02
               28600        2.533198e-03        3.685057e+02
               28700        2.546652e-03        2.225341e+02
               28800        2.476225e-03        2.225341e+02
               28900        2.487305e-03        2.469486e+02
               29000        2.417734e-03        2.469486e+02
               29100        2.547560e-03        2.849076e+02
               29200        2.539915e-03        2.849076e+02
               29300        2.690699e-03        3.409435e+02
               29400        2.455948e-03        3.409435e+02
               29500        2.541007e-03        3.286603e+02
               29600        2.415726e-03        3.286603e+02
               29700        2.282872e-03        3.315024e+02
               29800        2.660607e-03        3.315024e+02
               29900        2.402822e-03        6.481655e+02
               30000        2.457657e-03        6.481655e+02
               30100        2.454597e-03        2.637024e+02
               30200        2.455820e-03        2.637024e+02
               30300        2.498979e-03        4.866000e+02
               30400        2.697073e-03        4.866000e+02
               30500        2.381205e-03        2.613854e+02
               30600        2.546449e-03        2.613854e+02
               30700        2.564052e-03        3.766164e+02
               30800        2.485534e-03        3.766164e+02
               30900        2.460281e-03        3.601181e+02
               31000        2.448211e-03        3.601181e+02
               31100        2.476040e-03        2.408106e+02
               31200        2.523644e-03        2.408106e+02
               31300        2.541801e-03        1.915197e+02
               31400        2.555847e-03        1.915197e+02
               31500        2.554921e-03        2.672216e+02
               31600        2.467069e-03        2.672216e+02
               31700        2.535496e-03        2.382022e+02
               31800        2.503166e-03        2.382022e+02
               31900        2.542829e-03        2.438566e+02
               32000        2.499591e-03        2.438566e+02
               32100        2.462449e-03        2.266203e+02
               32200        2.546019e-03        2.266203e+02
               32300        2.583691e-03        8.479669e+02
               32400        2.508523e-03        8.479669e+02
               32500        2.417521e-03        3.018426e+02
               32600        2.449663e-03        3.018426e+02
               32700        2.456098e-03        2.768629e+02
               32800        2.505098e-03        2.768629e+02
               32900        2.632804e-03        2.922824e+02
               33000        2.540480e-03        2.922824e+02
               33100        2.543798e-03        2.741846e+02
               33200        2.400274e-03        2.741846e+02
               33300        2.464401e-03        2.158502e+02
               33400        2.540041e-03        2.158502e+02
               33500        2.389735e-03        9.995954e+02
               33600        2.613471e-03        9.995954e+02
               33700        2.532861e-03        2.795722e+02
               33800        2.545543e-03        4.285727e+02
               33900        2.447066e-03        4.285727e+02
               34000        2.395510e-03        2.350892e+02
               34100        2.533065e-03        2.350892e+02
               34200        2.452382e-03        2.387874e+02
               34300        2.421836e-03        2.387874e+02
               34400        2.541278e-03        3.019431e+02
               34500        2.572617e-03        3.019431e+02
               34600        2.493941e-03        4.050575e+02
               34700        2.534518e-03        4.050575e+02
               34800        2.542993e-03        3.081481e+02
               34900        2.529527e-03        3.081481e+02
               35000        2.453554e-03        2.241560e+02
               35100        2.459127e-03        2.241560e+02
               35200        2.489369e-03        3.235319e+02
               35300        2.530331e-03        3.235319e+02
               35400        2.463212e-03        2.797380e+02
               35500        2.459003e-03        2.797380e+02
               35600        2.464834e-03        1.872295e+02
               35700        2.536254e-03        1.872295e+02
               35800        2.544442e-03        1.794107e+02
               35900        2.526295e-03        1.794107e+02
               36000        2.552032e-03        1.687659e+02
               36100        2.497958e-03        1.687659e+02
               36200        2.544815e-03        3.509370e+02
               36300        2.499167e-03        3.509370e+02
               36400        2.463356e-03        2.776691e+02
               36500        2.570503e-03        2.776691e+02
               36600        2.443347e-03        2.057907e+02
               36700        2.545509e-03        2.057907e+02
               36800        2.533124e-03        2.726139e+02
               36900        2.548750e-03        2.726139e+02
               37000        2.528223e-03        2.031347e+02
               37100        2.536336e-03        2.112028e+02
               37200        2.451014e-03        2.112028e+02
               37300        2.426079e-03        2.038282e+02
               37400        2.517605e-03        2.038282e+02
               37500        2.624573e-03        6.873597e+02
               37600        2.560079e-03        6.873597e+02
               37700        2.802166e-03        3.230676e+02
               37800        2.324985e-03        5.797573e+02
               37900        2.546732e-03        5.797573e+02
               38000        2.600248e-03        2.980292e+02
               38100        2.509452e-03        2.980292e+02
               38200        2.192391e-03        2.713887e+02
               38300        2.344239e-03        2.713887e+02
               38400        2.446360e-03        3.526640e+02
               38500        2.641436e-03        3.526640e+02
               38600        2.119881e-03        2.102737e+02
               38700        2.117148e-03        2.102737e+02
               38800        2.045570e-03        2.968690e+02
               38900        2.489167e-03        2.968690e+02
               39000        2.451838e-03        2.132525e+02
               39100        3.005298e-03        2.132525e+02
               39200        2.393459e-03        2.964492e+02
               39300        2.574685e-03        2.964492e+02
               39400        2.454997e-03        1.987976e+02
               39500        2.879084e-03        1.987976e+02
               39600        2.261284e-03        1.745663e+02
               39700        2.511485e-03        1.745663e+02
               39800        2.474601e-03        1.690365e+02
               39900        2.472093e-03        1.690365e+02
               40000        2.387914e-03        2.781039e+02
               40100        2.614477e-03        2.781039e+02
               40200        2.580242e-03        2.750530e+02
               40300        2.522625e-03        2.750530e+02
               40400        2.349295e-03        1.987292e+02
               40500        2.557868e-03        1.987292e+02
               40600        2.571291e-03        1.499513e+02
               40700        2.456782e-03        1.499513e+02
               40800        2.774422e-03        1.880614e+02
               40900        2.285891e-03        1.880614e+02
               41000        2.560819e-03        1.517979e+02
               41100        2.638466e-03        1.342448e+02
               41200        2.563541e-03        1.342448e+02
               41300        2.194938e-03        2.249078e+02
               41400        2.489924e-03        2.249078e+02
               41500        2.483305e-03        1.891291e+02
               41600        2.598230e-03        1.891291e+02
               41700        2.461836e-03        2.365948e+02
               41800        2.479107e-03        2.365948e+02
               41900        2.466548e-03        2.099989e+02
               42000        2.549520e-03        2.099989e+02
               42100        3.015723e-03        2.679131e+02
               42200        2.522981e-03        2.742567e+02
               42300        2.596497e-03        2.632705e+02
               42400        2.519064e-03        1.418484e+02
               42500        2.506148e-03        2.125187e+02
               42600        2.258050e-03        1.983283e+02
               42700        2.648791e-03        1.983283e+02
               42800        2.571854e-03        2.294901e+02
               42900        2.412281e-03        2.294901e+02
               43000        2.191065e-03        1.466507e+02
               43100        2.587274e-03        2.082422e+02
               43200        2.444721e-03        2.082422e+02
               43300        2.494165e-03        1.737823e+02
               43400        2.502353e-03        1.737823e+02
               43500        2.593265e-03        1.601612e+02
               43600        2.471999e-03        1.601612e+02
               43700        2.534598e-03        1.483852e+02
               43800        2.833567e-03        1.444228e+02
               43900        2.079166e-03        1.444228e+02
               44000        3.180723e-03        3.219697e+02
               44100        2.118614e-03        2.344613e+02
               44200        2.121086e-03        2.120629e+02
               44300        2.089030e-03        2.120629e+02
               44400        2.162138e-03        1.562210e+02
               44500        2.082541e-03        1.562210e+02
               44600        2.100336e-03        1.627986e+02
               44700        2.082013e-03        1.627986e+02
               44800        2.041551e-03        1.583587e+02
               44900        2.129969e-03        1.583587e+02
               45000        2.086485e-03        9.268302e+01
               45100        2.088903e-03        9.268302e+01
               45200        2.105869e-03        8.475789e+01
               45300        2.125715e-03        8.475789e+01
               45400        2.112757e-03        1.394450e+02
               45500        2.087399e-03        1.394450e+02
               45600        2.102366e-03        1.360966e+02
               45700        2.087834e-03        1.360966e+02
               45800        2.095095e-03        1.259601e+02
               45900        2.052416e-03        1.259601e+02
               46000        2.048590e-03        1.580195e+02
               46100        2.138971e-03        1.580195e+02
               46200        2.159795e-03        1.026384e+02
               46300        2.075654e-03        1.026384e+02
               46400        2.099046e-03        1.061242e+02
               46500        2.087683e-03        1.061242e+02
               46600        2.056036e-03        1.028845e+02
               46700        2.020178e-03        1.028845e+02
               46800        2.218506e-03        1.045723e+02
               46900        2.036690e-03        1.045723e+02
               47000        2.249533e-03        1.898247e+02
               47100        2.553164e-03        1.648235e+02
               47200        2.553427e-03        1.648235e+02
               47300        2.564866e-03        1.332290e+02
               47400        2.560010e-03        1.231194e+02
               47500        2.564301e-03        1.231194e+02
               47600        2.465793e-03        9.763093e+01
               47700        2.628095e-03        2.366538e+02
               47800        2.549992e-03        2.366538e+02
               47900        2.455427e-03        2.240187e+02
               48000        2.525850e-03        2.240187e+02
               48100        2.533744e-03        1.060223e+02
               48200        2.230968e-03        1.060223e+02
               48300        2.330576e-03        1.359990e+02
               48400        2.381895e-03        1.359990e+02
               48500        2.317453e-03        1.839196e+02
               48600        2.283819e-03        1.839196e+02
               48700        2.262432e-03        9.714149e+01
               48800        2.138895e-03        9.714149e+01
               48900        2.052576e-03        1.050557e+02
               49000        1.968927e-03        1.050557e+02
               49100        1.964554e-03        2.512990e+02
               49200        2.047192e-03        2.512990e+02
               49300        2.147775e-03        1.000798e+02
               49400        1.963915e-03        1.000798e+02
               49500        2.013314e-03        1.742099e+02
               49600        2.050708e-03        1.742099e+02
               49700        2.005806e-03        1.462313e+02
               49800        2.066426e-03        1.462313e+02
               49900        2.130041e-03        1.159493e+02
               50000        2.128515e-03        1.159493e+02
               50100        2.024044e-03        2.358195e+02
               50200        1.963583e-03        2.358195e+02
               50300        2.020336e-03        2.251916e+02
               50400        2.069642e-03        2.251916e+02
               50500        2.128722e-03        1.556850e+02
               50600        2.109210e-03        1.556850e+02
               50700        2.023036e-03        1.777838e+02
               50800        1.964128e-03        1.777838e+02
               50900        1.965350e-03        1.322757e+02
               51000        2.128184e-03        1.322757e+02
               51100        2.134840e-03        1.567247e+02
               51200        2.122744e-03        1.567247e+02
               51300        2.095359e-03        7.601555e+01
               51400        2.120820e-03        7.601555e+01
               51500        2.133575e-03        1.141663e+02
               51600        2.127575e-03        8.405426e+01
               51700        2.035949e-03        8.405426e+01
               51800        1.984697e-03        8.295020e+01
               51900        2.013976e-03        8.295020e+01
               52000        2.058964e-03        7.542016e+01
               52100        2.099803e-03        7.222367e+01
               52200        2.137904e-03        7.222367e+01
               52300        2.105344e-03        6.543834e+01
               52400        2.103007e-03        6.543834e+01
               52500        2.122887e-03        9.258188e+01
               52600        2.106521e-03        9.258188e+01
               52700        2.063545e-03        8.488625e+01
               52800        2.110698e-03        8.439968e+01
               52900        2.148481e-03        8.439968e+01
               53000        2.104039e-03        7.168350e+01
               53100        2.110504e-03        1.096335e+02
               53200        2.083407e-03        7.004614e+01
               53300        2.125745e-03        7.004614e+01
               53400        2.093318e-03        6.631404e+01
               53500        2.094894e-03        6.631404e+01
               53600        2.108341e-03        5.555537e+01
               53700        2.153831e-03        5.555537e+01
               53800        2.115144e-03        7.570689e+01
               53900        2.001079e-03        1.513971e+02
               54000        2.101561e-03        7.179246e+01
               54100        2.150845e-03        7.179246e+01
               54200        2.103512e-03        1.441535e+02
               54300        2.100152e-03        1.441535e+02
               54400        2.102792e-03        9.990471e+01
               54500        2.145092e-03        9.990471e+01
               54600        2.041212e-03        6.516555e+01
               54700        2.106343e-03        6.516555e+01
               54800        2.123293e-03        3.281134e+02
               54900        2.104149e-03        3.281134e+02
               55000        2.114194e-03        1.481082e+02
               55100        2.279412e-03        1.481082e+02
               55200        2.153276e-03        1.170996e+02
               55300        2.020113e-03        1.170996e+02
               55400        2.117010e-03        8.617338e+01
               55500        2.202215e-03        8.617338e+01
               55600        2.101558e-03        8.737969e+01
               55700        2.096167e-03        8.737969e+01
               55800        2.348326e-03        1.339738e+02
               55900        1.978646e-03        1.339738e+02
               56000        2.160937e-03        8.909513e+01
               56100        2.147295e-03        8.909513e+01
               56200        2.111846e-03        6.434074e+01
               56300        2.369433e-03        6.434074e+01
               56400        1.923282e-03        5.984513e+01
               56500        2.044964e-03        5.984513e+01
               56600        2.116235e-03        5.156433e+01
               56700        2.163128e-03        5.156433e+01
               56800        2.514804e-03        5.050836e+01
               56900        1.992004e-03        5.050836e+01
               57000        2.103835e-03        7.848690e+01
               57100        2.108881e-03        7.848690e+01
               57200        2.125146e-03        3.112237e+02
               57300        2.434704e-03        3.112237e+02
               57400        1.978790e-03        7.049870e+01
               57500        2.151432e-03        7.049870e+01
               57600        2.113779e-03        6.407454e+01
               57700        2.112550e-03        6.407454e+01
               57800        2.456478e-03        5.899305e+01
               57900        2.009361e-03        5.899305e+01
               58000        2.137124e-03        5.652137e+01
               58100        2.117015e-03        5.652137e+01
               58200        1.951994e-03        5.462838e+01
               58300        2.301706e-03        5.462838e+01
               58400        1.890918e-03        7.559456e+01
               58500        1.956062e-03        7.559456e+01
               58600        2.177554e-03        7.105023e+01
               58700        2.147525e-03        7.105023e+01
               58800        2.181637e-03        5.781122e+01
               58900        2.009085e-03        5.781122e+01
               59000        2.108688e-03        5.876300e+01
               59100        2.140996e-03        5.876300e+01
               59200        2.211570e-03        6.651015e+01
               59300        2.144570e-03        6.651015e+01
               59400        1.936553e-03        5.620606e+01
               59500        2.129411e-03        5.620606e+01
               59600        2.227806e-03        5.697261e+01
               59700        2.108471e-03        5.697261e+01
               59800        2.128494e-03        5.546331e+01
               59900        2.163182e-03        5.546331e+01
               60000        2.113992e-03        1.005835e+02
               60100        2.077873e-03        1.005835e+02
               60200        2.104363e-03        5.362091e+01
               60300        2.134893e-03        5.362091e+01
               60400        2.303003e-03        6.641921e+01
               60500        2.105871e-03        6.641921e+01
               60600        2.114504e-03        6.080404e+01
               60700        2.112414e-03        4.056568e+01
               60800        2.171464e-03        4.056568e+01
               60900        2.309189e-03        8.374835e+01
               61000        1.891034e-03        8.374835e+01
               61100        2.062884e-03        4.674256e+01
               61200        2.102463e-03        4.674256e+01
               61300        2.115773e-03        4.585862e+01
               61400        2.340446e-03        4.585862e+01
               61500        1.826275e-03        4.604647e+01
               61600        2.170692e-03        4.604647e+01
               61700        2.104576e-03        1.555201e+02
               61800        2.104187e-03        1.555201e+02
               61900        2.167785e-03        1.277385e+02
               62000        1.831328e-03        1.277385e+02
               62100        2.159051e-03        8.358760e+01
               62200        2.107470e-03        8.358760e+01
               62300        2.174820e-03        8.495566e+01
               62400        2.150365e-03        8.495566e+01
               62500        2.043611e-03        5.246991e+01
               62600        2.285015e-03        5.246991e+01
               62700        2.167365e-03        4.816420e+01
               62800        2.110684e-03        4.816420e+01
               62900        2.096365e-03        5.251268e+01
               63000        2.190017e-03        5.251268e+01
               63100        1.808561e-03        4.854804e+01
               63200        2.275081e-03        4.854804e+01
               63300        1.740791e-03        4.815382e+01
               63400        1.787987e-03        4.815382e+01
               63500        1.744685e-03        5.724062e+01
               63600        1.773925e-03        5.724062e+01
               63700        1.783168e-03        4.016588e+01
               63800        1.738698e-03        4.016588e+01
               63900        1.729860e-03        4.415995e+01
               64000        1.743564e-03        4.415995e+01
               64100        1.859146e-03        6.296672e+01
               64200        1.834495e-03        6.296672e+01
               64300        1.727709e-03        7.705226e+01
               64400        1.740617e-03        7.705226e+01
               64500        1.719633e-03        6.838917e+01
               64600        1.743573e-03        6.838917e+01
               64700        1.725179e-03        5.864915e+01
               64800        1.871706e-03        5.864915e+01
               64900        1.754180e-03        4.973210e+01
               65000        1.787247e-03        4.973210e+01
               65100        1.755980e-03        6.028844e+01
               65200        1.742836e-03        6.028844e+01
               65300        1.744340e-03        4.448158e+01
               65400        1.737149e-03        4.448158e+01
               65500        1.717081e-03        3.912030e+01
               65600        1.783188e-03        3.912030e+01
               65700        1.714078e-03        3.666235e+01
               65800        1.757944e-03        3.666235e+01
               65900        1.731039e-03        3.662494e+01
               66000        1.760191e-03        3.662494e+01
               66100        1.742162e-03        3.888902e+01
               66200        1.755320e-03        3.888902e+01
               66300        1.712176e-03        3.658406e+01
               66400        1.775529e-03        3.658406e+01
               66500        1.710170e-03        3.569596e+01
               66600        1.773722e-03        3.569596e+01
               66700        1.733516e-03        3.499480e+01
               66800        1.754495e-03        3.499480e+01
               66900        1.713257e-03        3.211395e+01
               67000        1.830588e-03        3.211395e+01
               67100        1.720107e-03        3.126287e+01
               67200        1.876383e-03        3.126287e+01
               67300        1.739547e-03        3.159592e+01
               67400        1.761409e-03        3.159592e+01
               67500        1.713273e-03        3.389090e+01
               67600        1.767360e-03        3.389090e+01
               67700        1.743252e-03        3.036943e+01
               67800        1.754014e-03        3.036943e+01
               67900        1.709882e-03        3.006828e+01
               68000        1.772702e-03        3.006828e+01
               68100        1.723976e-03        3.167246e+01
               68200        1.764548e-03        4.132483e+01
               68300        1.711035e-03        3.395321e+01
               68400        1.822120e-03        3.395321e+01
               68500        1.731503e-03        3.305097e+01
               68600        1.874048e-03        3.305097e+01
               68700        1.777684e-03        3.020816e+01
               68800        1.810087e-03        3.020816e+01
               68900        1.696495e-03        3.400425e+01
               69000        1.810086e-03        2.944213e+01
               69100        1.711787e-03        3.089649e+01
               69200        1.762071e-03        3.089649e+01
               69300        1.728934e-03        3.060045e+01
               69400        1.833900e-03        3.060045e+01
               69500        1.754193e-03        2.945094e+01
               69600        1.777081e-03        2.945094e+01
               69700        2.103939e-03        2.816247e+01
               69800        2.116106e-03        2.904613e+01
               69900        2.101825e-03        2.904613e+01
               70000        2.114369e-03        3.117969e+01
               70100        2.094317e-03        3.117969e+01
               70200        2.148166e-03        3.450403e+01
               70300        2.128318e-03        3.570358e+01
               70400        2.162545e-03        5.242490e+01
               70500        2.081045e-03        5.242490e+01
               70600        2.101106e-03        5.170858e+01
               70700        2.106966e-03        5.170858e+01
               70800        2.101416e-03        3.759155e+01
               70900        2.109180e-03        3.830186e+01
               71000        2.153484e-03        3.564340e+01
               71100        2.114913e-03        3.564340e+01
               71200        2.106099e-03        3.408314e+01
               71300        2.108099e-03        3.408314e+01
               71400        2.109630e-03        4.588437e+01
               71500        2.131437e-03        4.588437e+01
               71600        2.104424e-03        3.887832e+01
               71700        2.101370e-03        3.706585e+01
               71800        2.105805e-03        3.706585e+01
               71900        2.136229e-03        3.224954e+01
               72000        2.106561e-03        3.224954e+01
               72100        2.109279e-03        3.263203e+01
               72200        2.119175e-03        3.263203e+01
               72300        2.061293e-03        3.011558e+01
               72400        2.149245e-03        3.088729e+01
               72500        2.085865e-03        3.088729e+01
               72600        2.094113e-03        3.004538e+01
               72700        2.104043e-03        3.004538e+01
               72800        2.110054e-03        2.920004e+01
               72900        2.107243e-03        2.920004e+01
               73000        2.104644e-03        9.136153e+01
               73100        2.115334e-03        8.547129e+01
               73200        2.109789e-03        2.695995e+01
               73300        2.138611e-03        2.695995e+01
               73400        2.112236e-03        2.686470e+01
               73500        2.111030e-03        2.686470e+01
               73600        2.107675e-03        6.252566e+01
               73700        2.108512e-03        1.425337e+02
               73800        2.104457e-03        3.514380e+01
               73900        2.117310e-03        3.514380e+01
               74000        2.122101e-03        2.555474e+01
               74100        2.105480e-03        2.555474e+01
               74200        2.128597e-03        2.475292e+01
               74300        2.101017e-03        2.475292e+01
               74400        2.108614e-03        3.011573e+01
               74500        2.104104e-03        2.554567e+01
               74600        2.201607e-03        2.162513e+01
               74700        2.198360e-03        2.162513e+01
               74800        2.101164e-03        2.613249e+01
               74900        2.089636e-03        2.613249e+01
               75000        2.104071e-03        2.158582e+01
               75100        2.104025e-03        2.660737e+01
               75200        2.093144e-03        1.903471e+01
               75300        2.112531e-03        1.903471e+01
               75400        2.114214e-03        4.841289e+01
               75500        2.101635e-03        4.841289e+01
               75600        2.104276e-03        2.253081e+01
               75700        2.107893e-03        1.907541e+01
               75800        2.152612e-03        1.832752e+01
               75900        2.105630e-03        1.832752e+01
               76000        2.110242e-03        2.416845e+01
               76100        2.101774e-03        2.369199e+01
               76200        2.097328e-03        7.346039e+01
               76300        2.113534e-03        2.263023e+01
               76400        2.096436e-03        2.263023e+01
               76500        2.116388e-03        2.021429e+01
               76600        2.320213e-03        2.021429e+01
               76700        2.039197e-03        1.775792e+01
               76800        2.076737e-03        1.775792e+01
               76900        2.095342e-03        1.628651e+01
               77000        2.112082e-03        1.544158e+01
               77100        2.127833e-03        1.452640e+01
               77200        2.142065e-03        1.452640e+01
               77300        2.115015e-03        1.402352e+01
               77400        2.108122e-03        1.402352e+01
               77500        2.111226e-03        1.482663e+01
               77600        2.112643e-03        1.459313e+01
               77700        2.427966e-03        1.459313e+01
               77800        1.932464e-03        1.459161e+01
               77900        2.109803e-03        1.344492e+01
               78000        2.119134e-03        1.418632e+01
               78100        2.086475e-03        1.257199e+01
               78200        2.364232e-03        1.321512e+01
               78300        1.838929e-03        2.817102e+02
               78400        2.119973e-03        6.736572e+01
               78500        2.083446e-03        2.323019e+01
               78600        2.145184e-03        1.701275e+01
               78700        2.236613e-03        2.051087e+01
               78800        1.871537e-03        1.785793e+01
               78900        2.104540e-03        1.708720e+01
               79000        2.106038e-03        1.574873e+01
               79100        2.102661e-03        1.476728e+01
               79200        2.118080e-03        1.428845e+01
               79300        1.971484e-03        4.504240e+01
               79400        2.101487e-03        1.824852e+01
               79500        2.158607e-03        1.193504e+01
               79600        2.123122e-03        1.193132e+01
               79700        2.128473e-03        1.718466e+01
               79800        2.401539e-03        1.283226e+01
               79900        2.066290e-03        1.178285e+01
               80000        2.121021e-03        1.110685e+01
               80100        2.097364e-03        1.073237e+01
               80200        2.192720e-03        1.766648e+01
               80300        2.376269e-03        1.071439e+01
               80400        2.043719e-03        9.950595e+00
               80500        2.103529e-03        9.955487e+00
               80600        2.183168e-03        1.005496e+01
               80700        2.118065e-03        9.412219e+00
               80800        2.435168e-03        9.715127e+00
               80900        1.907882e-03        9.715127e+00
               81000        2.230461e-03        9.521943e+00
               81100        2.123221e-03        9.521943e+00
               81200        2.128328e-03        9.592879e+00
               81300        2.181912e-03        9.592879e+00
               81400        1.932076e-03        1.002334e+01
               81500        2.116175e-03        1.002334e+01
               81600        2.150706e-03        9.146838e+00
               81700        2.183281e-03        9.049104e+00
               81800        2.156711e-03        9.049104e+00
               81900        1.934883e-03        9.370048e+00
               82000        2.228828e-03        9.370048e+00
               82100        2.140586e-03        9.201215e+00
               82200        2.183332e-03        9.201215e+00
               82300        2.114220e-03        8.854210e+00
               82400        2.065116e-03        8.854210e+00
               82500        2.109946e-03        9.046315e+00
               82600        2.179903e-03        9.046315e+00
               82700        2.114374e-03        8.723740e+00
               82800        2.118285e-03        8.723740e+00
               82900        2.274605e-03        8.674302e+00
               83000        2.082752e-03        9.012579e+00
               83100        2.115855e-03        9.012579e+00
               83200        2.115422e-03        9.135799e+00
               83300        2.118970e-03        9.135799e+00
               83400        2.325837e-03        8.905316e+00
               83500        2.077652e-03        8.905316e+00
               83600        2.120065e-03        8.831975e+00
               83700        2.110814e-03        8.831975e+00
               83800        2.156316e-03        1.067036e+01
               83900        2.407509e-03        1.067036e+01
               84000        2.471517e-03        1.059702e+01
               84100        2.144416e-03        1.059702e+01
               84200        2.171243e-03        8.510379e+00
               84300        2.166197e-03        8.510379e+00
               84400        2.155338e-03        8.375394e+00
               84500        2.299010e-03        8.375394e+00
               84600        2.072666e-03        9.098022e+00
               84700        2.215233e-03        9.098022e+00
               84800        2.215733e-03        9.396699e+00
               84900        2.283563e-03        9.396699e+00
               85000        2.290795e-03        8.930937e+00
               85100        2.224390e-03        9.492610e+00
               85200        2.355328e-03        9.492610e+00
               85300        2.331392e-03        1.069315e+01
               85400        2.340331e-03        1.069315e+01
               85500        2.041915e-03        9.912251e+00
               85600        2.024153e-03        9.912251e+00
               85700        2.404459e-03        8.252703e+00
               85800        2.430787e-03        8.252703e+00
               85900        2.646382e-03        8.122007e+00
               86000        2.161155e-03        8.122007e+00
               86100        2.482358e-03        8.014477e+00
               86200        2.495589e-03        8.014477e+00
               86300        2.490895e-03        8.037387e+00
               86400        2.142685e-03        8.037387e+00
               86500        2.554666e-03        7.839134e+00
               86600        2.574800e-03        7.839134e+00
               86700        2.561302e-03        7.780248e+00
               86800        2.247297e-03        7.780248e+00
               86900        2.590066e-03        7.689847e+00
               87000        2.577936e-03        7.689847e+00
               87100        2.563880e-03        8.265879e+00
               87200        2.916012e-03        8.265879e+00
               87300        2.443851e-03        8.002640e+00
               87400        2.660317e-03        8.002640e+00
               87500        2.650334e-03        9.552463e+00
               87600        2.850376e-03        9.552463e+00
               87700        2.274641e-03        8.352990e+00
               87800        2.647365e-03        8.352990e+00
               87900        2.631160e-03        7.760530e+00
               88000        2.644062e-03        7.760530e+00
               88100        2.228094e-03        7.883745e+00
               88200        2.655124e-03        7.883745e+00
               88300        2.663883e-03        7.962226e+00
               88400        2.641809e-03        7.962226e+00
               88500        2.216078e-03        8.578952e+00
               88600        2.609928e-03        8.578952e+00
               88700        2.615754e-03        7.698354e+00
               88800        2.622283e-03        7.698354e+00
               88900        2.204457e-03        7.713234e+00
               89000        2.660844e-03        7.713234e+00
               89100        2.687430e-03        7.828178e+00
               89200        2.622421e-03        7.828178e+00
               89300        2.518839e-03        8.009541e+00
               89400        2.604914e-03        8.009541e+00
               89500        2.717908e-03        7.888819e+00
               89600        2.618272e-03        7.888819e+00
               89700        2.752693e-03        7.883088e+00
               89800        2.539730e-03        7.883088e+00
               89900        2.795149e-03        7.507542e+00
               90000        2.628818e-03        7.507542e+00
               90100        2.760419e-03        7.643291e+00
               90200        2.513911e-03        7.643291e+00
               90300        2.742620e-03        7.418754e+00
               90400        2.737802e-03        7.418754e+00
               90500        2.726035e-03        7.404165e+00
               90600        2.575769e-03        7.404165e+00
               90700        2.735568e-03        7.418913e+00
               90800        2.695378e-03        7.418913e+00
               90900        2.776325e-03        7.479532e+00
               91000        2.629085e-03        7.479532e+00
               91100        2.906678e-03        7.577092e+00
               91200        2.722156e-03        7.577092e+00
               91300        2.618543e-03        7.923904e+00
               91400        2.641135e-03        7.923904e+00
               91500        2.598071e-03        8.018104e+00
               91600        2.571820e-03        8.018104e+00
               91700        2.611661e-03        9.528991e+00
               91800        2.571739e-03        9.528991e+00
               91900        2.651520e-03        9.046113e+00
               92000        2.681690e-03        9.046113e+00
               92100        2.915584e-03        8.387665e+00
               92200        2.458330e-03        8.387665e+00
               92300        2.597597e-03        8.930492e+00
               92400        2.605962e-03        8.930492e+00
               92500        3.081765e-03        9.053441e+00
               92600        2.457974e-03        9.053441e+00
               92700        2.715126e-03        8.487606e+00
               92800        2.730603e-03        8.487606e+00
               92900        3.121817e-03        7.327567e+00
               93000        2.472654e-03        7.327567e+00
               93100        2.598504e-03        7.237758e+00
               93200        2.620044e-03        7.237758e+00
               93300        2.890416e-03        7.281313e+00
               93400        2.273508e-03        7.281313e+00
               93500        2.195087e-03        8.023549e+00
               93600        2.194548e-03        8.023549e+00
               93700        3.732702e-03        8.070540e+00
               93800        2.231561e-03        8.070540e+00
               93900        2.129210e-03        7.955008e+00
               94000        2.138331e-03        7.955008e+00
               94100        2.129774e-03        8.434189e+00
               94200        2.140182e-03        8.434189e+00
               94300        2.058989e-03        7.493689e+00
               94400        3.072617e-03        7.493689e+00
               94500        2.078399e-03        7.430837e+00
               94600        2.058836e-03        7.430837e+00
               94700        2.056427e-03        8.174695e+00
               94800        3.490155e-03        8.174695e+00
               94900        2.009795e-03        7.847361e+00
               95000        2.002905e-03        7.847361e+00
               95100        1.994175e-03        7.376108e+00
               95200        3.340962e-03        7.376108e+00
               95300        2.017504e-03        7.846115e+00
               95400        1.935541e-03        7.846115e+00
               95500        1.926603e-03        7.202304e+00
               95600        2.990355e-03        7.202304e+00
               95700        1.938111e-03        7.203683e+00
               95800        1.928358e-03        7.203683e+00
               95900        1.929768e-03        7.281510e+00
               96000        3.214097e-03        7.281510e+00
               96100        1.952995e-03        7.467231e+00
               96200        1.941277e-03        7.467231e+00
               96300        1.925268e-03        7.226340e+00
               96400        2.995165e-03        7.226340e+00
               96500        1.956554e-03        7.072939e+00
               96600        1.887341e-03        7.072939e+00
               96700        1.874138e-03        6.929531e+00
               96800        2.421056e-03        6.929531e+00
               96900        1.932276e-03        6.957503e+00
               97000        1.871352e-03        8.040419e+00
               97100        1.873652e-03        8.040419e+00
               97200        1.996242e-03        6.953599e+00
               97300        1.931667e-03        6.953599e+00
               97400        1.887244e-03        7.029073e+00
               97500        1.874334e-03        7.029073e+00
               97600        1.822377e-03        6.866146e+00
               97700        1.926532e-03        6.866146e+00
               97800        1.892102e-03        7.647819e+00
               97900        1.816895e-03        7.996700e+00
               98000        1.823818e-03        7.114780e+00
               98100        2.267402e-03        7.114780e+00
               98200        1.850423e-03        7.303353e+00
               98300        1.823266e-03        7.303353e+00
               98400        1.817132e-03        7.174744e+00
               98500        3.078562e-03        7.174744e+00
               98600        1.887353e-03        6.916677e+00
               98700        1.843187e-03        6.874167e+00
               98800        1.831014e-03        7.027853e+00
               98900        2.481258e-03        7.027853e+00
               99000        1.868484e-03        6.959858e+00
               99100        1.853670e-03        6.959858e+00
               99200        1.824142e-03        7.107456e+00
               99300        1.821907e-03        7.107456e+00
               99400        1.836389e-03        6.968847e+00
               99500        1.857850e-03        6.818073e+00
               99600        1.824351e-03        6.761465e+00
               99700        1.818549e-03        6.761465e+00
               99800        2.856562e-03        6.894025e+00
               99900        1.853778e-03        6.894025e+00
              100000        1.839226e-03        6.965872e+00
