Period: 100
               Epoch           Time cost                Loss
                 100        3.868976e-03        2.057880e+04
                 200        2.235567e-03        2.057880e+04
                 300        3.134520e-03        2.057880e+04
                 400        2.206978e-03        2.057880e+04
                 500        3.216194e-03        1.230676e+04
                 600        2.225655e-03        1.230676e+04
                 700        2.289442e-03        7.281233e+03
                 800        2.209999e-03        7.281233e+03
                 900        3.090758e-03        9.660708e+03
                1000        2.248576e-03        6.526863e+03
                1100        2.142226e-03        9.697137e+03
                1200        3.259258e-03        9.697137e+03
                1300        2.138807e-03        9.697137e+03
                1400        2.303313e-03        9.697137e+03
                1500        2.357765e-03        8.735472e+03
                1600        2.427545e-03        6.382305e+03
                1700        2.104082e-03        6.382305e+03
                1800        2.243352e-03        1.090506e+04
                1900        2.505575e-03        1.090506e+04
                2000        2.184719e-03        6.134782e+03
                2100        2.949558e-03        1.095769e+04
                2200        4.416390e-03        6.838103e+03
                2300        3.032131e-03        7.014938e+03
                2400        3.639077e-03        8.787481e+03
                2500        3.923722e-03        1.197037e+04
                2600        2.723719e-03        8.345832e+03
                2700        2.437635e-03        7.885602e+03
                2800        3.712519e-03        6.483331e+03
                2900        2.421035e-03        6.483331e+03
                3000        3.524641e-03        6.867725e+03
                3100        2.466468e-03        6.665942e+03
                3200        3.635505e-03        6.467434e+03
                3300        2.473098e-03        7.289171e+03
                3400        3.797428e-03        7.289171e+03
                3500        3.004107e-03        7.829788e+03
                3600        2.830279e-03        5.630947e+03
                3700        3.652757e-03        7.999422e+03
                3800        2.530099e-03        7.999422e+03
                3900        2.113518e-03        1.076457e+04
                4000        2.253863e-03        5.234868e+03
                4100        3.396956e-03        5.567875e+03
                4200        4.055862e-03        4.809567e+03
                4300        2.099879e-03        6.060837e+03
                4400        2.123570e-03        6.216732e+03
                4500        3.584378e-03        5.991425e+03
                4600        3.957776e-03        6.240185e+03
                4700        2.141075e-03        6.240185e+03
                4800        2.156908e-03        7.388830e+03
                4900        2.458625e-03        5.839458e+03
                5000        3.765203e-03        7.388830e+03
                5100        2.143599e-03        7.416723e+03
                5200        3.170586e-03        7.601957e+03
                5300        2.671118e-03        7.601957e+03
                5400        3.606389e-03        7.465999e+03
                5500        2.125697e-03        7.549847e+03
                5600        4.255127e-03        6.070213e+03
                5700        2.645677e-03        5.754664e+03
                5800        2.250917e-03        6.452855e+03
                5900        2.749798e-03        8.182657e+03
                6000        2.154799e-03        8.182657e+03
                6100        2.754917e-03        4.949240e+03
                6200        2.175677e-03        5.973205e+03
                6300        2.983515e-03        6.414870e+03
                6400        2.225458e-03        6.414870e+03
                6500        2.828161e-03        5.697580e+03
                6600        2.157434e-03        1.244102e+04
                6700        2.635276e-03        5.996864e+03
                6800        2.938290e-03        6.964236e+03
                6900        2.928550e-03        6.917690e+03
                7000        2.392417e-03        6.917690e+03
                7100        2.765953e-03        7.560659e+03
                7200        2.187462e-03        8.305462e+03
                7300        2.806089e-03        8.305462e+03
                7400        2.220647e-03        6.645733e+03
                7500        2.795375e-03        8.314739e+03
                7600        2.253927e-03        8.314739e+03
                7700        2.779449e-03        6.940199e+03
                7800        2.213134e-03        4.894182e+03
                7900        2.920382e-03        1.634262e+04
                8000        2.263632e-03        4.112790e+03
                8100        3.351861e-03        4.112790e+03
                8200        4.287194e-03        5.093261e+03
                8300        3.078740e-03        5.093261e+03
                8400        2.522296e-03        5.091641e+03
                8500        2.927161e-03        5.398386e+03
                8600        2.197251e-03        7.357530e+03
                8700        2.915340e-03        5.595225e+03
                8800        2.199664e-03        7.983080e+03
                8900        2.699190e-03        5.008042e+03
                9000        2.270281e-03        4.683000e+03
                9100        2.824290e-03        4.174287e+03
                9200        2.432378e-03        4.174287e+03
                9300        2.870146e-03        6.041242e+03
                9400        2.323514e-03        4.708693e+03
                9500        2.993540e-03        4.708693e+03
                9600        2.493263e-03        5.690101e+03
                9700        2.823159e-03        4.829938e+03
                9800        2.929892e-03        4.577868e+03
                9900        2.945459e-03        4.577868e+03
               10000        2.971920e-03        4.577868e+03
               10100        3.129838e-03        6.564263e+03
               10200        2.787139e-03        5.161561e+03
               10300        3.230426e-03        5.560021e+03
               10400        3.456294e-03        4.604716e+03
               10500        4.248430e-03        4.813738e+03
               10600        2.439258e-03        6.397874e+03
               10700        2.775168e-03        4.251278e+03
               10800        2.681782e-03        8.013581e+03
               10900        2.811185e-03        8.013581e+03
               11000        2.480976e-03        8.013581e+03
               11100        2.607761e-03        5.270782e+03
               11200        2.605306e-03        5.126566e+03
               11300        2.422214e-03        5.761784e+03
               11400        2.524701e-03        5.757333e+03
               11500        2.677251e-03        5.427117e+03
               11600        2.423127e-03        5.427117e+03
               11700        2.753884e-03        5.427117e+03
               11800        2.757564e-03        5.809647e+03
               11900        2.697422e-03        5.809647e+03
               12000        2.785585e-03        5.809647e+03
               12100        2.776078e-03        6.383165e+03
               12200        2.529456e-03        6.383165e+03
               12300        2.794078e-03        6.383165e+03
               12400        2.827944e-03        6.383165e+03
               12500        2.669170e-03        5.034342e+03
               12600        2.471023e-03        5.034342e+03
               12700        2.683936e-03        5.034342e+03
               12800        2.714977e-03        5.323360e+03
               12900        2.718085e-03        5.323360e+03
               13000        2.665902e-03        5.348366e+03
               13100        2.692158e-03        5.348366e+03
               13200        3.833103e-03        5.348366e+03
               13300        5.010796e-03        5.348366e+03
               13400        2.464413e-03        4.872037e+03
               13500        2.445615e-03        4.872037e+03
               13600        2.764098e-03        4.346941e+03
               13700        2.660208e-03        4.311262e+03
               13800        2.693427e-03        4.311262e+03
               13900        2.667420e-03        5.269956e+03
               14000        2.834303e-03        5.269956e+03
               14100        2.694888e-03        6.667608e+03
               14200        2.788840e-03        6.667608e+03
               14300        2.803323e-03        4.319877e+03
               14400        2.591132e-03        6.800938e+03
               14500        2.678444e-03        4.748505e+03
               14600        2.827957e-03        4.748505e+03
               14700        2.668677e-03        4.087900e+03
               14800        2.347451e-03        6.051139e+03
               14900        2.609181e-03        4.120325e+03
               15000        2.617426e-03        4.120325e+03
               15100        2.734555e-03        4.862940e+03
               15200        2.730232e-03        4.055226e+03
               15300        2.714790e-03        4.737509e+03
               15400        2.692350e-03        4.737509e+03
               15500        2.680434e-03        4.124790e+03
               15600        2.665664e-03        3.566851e+03
               15700        2.834540e-03        3.566851e+03
               15800        2.682536e-03        5.161824e+03
               15900        2.689004e-03        4.637898e+03
               16000        2.406716e-03        4.637898e+03
               16100        2.512652e-03        4.814849e+03
               16200        2.659988e-03        4.814849e+03
               16300        2.760333e-03        5.533038e+03
               16400        3.101265e-03        5.533038e+03
               16500        2.362274e-03        6.837483e+03
               16600        2.800690e-03        6.837483e+03
               16700        2.676107e-03        9.975197e+03
               16800        2.491010e-03        4.749611e+03
               16900        2.512701e-03        5.451454e+03
               17000        2.586638e-03        5.451454e+03
               17100        2.622906e-03        8.634180e+03
               17200        2.767760e-03        4.759176e+03
               17300        2.541840e-03        7.614189e+03
               17400        3.205323e-03        7.614189e+03
               17500        3.805909e-03        4.733444e+03
               17600        2.577589e-03        3.810153e+03
               17700        2.375611e-03        4.133448e+03
               17800        2.653623e-03        3.779633e+03
               17900        2.757183e-03        3.588672e+03
               18000        2.554334e-03        4.786975e+03
               18100        2.725210e-03        4.786975e+03
               18200        2.895332e-03        5.191925e+03
               18300        2.653542e-03        5.191925e+03
               18400        2.771659e-03        5.610889e+03
               18500        2.716235e-03        5.610889e+03
               18600        2.707225e-03        8.041376e+03
               18700        2.631311e-03        7.028470e+03
               18800        2.778454e-03        5.426939e+03
               18900        2.795423e-03        5.426939e+03
               19000        2.681643e-03        4.801059e+03
               19100        3.116866e-03        4.801059e+03
               19200        2.762164e-03        4.051970e+03
               19300        2.494316e-03        5.087536e+03
               19400        2.662649e-03        5.735015e+03
               19500        2.648783e-03        5.735015e+03
               19600        2.658096e-03        4.262734e+03
               19700        2.723375e-03        4.262734e+03
               19800        2.426829e-03        4.832346e+03
               19900        2.737008e-03        3.691530e+03
               20000        2.531320e-03        3.691530e+03
               20100        2.821989e-03        5.609113e+03
               20200        2.688025e-03        3.667942e+03
               20300        2.642905e-03        3.667942e+03
               20400        2.978416e-03        6.462614e+03
               20500        2.853829e-03        5.243219e+03
               20600        2.605777e-03        5.326531e+03
               20700        2.880767e-03        5.326531e+03
               20800        2.695748e-03        6.353376e+03
               20900        2.718042e-03        3.580935e+03
               21000        2.510877e-03        4.530898e+03
               21100        2.683236e-03        3.784075e+03
               21200        2.792485e-03        3.784075e+03
               21300        2.591300e-03        7.312335e+03
               21400        2.806572e-03        7.312335e+03
               21500        2.831415e-03        5.233433e+03
               21600        2.863241e-03        5.152320e+03
               21700        2.550401e-03        3.604905e+03
               21800        2.685405e-03        3.595145e+03
               21900        2.673758e-03        4.683786e+03
               22000        2.872226e-03        6.234894e+03
               22100        3.249902e-03        3.713255e+03
               22200        3.501067e-03        4.387851e+03
               22300        2.724894e-03        4.387851e+03
               22400        2.768292e-03        4.010378e+03
               22500        2.784834e-03        4.313262e+03
               22600        2.500953e-03        4.313262e+03
               22700        2.694192e-03        5.736123e+03
               22800        2.501613e-03        5.736123e+03
               22900        2.648874e-03        3.309601e+03
               23000        2.728313e-03        3.309601e+03
               23100        2.455470e-03        3.663254e+03
               23200        2.752743e-03        3.663254e+03
               23300        2.841750e-03        6.353032e+03
               23400        2.362940e-03        4.103854e+03
               23500        2.554836e-03        4.103854e+03
               23600        2.639919e-03        8.013811e+03
               23700        2.619128e-03        4.473726e+03
               23800        2.626426e-03        4.217712e+03
               23900        2.503713e-03        3.987753e+03
               24000        2.696680e-03        4.461771e+03
               24100        2.718011e-03        3.487961e+03
               24200        2.760045e-03        3.378929e+03
               24300        2.797223e-03        3.603952e+03
               24400        2.552556e-03        6.338995e+03
               24500        2.686515e-03        4.236268e+03
               24600        2.645917e-03        3.930936e+03
               24700        2.755583e-03        3.930936e+03
               24800        2.542492e-03        4.114202e+03
               24900        4.527443e-03        8.729624e+03
               25000        3.384028e-03        4.408359e+03
               25100        3.087614e-03        5.725496e+03
               25200        2.931713e-03        5.725496e+03
               25300        2.777770e-03        5.472780e+03
               25400        2.689305e-03        4.561693e+03
               25500        2.244669e-03        4.611744e+03
               25600        2.276772e-03        3.741687e+03
               25700        2.726794e-03        4.504554e+03
               25800        2.329111e-03        4.504554e+03
               25900        2.403207e-03        5.336577e+03
               26000        2.670096e-03        5.991666e+03
               26100        2.227304e-03        5.991666e+03
               26200        2.308193e-03        4.313959e+03
               26300        2.683343e-03        4.011124e+03
               26400        2.719298e-03        3.602046e+03
               26500        2.286590e-03        3.602046e+03
               26600        2.537414e-03        5.934492e+03
               26700        2.315225e-03        5.934492e+03
               26800        2.254182e-03        3.770571e+03
               26900        2.652929e-03        3.770571e+03
               27000        2.308347e-03        5.022943e+03
               27100        2.354377e-03        4.561484e+03
               27200        2.248502e-03        4.358749e+03
               27300        2.801386e-03        4.358749e+03
               27400        2.315178e-03        3.590755e+03
               27500        2.776558e-03        3.590755e+03
               27600        2.323286e-03        2.959216e+03
               27700        2.871867e-03        2.959216e+03
               27800        2.219987e-03        3.880727e+03
               27900        2.703866e-03        3.880727e+03
               28000        2.261379e-03        3.806015e+03
               28100        2.811895e-03        4.582153e+03
               28200        2.350228e-03        3.981064e+03
               28300        2.967913e-03        3.981064e+03
               28400        2.218015e-03        3.437388e+03
               28500        3.364172e-03        3.437388e+03
               28600        3.918143e-03        3.884616e+03
               28700        3.837143e-03        4.101432e+03
               28800        2.384880e-03        3.468339e+03
               28900        2.603145e-03        4.206157e+03
               29000        2.821644e-03        4.206157e+03
               29100        2.640997e-03        4.282923e+03
               29200        2.648470e-03        3.832496e+03
               29300        2.939996e-03        2.907014e+03
               29400        2.895978e-03        2.907014e+03
               29500        2.677966e-03        4.000513e+03
               29600        2.229366e-03        4.000513e+03
               29700        2.900491e-03        3.293261e+03
               29800        2.265166e-03        3.203362e+03
               29900        3.160635e-03        4.027792e+03
               30000        2.381107e-03        3.490811e+03
               30100        2.981184e-03        3.708958e+03
               30200        2.284839e-03        4.595771e+03
               30300        2.822362e-03        4.864002e+03
               30400        2.331068e-03        4.864002e+03
               30500        2.787608e-03        3.747536e+03
               30600        2.250813e-03        3.747536e+03
               30700        2.811032e-03        3.946936e+03
               30800        2.434158e-03        3.745646e+03
               30900        3.096490e-03        4.651339e+03
               31000        3.847396e-03        4.984800e+03
               31100        3.117928e-03        5.378944e+03
               31200        2.518483e-03        3.205326e+03
               31300        2.663120e-03        3.205326e+03
               31400        2.758906e-03        4.649788e+03
               31500        2.385121e-03        3.204505e+03
               31600        2.845461e-03        3.204505e+03
               31700        2.667464e-03        3.697058e+03
               31800        2.879682e-03        3.697058e+03
               31900        2.652193e-03        4.958159e+03
               32000        2.613724e-03        4.202205e+03
               32100        2.695231e-03        4.345387e+03
               32200        2.640800e-03        3.976158e+03
               32300        2.643622e-03        3.976158e+03
               32400        2.631321e-03        3.507687e+03
               32500        2.710553e-03        3.507687e+03
               32600        2.770370e-03        4.354790e+03
               32700        2.771350e-03        3.593136e+03
               32800        2.527244e-03        3.593136e+03
               32900        2.635550e-03        3.662502e+03
               33000        2.711117e-03        3.662502e+03
               33100        2.940667e-03        3.425528e+03
               33200        2.742212e-03        4.372497e+03
               33300        2.865020e-03        4.029776e+03
               33400        2.664157e-03        3.007737e+03
               33500        2.574199e-03        3.590607e+03
               33600        2.571925e-03        3.641262e+03
               33700        2.823020e-03        3.278451e+03
               33800        3.316325e-03        3.177986e+03
               33900        3.282479e-03        3.177986e+03
               34000        3.445273e-03        3.459469e+03
               34100        2.371788e-03        3.522802e+03
               34200        2.852525e-03        5.282420e+03
               34300        2.822574e-03        4.355109e+03
               34400        2.624010e-03        3.484433e+03
               34500        2.645258e-03        3.100401e+03
               34600        2.657614e-03        3.954527e+03
               34700        2.692598e-03        3.231640e+03
               34800        2.950898e-03        5.692460e+03
               34900        2.654451e-03        4.374587e+03
               35000        2.550369e-03        4.247345e+03
               35100        3.058463e-03        3.494398e+03
               35200        2.549507e-03        4.160919e+03
               35300        3.088673e-03        4.032272e+03
               35400        2.699640e-03        4.351819e+03
               35500        2.754490e-03        4.001776e+03
               35600        2.665097e-03        4.001776e+03
               35700        2.698708e-03        3.547684e+03
               35800        2.584774e-03        3.497060e+03
               35900        2.925947e-03        3.490950e+03
               36000        2.665980e-03        3.512834e+03
               36100        2.557405e-03        3.512834e+03
               36200        2.558478e-03        3.976259e+03
               36300        2.768280e-03        4.085270e+03
               36400        2.886993e-03        4.429273e+03
               36500        2.728330e-03        3.542131e+03
               36600        3.660264e-03        3.323729e+03
               36700        3.893591e-03        4.482818e+03
               36800        3.377972e-03        3.749816e+03
               36900        2.458641e-03        3.274627e+03
               37000        2.777309e-03        3.274627e+03
               37100        2.477867e-03        3.999443e+03
               37200        2.306444e-03        2.886236e+03
               37300        2.319122e-03        3.243416e+03
               37400        2.592655e-03        3.214743e+03
               37500        2.410817e-03        3.735940e+03
               37600        2.482470e-03        3.735940e+03
               37700        2.649924e-03        3.482269e+03
               37800        2.268000e-03        3.635739e+03
               37900        2.550786e-03        3.442911e+03
               38000        2.479075e-03        3.442911e+03
               38100        2.929474e-03        2.891341e+03
               38200        2.238614e-03        3.486703e+03
               38300        2.755573e-03        3.168875e+03
               38400        2.584899e-03        3.168875e+03
               38500        2.867950e-03        2.878995e+03
               38600        2.793410e-03        2.878995e+03
               38700        2.984526e-03        3.739823e+03
               38800        2.837040e-03        3.739823e+03
               38900        2.848692e-03        3.554079e+03
               39000        2.863134e-03        3.542614e+03
               39100        3.284022e-03        3.218555e+03
               39200        3.307096e-03        3.641333e+03
               39300        4.227945e-03        3.681120e+03
               39400        3.340472e-03        3.681120e+03
               39500        4.051169e-03        3.763221e+03
               39600        3.494805e-03        2.631386e+03
               39700        2.490512e-03        2.631386e+03
               39800        2.604576e-03        3.575705e+03
               39900        2.720585e-03        4.311051e+03
               40000        2.618048e-03        4.311051e+03
               40100        2.798991e-03        3.506397e+03
               40200        2.570719e-03        2.810065e+03
               40300        2.897328e-03        2.810065e+03
               40400        2.530489e-03        3.303485e+03
               40500        2.592838e-03        2.953941e+03
               40600        2.655286e-03        2.969416e+03
               40700        3.024910e-03        3.760284e+03
               40800        2.634163e-03        3.320568e+03
               40900        2.722823e-03        4.412870e+03
               41000        2.598387e-03        3.110189e+03
               41100        2.360754e-03        2.750359e+03
               41200        2.738996e-03        3.275966e+03
               41300        2.713174e-03        3.275966e+03
               41400        2.661084e-03        2.950706e+03
               41500        2.614764e-03        2.924085e+03
               41600        2.733763e-03        2.924085e+03
               41700        2.788009e-03        2.917403e+03
               41800        2.663069e-03        2.926281e+03
               41900        2.509538e-03        3.301165e+03
               42000        4.199601e-03        2.953608e+03
               42100        3.878971e-03        3.636029e+03
               42200        3.839418e-03        3.636029e+03
               42300        2.841953e-03        3.524673e+03
               42400        2.710321e-03        3.524673e+03
               42500        2.342381e-03        2.801895e+03
               42600        2.578523e-03        3.893522e+03
               42700        2.732806e-03        3.893522e+03
               42800        2.638721e-03        3.233172e+03
               42900        2.464739e-03        3.142070e+03
               43000        2.576569e-03        3.845039e+03
               43100        2.713886e-03        3.014073e+03
               43200        2.862054e-03        3.276963e+03
               43300        2.689696e-03        3.310460e+03
               43400        2.966194e-03        3.310460e+03
               43500        2.793157e-03        4.551687e+03
               43600        2.902346e-03        4.551687e+03
               43700        2.896758e-03        6.135350e+03
               43800        2.846152e-03        3.935123e+03
               43900        3.119120e-03        4.802072e+03
               44000        3.044093e-03        4.802072e+03
               44100        2.943454e-03        3.038194e+03
               44200        3.407320e-03        3.038194e+03
               44300        4.947311e-03        4.622230e+03
               44400        1.362237e-02        4.539201e+03
               44500        1.065742e-02        3.305742e+03
               44600        9.823290e-03        3.140807e+03
               44700        9.887403e-03        3.202423e+03
               44800        1.012000e-02        3.880068e+03
               44900        7.940651e-03        3.880068e+03
               45000        9.991188e-03        3.583385e+03
               45100        1.283654e-02        3.583385e+03
               45200        1.183512e-02        5.466350e+03
               45300        1.131172e-02        4.791694e+03
               45400        1.187092e-02        4.791694e+03
               45500        1.343631e-02        4.139449e+03
               45600        1.258430e-02        5.749864e+03
               45700        9.760419e-03        3.291565e+03
               45800        1.451599e-02        3.051786e+03
               45900        9.709955e-03        4.642189e+03
               46000        8.964491e-03        3.539406e+03
               46100        1.063269e-02        3.083301e+03
               46200        1.358794e-02        4.238573e+03
               46300        8.870273e-03        3.995286e+03
               46400        9.390819e-03        2.821769e+03
               46500        9.704714e-03        3.603479e+03
               46600        1.227717e-02        4.225331e+03
               46700        1.174796e-02        4.225331e+03
               46800        1.251017e-02        3.635928e+03
               46900        1.311705e-02        3.635928e+03
               47000        1.366990e-02        2.635214e+03
               47100        1.018781e-02        2.635214e+03
               47200        1.400124e-02        3.581054e+03
               47300        8.732995e-03        3.581054e+03
               47400        1.249303e-02        3.514771e+03
               47500        9.425321e-03        2.516860e+03
               47600        9.893165e-03        4.583363e+03
               47700        9.792876e-03        4.583363e+03
               47800        9.696075e-03        3.189078e+03
               47900        9.270265e-03        3.189078e+03
               48000        9.604485e-03        2.854317e+03
               48100        1.071526e-02        2.854317e+03
               48200        9.953087e-03        2.938537e+03
               48300        1.005122e-02        2.736454e+03
               48400        1.428259e-02        2.589485e+03
               48500        1.120764e-02        2.589485e+03
               48600        9.389092e-03        2.545090e+03
               48700        1.218940e-02        2.584867e+03
               48800        1.300163e-02        2.552228e+03
               48900        9.127529e-03        2.661466e+03
               49000        8.018839e-03        2.661466e+03
               49100        9.875651e-03        3.505882e+03
               49200        9.089408e-03        2.324813e+03
               49300        8.163809e-03        2.604783e+03
               49400        9.377914e-03        2.604783e+03
               49500        7.899080e-03        4.399124e+03
               49600        8.132629e-03        3.392809e+03
               49700        1.239409e-02        3.397465e+03
               49800        1.100705e-02        3.274156e+03
               49900        1.312395e-02        3.274156e+03
               50000        1.147972e-02        3.274156e+03
               50100        1.277181e-02        2.696077e+03
               50200        1.327222e-02        2.965851e+03
               50300        1.102372e-02        4.208434e+03
               50400        1.182054e-02        2.758576e+03
               50500        9.403470e-03        2.758576e+03
               50600        1.202530e-02        2.758576e+03
               50700        8.720187e-03        2.821846e+03
               50800        1.015971e-02        2.605099e+03
               50900        8.361291e-03        2.605099e+03
               51000        8.083491e-03        2.605099e+03
               51100        9.409225e-03        2.420980e+03
               51200        8.654669e-03        2.736779e+03
               51300        8.747947e-03        4.535629e+03
               51400        8.167483e-03        2.536253e+03
               51500        9.910710e-03        2.319596e+03
               51600        1.052991e-02        2.319596e+03
               51700        1.191206e-02        2.319596e+03
               51800        1.344480e-02        2.994230e+03
               51900        1.462627e-02        3.955496e+03
               52000        1.198451e-02        2.501465e+03
               52100        1.201799e-02        2.807351e+03
               52200        8.977758e-03        2.405102e+03
               52300        9.505620e-03        2.232024e+03
               52400        1.024941e-02        3.161920e+03
               52500        8.518612e-03        2.056513e+03
               52600        9.786824e-03        2.563447e+03
               52700        1.203492e-02        3.121152e+03
               52800        9.362217e-03        4.643028e+03
               52900        8.382043e-03        3.629169e+03
               53000        9.432057e-03        3.189050e+03
               53100        9.635913e-03        3.189050e+03
               53200        1.237208e-02        3.173918e+03
               53300        1.155807e-02        2.391058e+03
               53400        9.070181e-03        2.470726e+03
               53500        9.284888e-03        2.644707e+03
               53600        8.761013e-03        3.963752e+03
               53700        8.687240e-03        2.312519e+03
               53800        9.482653e-03        2.680571e+03
               53900        1.022386e-02        3.458001e+03
               54000        1.394642e-02        2.659366e+03
               54100        9.011646e-03        4.097998e+03
               54200        1.459169e-02        4.097998e+03
               54300        1.182618e-02        4.707137e+03
               54400        8.750937e-03        2.558455e+03
               54500        8.849787e-03        2.253467e+03
               54600        8.748211e-03        3.079405e+03
               54700        1.177891e-02        2.187354e+03
               54800        7.946779e-03        2.823868e+03
               54900        1.163355e-02        3.844805e+03
               55000        1.222609e-02        5.206022e+03
               55100        8.219178e-03        3.479999e+03
               55200        8.664241e-03        3.479999e+03
               55300        8.959716e-03        2.570568e+03
               55400        7.898841e-03        2.570568e+03
               55500        8.171293e-03        3.015340e+03
               55600        9.748901e-03        3.470946e+03
               55700        8.659705e-03        2.643696e+03
               55800        1.395249e-02        2.388517e+03
               55900        1.046696e-02        2.608317e+03
               56000        9.740592e-03        3.634517e+03
               56100        1.268477e-02        2.355855e+03
               56200        1.162928e-02        2.355855e+03
               56300        8.612570e-03        2.355855e+03
               56400        9.061365e-03        2.767436e+03
               56500        1.007505e-02        2.767436e+03
               56600        7.910679e-03        2.767436e+03
               56700        1.292930e-02        2.750679e+03
               56800        1.041082e-02        2.416637e+03
               56900        1.295609e-02        2.416637e+03
               57000        8.163658e-03        2.954997e+03
               57100        9.488115e-03        2.878375e+03
               57200        4.085494e-03        2.878375e+03
               57300        5.177736e-03        2.871466e+03
               57400        3.493003e-03        2.525884e+03
               57500        3.066243e-03        2.525884e+03
               57600        2.312638e-03        2.412900e+03
               57700        3.041518e-03        3.073504e+03
               57800        2.499744e-03        2.117388e+03
               57900        3.172400e-03        2.088042e+03
               58000        3.379951e-03        2.370114e+03
               58100        2.290461e-03        2.480242e+03
               58200        2.416447e-03        2.614162e+03
               58300        3.177677e-03        3.776509e+03
               58400        2.292658e-03        2.452034e+03
               58500        2.354383e-03        2.068513e+03
               58600        2.733089e-03        3.041089e+03
               58700        2.294848e-03        2.630895e+03
               58800        2.874944e-03        2.940437e+03
               58900        2.275291e-03        3.045365e+03
               59000        2.854049e-03        3.045365e+03
               59100        2.913053e-03        2.496252e+03
               59200        3.298567e-03        3.520028e+03
               59300        2.946133e-03        2.212062e+03
               59400        3.041740e-03        2.039531e+03
               59500        3.141011e-03        2.433828e+03
               59600        3.016445e-03        3.262201e+03
               59700        3.218373e-03        2.405383e+03
               59800        3.134185e-03        2.644010e+03
               59900        3.124854e-03        2.644010e+03
               60000        3.713277e-03        2.403874e+03
               60100        3.368892e-03        2.582555e+03
               60200        3.932384e-03        2.654918e+03
               60300        2.537731e-03        2.654918e+03
               60400        3.373699e-03        3.010066e+03
               60500        2.522348e-03        2.174287e+03
               60600        2.312412e-03        2.347779e+03
               60700        2.944604e-03        2.297528e+03
               60800        2.301276e-03        2.463019e+03
               60900        3.003565e-03        2.476928e+03
               61000        2.291276e-03        2.169355e+03
               61100        3.120679e-03        2.118504e+03
               61200        2.319777e-03        2.867634e+03
               61300        2.954816e-03        2.439004e+03
               61400        2.304389e-03        3.489470e+03
               61500        2.877634e-03        4.115660e+03
               61600        2.280680e-03        3.277342e+03
               61700        2.950746e-03        2.718797e+03
               61800        2.525405e-03        2.879232e+03
               61900        2.832873e-03        3.466644e+03
               62000        2.794940e-03        2.888448e+03
               62100        2.768172e-03        2.391498e+03
               62200        2.893885e-03        2.179121e+03
               62300        2.754720e-03        2.741562e+03
               62400        2.783262e-03        2.529894e+03
               62500        2.820722e-03        3.795189e+03
               62600        2.806915e-03        2.368798e+03
               62700        3.519391e-03        2.368798e+03
               62800        2.791997e-03        2.311362e+03
               62900        3.755942e-03        2.350082e+03
               63000        3.132739e-03        2.210689e+03
               63100        4.137760e-03        2.971664e+03
               63200        2.457894e-03        3.431450e+03
               63300        2.794057e-03        2.501642e+03
               63400        2.932645e-03        2.483187e+03
               63500        2.797669e-03        1.850809e+03
               63600        2.605806e-03        2.957905e+03
               63700        2.911999e-03        2.797520e+03
               63800        2.784088e-03        2.648184e+03
               63900        2.817948e-03        2.788788e+03
               64000        2.937845e-03        2.242562e+03
               64100        2.304784e-03        2.375224e+03
               64200        2.985721e-03        2.432187e+03
               64300        2.319403e-03        2.728749e+03
               64400        2.925883e-03        2.347719e+03
               64500        2.311466e-03        2.487943e+03
               64600        2.956283e-03        3.054109e+03
               64700        2.440100e-03        2.894748e+03
               64800        2.895575e-03        3.020376e+03
               64900        2.301018e-03        2.606494e+03
               65000        2.967758e-03        4.509945e+03
               65100        2.299300e-03        3.097318e+03
               65200        2.984528e-03        3.471854e+03
               65300        2.295693e-03        3.660074e+03
               65400        3.215953e-03        3.919543e+03
               65500        3.253641e-03        3.639364e+03
               65600        3.357797e-03        2.746131e+03
               65700        3.843262e-03        3.312364e+03
               65800        3.096884e-03        2.049027e+03
               65900        2.526759e-03        2.121221e+03
               66000        2.805885e-03        3.740436e+03
               66100        2.805748e-03        2.529467e+03
               66200        2.774853e-03        3.878721e+03
               66300        2.652237e-03        2.571446e+03
               66400        3.074510e-03        2.770180e+03
               66500        2.944159e-03        2.182746e+03
               66600        2.604200e-03        2.492504e+03
               66700        2.847703e-03        2.230729e+03
               66800        2.372521e-03        3.621457e+03
               66900        3.066687e-03        3.458041e+03
               67000        2.310814e-03        3.925159e+03
               67100        3.107561e-03        2.661550e+03
               67200        2.308476e-03        2.969774e+03
               67300        3.082949e-03        2.629221e+03
               67400        2.312763e-03        2.451867e+03
               67500        3.282100e-03        3.656679e+03
               67600        2.303579e-03        4.009335e+03
               67700        3.080871e-03        2.997496e+03
               67800        2.308645e-03        3.474617e+03
               67900        3.098735e-03        2.943269e+03
               68000        2.302932e-03        2.522106e+03
               68100        3.058352e-03        2.383071e+03
               68200        3.852751e-03        2.661319e+03
               68300        3.413446e-03        2.255612e+03
               68400        3.349771e-03        2.255612e+03
               68500        3.030953e-03        2.930111e+03
               68600        2.278560e-03        2.957317e+03
               68700        2.918750e-03        3.394317e+03
               68800        2.378710e-03        2.767569e+03
               68900        3.088428e-03        2.347061e+03
               69000        2.862026e-03        2.724396e+03
               69100        3.097953e-03        5.587274e+03
               69200        3.150251e-03        2.360893e+03
               69300        3.085293e-03        2.788808e+03
               69400        3.080727e-03        2.803158e+03
               69500        2.999865e-03        2.965419e+03
               69600        2.978395e-03        2.894959e+03
               69700        3.108147e-03        3.400964e+03
               69800        3.081779e-03        3.306740e+03
               69900        3.004942e-03        1.961323e+03
               70000        2.300569e-03        1.861082e+03
               70100        3.218626e-03        2.352403e+03
               70200        2.299522e-03        2.260993e+03
               70300        2.307115e-03        2.701342e+03
               70400        3.539434e-03        2.805449e+03
               70500        3.745699e-03        2.200970e+03
               70600        2.526916e-03        2.452061e+03
               70700        4.170524e-03        1.650705e+03
               70800        2.477792e-03        3.554694e+03
               70900        2.924075e-03        2.931008e+03
               71000        2.755969e-03        2.632340e+03
               71100        2.926775e-03        1.727848e+03
               71200        2.733723e-03        2.152719e+03
               71300        2.868526e-03        2.450464e+03
               71400        2.823457e-03        3.051247e+03
               71500        2.906772e-03        3.051247e+03
               71600        2.808263e-03        3.925053e+03
               71700        2.847555e-03        3.925053e+03
               71800        2.794172e-03        3.925053e+03
               71900        2.903787e-03        3.514420e+03
               72000        2.942278e-03        3.082614e+03
               72100        2.646961e-03        3.172597e+03
               72200        2.823838e-03        3.164413e+03
               72300        2.880953e-03        2.745386e+03
               72400        2.974659e-03        2.210492e+03
               72500        2.786463e-03        2.570252e+03
               72600        2.791636e-03        2.460763e+03
               72700        2.926730e-03        1.737654e+03
               72800        2.927003e-03        1.991344e+03
               72900        3.297929e-03        2.206747e+03
               73000        2.527270e-03        2.206747e+03
               73100        3.958284e-03        3.688894e+03
               73200        3.839263e-03        3.688894e+03
               73300        3.775038e-03        2.818831e+03
               73400        2.395436e-03        2.818831e+03
               73500        3.149932e-03        2.576922e+03
               73600        2.612923e-03        2.576922e+03
               73700        2.921638e-03        3.724918e+03
               73800        2.832308e-03        3.040179e+03
               73900        2.521104e-03        3.040179e+03
               74000        2.839494e-03        3.105427e+03
               74100        3.032465e-03        3.105427e+03
               74200        2.993092e-03        3.105427e+03
               74300        2.658897e-03        2.300580e+03
               74400        2.690061e-03        2.300580e+03
               74500        2.656197e-03        2.566890e+03
               74600        2.946699e-03        2.176384e+03
               74700        2.708366e-03        2.406641e+03
               74800        2.821795e-03        1.815014e+03
               74900        2.873444e-03        2.733122e+03
               75000        2.974994e-03        2.480911e+03
               75100        2.751454e-03        2.543746e+03
               75200        2.858434e-03        2.429705e+03
               75300        2.882968e-03        1.883608e+03
               75400        2.820818e-03        2.103187e+03
               75500        2.771212e-03        2.109371e+03
               75600        2.635561e-03        2.342200e+03
               75700        4.034607e-03        2.071000e+03
               75800        3.475697e-03        2.023207e+03
               75900        3.744391e-03        2.013431e+03
               76000        3.260207e-03        3.747914e+03
               76100        2.783898e-03        2.671045e+03
               76200        2.526002e-03        2.515772e+03
               76300        2.732758e-03        2.049867e+03
               76400        2.906294e-03        2.207811e+03
               76500        2.881250e-03        1.974198e+03
               76600        2.590083e-03        1.834503e+03
               76700        2.811772e-03        1.834503e+03
               76800        3.143507e-03        2.538707e+03
               76900        2.856981e-03        3.154769e+03
               77000        2.854473e-03        3.154769e+03
               77100        2.935419e-03        2.459751e+03
               77200        2.774661e-03        2.033718e+03
               77300        2.903329e-03        2.033718e+03
               77400        2.793244e-03        2.233408e+03
               77500        3.051057e-03        2.633904e+03
               77600        2.582879e-03        2.055639e+03
               77700        2.853766e-03        2.135321e+03
               77800        2.810396e-03        1.823464e+03
               77900        2.928489e-03        1.708028e+03
               78000        2.784427e-03        2.262765e+03
               78100        2.863108e-03        2.537243e+03
               78200        2.813587e-03        1.949920e+03
               78300        2.703082e-03        1.949920e+03
               78400        2.853184e-03        2.038016e+03
               78500        3.633293e-03        1.976556e+03
               78600        3.183511e-03        1.976556e+03
               78700        2.459420e-03        3.212019e+03
               78800        2.572754e-03        2.158118e+03
               78900        2.915875e-03        2.269625e+03
               79000        2.467073e-03        2.285311e+03
               79100        2.523339e-03        2.285311e+03
               79200        2.333021e-03        2.404567e+03
               79300        2.290152e-03        2.457362e+03
               79400        2.638963e-03        2.457362e+03
               79500        2.451422e-03        2.506506e+03
               79600        2.296529e-03        2.072771e+03
               79700        2.576614e-03        1.797136e+03
               79800        2.325515e-03        1.753715e+03
               79900        2.289768e-03        1.753715e+03
               80000        2.780372e-03        1.753715e+03
               80100        2.328213e-03        1.924229e+03
               80200        2.361699e-03        1.877937e+03
               80300        2.562092e-03        1.877937e+03
               80400        2.342299e-03        1.877937e+03
               80500        2.296140e-03        1.844061e+03
               80600        2.736323e-03        1.853912e+03
               80700        2.341477e-03        2.021526e+03
               80800        2.465189e-03        2.074617e+03
               80900        2.352106e-03        1.759418e+03
               81000        3.140549e-03        2.001674e+03
               81100        2.413402e-03        1.626636e+03
               81200        3.184496e-03        2.274861e+03
               81300        3.129528e-03        2.243147e+03
               81400        3.141709e-03        2.243147e+03
               81500        2.662602e-03        2.046902e+03
               81600        2.985695e-03        5.590799e+03
               81700        3.745111e-03        5.590799e+03
               81800        4.008888e-03        3.052826e+03
               81900        2.791857e-03        3.052826e+03
               82000        2.949188e-03        1.972654e+03
               82100        2.808671e-03        1.972654e+03
               82200        2.936770e-03        2.698867e+03
               82300        2.912808e-03        2.813896e+03
               82400        2.717779e-03        2.813896e+03
               82500        2.992581e-03        2.836802e+03
               82600        2.905915e-03        5.721173e+03
               82700        2.873019e-03        5.721173e+03
               82800        2.793949e-03        5.721173e+03
               82900        2.797161e-03        5.600729e+03
               83000        2.885731e-03        3.374831e+03
               83100        2.938882e-03        3.559606e+03
               83200        2.863256e-03        3.122010e+03
               83300        2.849971e-03        3.122010e+03
               83400        2.858350e-03        3.122010e+03
               83500        2.769075e-03        1.943509e+03
               83600        2.854995e-03        1.982308e+03
               83700        2.817357e-03        2.130474e+03
               83800        2.907806e-03        1.983113e+03
               83900        2.799402e-03        1.983113e+03
               84000        2.871019e-03        2.008155e+03
               84100        2.831744e-03        2.118838e+03
               84200        2.917331e-03        1.657094e+03
               84300        3.801052e-03        2.131145e+03
               84400        4.143483e-03        2.131145e+03
               84500        3.119142e-03        2.131145e+03
               84600        2.648810e-03        3.300953e+03
               84700        3.978196e-03        2.040789e+03
               84800        2.691068e-03        2.353375e+03
               84900        2.379693e-03        2.651022e+03
               85000        2.359496e-03        1.864992e+03
               85100        3.140538e-03        2.230497e+03
               85200        2.334789e-03        4.273761e+03
               85300        2.648354e-03        2.039467e+03
               85400        2.334020e-03        2.039467e+03
               85500        3.163567e-03        2.039467e+03
               85600        2.334334e-03        2.073323e+03
               85700        2.954733e-03        2.395660e+03
               85800        2.755516e-03        2.395660e+03
               85900        2.843407e-03        2.955967e+03
               86000        2.544840e-03        2.955967e+03
               86100        3.081533e-03        2.955967e+03
               86200        3.072151e-03        2.955967e+03
               86300        3.006108e-03        1.836345e+03
               86400        3.003948e-03        1.836345e+03
               86500        2.916631e-03        1.775034e+03
               86600        3.021008e-03        1.775034e+03
               86700        2.708044e-03        1.775034e+03
               86800        3.723684e-03        2.105958e+03
               86900        2.336486e-03        2.105958e+03
               87000        2.580361e-03        2.406040e+03
               87100        4.313423e-03        2.436240e+03
               87200        2.930041e-03        2.075685e+03
               87300        3.936961e-03        2.075685e+03
               87400        2.367664e-03        2.075685e+03
               87500        2.683434e-03        2.075685e+03
               87600        2.386176e-03        2.287991e+03
               87700        2.322627e-03        2.287991e+03
               87800        2.808373e-03        1.782525e+03
               87900        2.343046e-03        1.782525e+03
               88000        2.951730e-03        1.620688e+03
               88100        3.143800e-03        1.620688e+03
               88200        2.347252e-03        1.978862e+03
               88300        2.444136e-03        1.938481e+03
               88400        2.478744e-03        3.049529e+03
               88500        3.242166e-03        2.123628e+03
               88600        2.644329e-03        1.961283e+03
               88700        3.122320e-03        3.130928e+03
               88800        3.111141e-03        3.130928e+03
               88900        3.215356e-03        2.562436e+03
               89000        3.113242e-03        2.450740e+03
               89100        2.970952e-03        2.878699e+03
               89200        3.003336e-03        1.856322e+03
               89300        3.901571e-03        1.986640e+03
               89400        2.990319e-03        2.817807e+03
               89500        2.952105e-03        2.817807e+03
               89600        3.177347e-03        2.065742e+03
               89700        2.920719e-03        2.065742e+03
               89800        2.679543e-03        2.575157e+03
               89900        2.770556e-03        1.739823e+03
               90000        2.669725e-03        2.370883e+03
               90100        2.620642e-03        2.370883e+03
               90200        2.850536e-03        1.970538e+03
               90300        2.896436e-03        1.970538e+03
               90400        2.835890e-03        2.110156e+03
               90500        2.978697e-03        2.337767e+03
               90600        2.785410e-03        2.907907e+03
               90700        2.902005e-03        2.907907e+03
               90800        4.198118e-03        2.503659e+03
               90900        3.930699e-03        2.002091e+03
               91000        3.896396e-03        2.338983e+03
               91100        2.267234e-03        2.338983e+03
               91200        2.747215e-03        3.760217e+03
               91300        2.412063e-03        3.760217e+03
               91400        2.734079e-03        1.999359e+03
               91500        2.185092e-03        2.206938e+03
               91600        2.894211e-03        2.225346e+03
               91700        2.290876e-03        2.225346e+03
               91800        2.709658e-03        1.794953e+03
               91900        2.452144e-03        1.675432e+03
               92000        2.855706e-03        1.839241e+03
               92100        2.943202e-03        1.842189e+03
               92200        2.725682e-03        1.842189e+03
               92300        2.912867e-03        2.050778e+03
               92400        2.776254e-03        1.612241e+03
               92500        2.792604e-03        1.612241e+03
               92600        2.908128e-03        1.637487e+03
               92700        2.866860e-03        1.939952e+03
               92800        3.314247e-03        2.073401e+03
               92900        3.986732e-03        2.654745e+03
               93000        3.725266e-03        2.715017e+03
               93100        2.539745e-03        2.715017e+03
               93200        3.475871e-03        2.220736e+03
               93300        2.445189e-03        1.651801e+03
               93400        2.677620e-03        2.780992e+03
               93500        2.304928e-03        1.790829e+03
               93600        2.177836e-03        1.790829e+03
               93700        2.667676e-03        1.836248e+03
               93800        2.165220e-03        1.885236e+03
               93900        2.146763e-03        1.885236e+03
               94000        2.683778e-03        2.873637e+03
               94100        2.349187e-03        2.194053e+03
               94200        2.132045e-03        2.979454e+03
               94300        2.772054e-03        1.665313e+03
               94400        2.231325e-03        1.999124e+03
               94500        2.851983e-03        1.999124e+03
               94600        2.694347e-03        2.316099e+03
               94700        2.163040e-03        2.607633e+03
               94800        2.744862e-03        2.607633e+03
               94900        2.326777e-03        3.126986e+03
               95000        2.152089e-03        3.126986e+03
               95100        2.752814e-03        1.981034e+03
               95200        2.690735e-03        1.755807e+03
               95300        2.357852e-03        2.598990e+03
               95400        2.438972e-03        2.713921e+03
               95500        2.306609e-03        1.987406e+03
               95600        2.833298e-03        4.168718e+03
               95700        2.160822e-03        1.835986e+03
               95800        2.675375e-03        1.835986e+03
               95900        2.448217e-03        1.555177e+03
               96000        2.952706e-03        2.665297e+03
               96100        3.258674e-03        2.665297e+03
               96200        3.883847e-03        1.599424e+03
               96300        2.966581e-03        2.136422e+03
               96400        2.651985e-03        2.136422e+03
               96500        2.129402e-03        3.619285e+03
               96600        2.613247e-03        2.085086e+03
               96700        2.150621e-03        2.368593e+03
               96800        2.707630e-03        2.368593e+03
               96900        2.416275e-03        1.542536e+03
               97000        2.513772e-03        1.542536e+03
               97100        2.215801e-03        3.022175e+03
               97200        2.176900e-03        2.561380e+03
               97300        2.177154e-03        2.561380e+03
               97400        2.151936e-03        2.255200e+03
               97500        2.163482e-03        2.255200e+03
               97600        2.057101e-03        1.854874e+03
               97700        2.173032e-03        1.854874e+03
               97800        2.232907e-03        2.308238e+03
               97900        2.203304e-03        1.640103e+03
               98000        2.079477e-03        1.698625e+03
               98100        2.724915e-03        1.698625e+03
               98200        2.116394e-03        2.799023e+03
               98300        2.029128e-03        1.770306e+03
               98400        2.033032e-03        1.681198e+03
               98500        2.065837e-03        1.681198e+03
               98600        1.781718e-03        2.492398e+03
               98700        1.717641e-03        2.104256e+03
               98800        1.856675e-03        3.588896e+03
               98900        1.740743e-03        2.055356e+03
               99000        1.743179e-03        2.055356e+03
               99100        1.722531e-03        2.022970e+03
               99200        1.736297e-03        1.783663e+03
               99300        1.766718e-03        1.899061e+03
               99400        1.719826e-03        1.889458e+03
               99500        1.862865e-03        1.889458e+03
               99600        1.837458e-03        1.687780e+03
               99700        1.721450e-03        1.517616e+03
               99800        1.813980e-03        1.953111e+03
               99900        1.720949e-03        1.935116e+03
              100000        2.387984e-03        1.566963e+03
