Period: 100
               Epoch           Time cost                Loss
                 100        2.547520e-03        1.183671e+04
                 200        2.817479e-03        1.183671e+04
                 300        2.135060e-03        7.570115e+03
                 400        2.494883e-03        7.141201e+03
                 500        3.429965e-03        7.130547e+03
                 600        3.321459e-03        5.628469e+03
                 700        2.863854e-03        5.479743e+03
                 800        3.208092e-03        5.489255e+03
                 900        4.716946e-03        5.300845e+03
                1000        2.893137e-03        5.415078e+03
                1100        2.980214e-03        4.967110e+03
                1200        2.247914e-03        4.849777e+03
                1300        2.683226e-03        4.849777e+03
                1400        3.358289e-03        4.884316e+03
                1500        2.655640e-03        4.884316e+03
                1600        2.630374e-03        5.751721e+03
                1700        2.493905e-03        4.726208e+03
                1800        2.541723e-03        5.163664e+03
                1900        2.404945e-03        5.259128e+03
                2000        2.500853e-03        4.635538e+03
                2100        2.217976e-03        5.198748e+03
                2200        2.190044e-03        4.444825e+03
                2300        3.793459e-03        6.322388e+03
                2400        2.141728e-03        6.322388e+03
                2500        2.752950e-03        4.318946e+03
                2600        2.981969e-03        5.205431e+03
                2700        2.327632e-03        6.835918e+03
                2800        3.127524e-03        4.805895e+03
                2900        2.922786e-03        4.102773e+03
                3000        2.409759e-03        5.053373e+03
                3100        2.875020e-03        6.394499e+03
                3200        2.344347e-03        6.394499e+03
                3300        2.144634e-03        4.744598e+03
                3400        3.230546e-03        4.719441e+03
                3500        2.140665e-03        4.514964e+03
                3600        2.587334e-03        4.100141e+03
                3700        2.532149e-03        4.138016e+03
                3800        2.370289e-03        4.047547e+03
                3900        4.180051e-03        5.020887e+03
                4000        2.347218e-03        4.454172e+03
                4100        2.590323e-03        3.588498e+03
                4200        2.331347e-03        4.517547e+03
                4300        2.191981e-03        5.165313e+03
                4400        2.306592e-03        4.840517e+03
                4500        2.259311e-03        3.939024e+03
                4600        2.300319e-03        5.859445e+03
                4700        2.692912e-03        4.404589e+03
                4800        2.214803e-03        3.870948e+03
                4900        3.270624e-03        4.056622e+03
                5000        2.227605e-03        4.632489e+03
                5100        2.428354e-03        4.293122e+03
                5200        2.379264e-03        4.222390e+03
                5300        2.298733e-03        3.636687e+03
                5400        2.190464e-03        3.780004e+03
                5500        3.261321e-03        4.562432e+03
                5600        2.202035e-03        4.562432e+03
                5700        2.384171e-03        3.776342e+03
                5800        2.284839e-03        4.339801e+03
                5900        2.166123e-03        3.870182e+03
                6000        3.424884e-03        3.488907e+03
                6100        3.269454e-03        3.689539e+03
                6200        3.889560e-03        4.015737e+03
                6300        2.452966e-03        4.404886e+03
                6400        2.233453e-03        4.188622e+03
                6500        2.280688e-03        4.460332e+03
                6600        2.685844e-03        4.671385e+03
                6700        2.126386e-03        4.249391e+03
                6800        2.467054e-03        3.680083e+03
                6900        2.308075e-03        3.940547e+03
                7000        2.270559e-03        4.360755e+03
                7100        2.532944e-03        3.756405e+03
                7200        2.214647e-03        4.068412e+03
                7300        2.188624e-03        3.556770e+03
                7400        2.142034e-03        3.637719e+03
                7500        2.205344e-03        3.754504e+03
                7600        2.126593e-03        3.666280e+03
                7700        2.375364e-03        3.517438e+03
                7800        2.148211e-03        3.756343e+03
                7900        3.548344e-03        3.841570e+03
                8000        2.838407e-03        3.841570e+03
                8100        2.336337e-03        4.204284e+03
                8200        2.617306e-03        4.595887e+03
                8300        3.020386e-03        4.027334e+03
                8400        2.301611e-03        3.901257e+03
                8500        3.710399e-03        3.711014e+03
                8600        2.362300e-03        4.282178e+03
                8700        2.387430e-03        3.492765e+03
                8800        2.278109e-03        4.326017e+03
                8900        2.170627e-03        3.691611e+03
                9000        2.398893e-03        4.100896e+03
                9100        2.124097e-03        4.411123e+03
                9200        2.216321e-03        3.475296e+03
                9300        3.892972e-03        3.543543e+03
                9400        2.228990e-03        3.532449e+03
                9500        2.337274e-03        3.419515e+03
                9600        2.150191e-03        4.633298e+03
                9700        2.138838e-03        3.830791e+03
                9800        2.461587e-03        3.723290e+03
                9900        2.666652e-03        3.636696e+03
               10000        2.516413e-03        3.661903e+03
               10100        4.829604e-03        4.028898e+03
               10200        2.826619e-03        4.029763e+03
               10300        2.584276e-03        3.443342e+03
               10400        2.658311e-03        3.486141e+03
               10500        2.375348e-03        4.064154e+03
               10600        2.325572e-03        3.801991e+03
               10700        2.866367e-03        3.801991e+03
               10800        2.132055e-03        4.319924e+03
               10900        3.031012e-03        4.816360e+03
               11000        2.810753e-03        3.578606e+03
               11100        3.065883e-03        3.721537e+03
               11200        2.367267e-03        4.265675e+03
               11300        2.353030e-03        3.972697e+03
               11400        2.164888e-03        3.390738e+03
               11500        2.442226e-03        3.839542e+03
               11600        2.106489e-03        3.467930e+03
               11700        2.307805e-03        4.763130e+03
               11800        2.885750e-03        3.182016e+03
               11900        2.468939e-03        3.241773e+03
               12000        2.705431e-03        3.822422e+03
               12100        2.263330e-03        3.726011e+03
               12200        2.342138e-03        3.427602e+03
               12300        2.207179e-03        3.623215e+03
               12400        2.388914e-03        3.423828e+03
               12500        2.157304e-03        3.968242e+03
               12600        2.465062e-03        3.432561e+03
               12700        2.429314e-03        3.317667e+03
               12800        2.254567e-03        3.241953e+03
               12900        3.687592e-03        4.998216e+03
               13000        2.254792e-03        3.825968e+03
               13100        2.524853e-03        4.417448e+03
               13200        2.219253e-03        3.507411e+03
               13300        2.127808e-03        3.958137e+03
               13400        2.233734e-03        3.902478e+03
               13500        2.118336e-03        3.548547e+03
               13600        2.326481e-03        3.455667e+03
               13700        3.630304e-03        4.377524e+03
               13800        2.368990e-03        4.522794e+03
               13900        2.451599e-03        3.393838e+03
               14000        2.685803e-03        3.587381e+03
               14100        2.457293e-03        3.406211e+03
               14200        2.292295e-03        3.277272e+03
               14300        2.181524e-03        3.277272e+03
               14400        2.536471e-03        3.127437e+03
               14500        2.238081e-03        3.380488e+03
               14600        2.995560e-03        3.330924e+03
               14700        2.180788e-03        3.195892e+03
               14800        2.907011e-03        3.793667e+03
               14900        2.190372e-03        3.557393e+03
               15000        2.224662e-03        3.884360e+03
               15100        3.257300e-03        3.640556e+03
               15200        2.206434e-03        3.617697e+03
               15300        2.333903e-03        3.672897e+03
               15400        2.557127e-03        3.530626e+03
               15500        2.189244e-03        3.530139e+03
               15600        2.289623e-03        3.667009e+03
               15700        2.172442e-03        3.402395e+03
               15800        2.228036e-03        5.086374e+03
               15900        2.187729e-03        3.218966e+03
               16000        2.951089e-03        3.327483e+03
               16100        2.530130e-03        3.815815e+03
               16200        2.902416e-03        3.620813e+03
               16300        2.930660e-03        3.434595e+03
               16400        2.186064e-03        3.498251e+03
               16500        2.794740e-03        4.266578e+03
               16600        3.832103e-03        3.191626e+03
               16700        2.395810e-03        3.636034e+03
               16800        2.322373e-03        4.278402e+03
               16900        2.234562e-03        4.278402e+03
               17000        3.918071e-03        3.305796e+03
               17100        2.763189e-03        3.390199e+03
               17200        2.728278e-03        3.904572e+03
               17300        2.810856e-03        3.369417e+03
               17400        2.869965e-03        3.369417e+03
               17500        2.816861e-03        3.654094e+03
               17600        2.594560e-03        3.653017e+03
               17700        2.949011e-03        3.653017e+03
               17800        2.947944e-03        3.268311e+03
               17900        2.714763e-03        3.933560e+03
               18000        2.270802e-03        3.933560e+03
               18100        2.588765e-03        3.794582e+03
               18200        2.267684e-03        3.057525e+03
               18300        2.405290e-03        3.057525e+03
               18400        2.304749e-03        3.701785e+03
               18500        2.348271e-03        3.139377e+03
               18600        3.065043e-03        3.139377e+03
               18700        2.253680e-03        3.012424e+03
               18800        2.729316e-03        3.375616e+03
               18900        2.472712e-03        3.605301e+03
               19000        2.588493e-03        3.564034e+03
               19100        2.344807e-03        3.561386e+03
               19200        2.315086e-03        4.669502e+03
               19300        2.325396e-03        3.201801e+03
               19400        2.329802e-03        3.208343e+03
               19500        2.242765e-03        3.561851e+03
               19600        2.298794e-03        3.285535e+03
               19700        2.652219e-03        3.156834e+03
               19800        2.196639e-03        3.579970e+03
               19900        2.422773e-03        3.036995e+03
               20000        2.331371e-03        3.234758e+03
               20100        2.342401e-03        3.320108e+03
               20200        2.648795e-03        3.201662e+03
               20300        2.445220e-03        3.155057e+03
               20400        2.915047e-03        3.312874e+03
               20500        2.570119e-03        3.980757e+03
               20600        2.316051e-03        4.181667e+03
               20700        2.333264e-03        3.228863e+03
               20800        2.203449e-03        3.228863e+03
               20900        2.499963e-03        3.575869e+03
               21000        2.991196e-03        3.575869e+03
               21100        2.360788e-03        3.390465e+03
               21200        2.282183e-03        3.696394e+03
               21300        2.338696e-03        3.965725e+03
               21400        2.343107e-03        3.145013e+03
               21500        2.376777e-03        2.987978e+03
               21600        2.727962e-03        3.531017e+03
               21700        2.288176e-03        3.132539e+03
               21800        2.386173e-03        3.081902e+03
               21900        2.218135e-03        4.069643e+03
               22000        2.638859e-03        3.253890e+03
               22100        2.219516e-03        3.638974e+03
               22200        2.517230e-03        4.587492e+03
               22300        2.650610e-03        3.614204e+03
               22400        3.109404e-03        3.746053e+03
               22500        2.733898e-03        3.040995e+03
               22600        2.387555e-03        3.403276e+03
               22700        2.569790e-03        3.489157e+03
               22800        2.512602e-03        3.438863e+03
               22900        2.503707e-03        3.306882e+03
               23000        2.379053e-03        3.842514e+03
               23100        2.305493e-03        3.899834e+03
               23200        4.050542e-03        3.899834e+03
               23300        2.351287e-03        3.611245e+03
               23400        2.395621e-03        3.128536e+03
               23500        2.227142e-03        3.616660e+03
               23600        2.353421e-03        3.542101e+03
               23700        2.325002e-03        3.054904e+03
               23800        3.603732e-03        2.976662e+03
               23900        2.234834e-03        3.568429e+03
               24000        2.323304e-03        3.300274e+03
               24100        2.473266e-03        3.350302e+03
               24200        2.183705e-03        3.198368e+03
               24300        2.562724e-03        3.456988e+03
               24400        3.366620e-03        3.117959e+03
               24500        2.412824e-03        3.001311e+03
               24600        2.357142e-03        3.162375e+03
               24700        2.220606e-03        3.551102e+03
               24800        3.445180e-03        3.347575e+03
               24900        2.235043e-03        3.768692e+03
               25000        3.682836e-03        3.801985e+03
               25100        2.569647e-03        3.690646e+03
               25200        2.202198e-03        3.690646e+03
               25300        2.491552e-03        2.959956e+03
               25400        2.536995e-03        3.004075e+03
               25500        2.380454e-03        4.458163e+03
               25600        2.507112e-03        3.104886e+03
               25700        2.404636e-03        3.626909e+03
               25800        2.361716e-03        3.234623e+03
               25900        2.232983e-03        3.406988e+03
               26000        3.175570e-03        3.017967e+03
               26100        2.256850e-03        4.375042e+03
               26200        2.753350e-03        3.332461e+03
               26300        2.223979e-03        3.278329e+03
               26400        2.330805e-03        3.531522e+03
               26500        2.262908e-03        3.392082e+03
               26600        2.325512e-03        3.210205e+03
               26700        2.205535e-03        3.207075e+03
               26800        2.271712e-03        2.818100e+03
               26900        2.237996e-03        3.224314e+03
               27000        2.305367e-03        3.075824e+03
               27100        2.206446e-03        3.073200e+03
               27200        2.380981e-03        3.112276e+03
               27300        2.652808e-03        3.029782e+03
               27400        2.178018e-03        3.601436e+03
               27500        2.459350e-03        3.143408e+03
               27600        2.316984e-03        3.060244e+03
               27700        3.815097e-03        3.357355e+03
               27800        2.262863e-03        3.624280e+03
               27900        2.395618e-03        3.056601e+03
               28000        2.237168e-03        3.401360e+03
               28100        2.331376e-03        2.854433e+03
               28200        2.544726e-03        3.308597e+03
               28300        2.327392e-03        3.014367e+03
               28400        2.306274e-03        2.813758e+03
               28500        3.882618e-03        3.071117e+03
               28600        2.437545e-03        3.038000e+03
               28700        2.632045e-03        2.977076e+03
               28800        3.306028e-03        3.002986e+03
               28900        2.335536e-03        3.383929e+03
               29000        2.825623e-03        2.997736e+03
               29100        3.035837e-03        3.132278e+03
               29200        2.226388e-03        3.413244e+03
               29300        2.418939e-03        4.216753e+03
               29400        2.291813e-03        4.453419e+03
               29500        3.292428e-03        3.625289e+03
               29600        2.201409e-03        2.974254e+03
               29700        2.415986e-03        3.256386e+03
               29800        2.249512e-03        2.908454e+03
               29900        2.334195e-03        3.056147e+03
               30000        2.194936e-03        3.041045e+03
               30100        2.362513e-03        3.041045e+03
               30200        2.183952e-03        3.045018e+03
               30300        3.428175e-03        2.895695e+03
               30400        2.331577e-03        3.101641e+03
               30500        2.542545e-03        3.451136e+03
               30600        2.286275e-03        3.021476e+03
               30700        2.178510e-03        3.307212e+03
               30800        4.031589e-03        3.022468e+03
               30900        2.238392e-03        3.833025e+03
               31000        2.260448e-03        3.451284e+03
               31100        2.451945e-03        3.177403e+03
               31200        3.709897e-03        2.991748e+03
               31300        2.867532e-03        3.117792e+03
               31400        2.731184e-03        3.117792e+03
               31500        3.577459e-03        3.645522e+03
               31600        2.233476e-03        3.331561e+03
               31700        2.387936e-03        3.165181e+03
               31800        4.280058e-03        3.105226e+03
               31900        2.887129e-03        2.863180e+03
               32000        2.654074e-03        2.686958e+03
               32100        2.196572e-03        2.883484e+03
               32200        2.247007e-03        3.385000e+03
               32300        2.178241e-03        4.522175e+03
               32400        2.206315e-03        3.188917e+03
               32500        2.274635e-03        3.374998e+03
               32600        2.316797e-03        3.264868e+03
               32700        2.626625e-03        3.046957e+03
               32800        3.470284e-03        3.230131e+03
               32900        3.422931e-03        3.596512e+03
               33000        3.671326e-03        3.856926e+03
               33100        2.694329e-03        3.177699e+03
               33200        2.605819e-03        3.132134e+03
               33300        2.352805e-03        2.980713e+03
               33400        2.246608e-03        3.368540e+03
               33500        2.370209e-03        3.138118e+03
               33600        2.169627e-03        2.844784e+03
               33700        2.544784e-03        2.771573e+03
               33800        2.721948e-03        3.066023e+03
               33900        4.748996e-03        3.184402e+03
               34000        2.901041e-03        3.184402e+03
               34100        3.107050e-03        2.950083e+03
               34200        2.735852e-03        2.812714e+03
               34300        2.968246e-03        2.924256e+03
               34400        3.555427e-03        2.768816e+03
               34500        2.976387e-03        3.676142e+03
               34600        2.937818e-03        3.317053e+03
               34700        3.166917e-03        3.685532e+03
               34800        2.905693e-03        3.087485e+03
               34900        2.609272e-03        3.078303e+03
               35000        3.271548e-03        4.280484e+03
               35100        2.725292e-03        2.879778e+03
               35200        3.048021e-03        2.809514e+03
               35300        2.603047e-03        3.592451e+03
               35400        2.768360e-03        2.737740e+03
               35500        3.057247e-03        2.830816e+03
               35600        4.920952e-03        2.953199e+03
               35700        2.520153e-03        2.774663e+03
               35800        2.701860e-03        3.235224e+03
               35900        2.464662e-03        3.745862e+03
               36000        2.523832e-03        3.413989e+03
               36100        2.944537e-03        3.990284e+03
               36200        2.631904e-03        3.215965e+03
               36300        2.737492e-03        2.845214e+03
               36400        4.622119e-03        2.845214e+03
               36500        5.130706e-03        3.013213e+03
               36600        4.882575e-03        2.933169e+03
               36700        4.045299e-03        2.736612e+03
               36800        6.052397e-03        2.836449e+03
               36900        4.117692e-03        3.297152e+03
               37000        3.248810e-03        3.124047e+03
               37100        3.186084e-03        4.064615e+03
               37200        3.745733e-03        4.064615e+03
               37300        2.821955e-03        3.330369e+03
               37400        2.776327e-03        2.802749e+03
               37500        3.847537e-03        3.348604e+03
               37600        3.365562e-03        3.490177e+03
               37700        2.466171e-03        2.783268e+03
               37800        2.565112e-03        2.736583e+03
               37900        2.406890e-03        3.038296e+03
               38000        2.936864e-03        3.436579e+03
               38100        2.635751e-03        2.931713e+03
               38200        2.439928e-03        3.566176e+03
               38300        3.075471e-03        2.984357e+03
               38400        2.841417e-03        2.656785e+03
               38500        2.259088e-03        3.766436e+03
               38600        2.202029e-03        3.400933e+03
               38700        2.756341e-03        2.925220e+03
               38800        2.261981e-03        2.702783e+03
               38900        3.266937e-03        2.696169e+03
               39000        2.813267e-03        2.705095e+03
               39100        2.689697e-03        3.538149e+03
               39200        2.841300e-03        2.584658e+03
               39300        2.205910e-03        2.796235e+03
               39400        2.202867e-03        2.906698e+03
               39500        2.185807e-03        3.447148e+03
               39600        2.289581e-03        3.190867e+03
               39700        2.370064e-03        2.554241e+03
               39800        2.489826e-03        2.730270e+03
               39900        3.143386e-03        2.569850e+03
               40000        2.570712e-03        2.718286e+03
               40100        2.398247e-03        2.725534e+03
               40200        2.264241e-03        3.318845e+03
               40300        2.279387e-03        2.631863e+03
               40400        2.214729e-03        3.123796e+03
               40500        2.187848e-03        2.834818e+03
               40600        2.770105e-03        3.044957e+03
               40700        4.127418e-03        2.807908e+03
               40800        3.537716e-03        2.911362e+03
               40900        2.318568e-03        2.839588e+03
               41000        2.530759e-03        2.549586e+03
               41100        2.688908e-03        2.968337e+03
               41200        2.496454e-03        2.872134e+03
               41300        3.450676e-03        3.584590e+03
               41400        3.041719e-03        3.182454e+03
               41500        2.331522e-03        3.107533e+03
               41600        2.563607e-03        2.939458e+03
               41700        2.377649e-03        2.872977e+03
               41800        4.136645e-03        3.101277e+03
               41900        2.678065e-03        2.927499e+03
               42000        2.876692e-03        3.141072e+03
               42100        2.670823e-03        2.852366e+03
               42200        2.392073e-03        2.830927e+03
               42300        3.116458e-03        3.036911e+03
               42400        2.523518e-03        2.860157e+03
               42500        2.360600e-03        2.861103e+03
               42600        2.385696e-03        3.013941e+03
               42700        3.024944e-03        3.134718e+03
               42800        5.422630e-03        2.705547e+03
               42900        2.631702e-03        2.796915e+03
               43000        2.391297e-03        3.312866e+03
               43100        2.360968e-03        2.897842e+03
               43200        2.647723e-03        3.063229e+03
               43300        3.979231e-03        3.197960e+03
               43400        2.459566e-03        2.935503e+03
               43500        2.384988e-03        3.168233e+03
               43600        2.632078e-03        3.093447e+03
               43700        2.439492e-03        2.753564e+03
               43800        3.471890e-03        2.718332e+03
               43900        2.670860e-03        2.682294e+03
               44000        4.013411e-03        2.847002e+03
               44100        2.431420e-03        2.808277e+03
               44200        2.607244e-03        2.629445e+03
               44300        4.581935e-03        3.226420e+03
               44400        2.560060e-03        3.238177e+03
               44500        2.460957e-03        3.051211e+03
               44600        2.447681e-03        2.622283e+03
               44700        3.736754e-03        2.596991e+03
               44800        3.681932e-03        2.602272e+03
               44900        2.442623e-03        2.587034e+03
               45000        3.900043e-03        3.043652e+03
               45100        4.985732e-03        2.947308e+03
               45200        3.266486e-03        3.551518e+03
               45300        2.574505e-03        2.863649e+03
               45400        4.349313e-03        3.111703e+03
               45500        2.443489e-03        2.812400e+03
               45600        2.459538e-03        3.625757e+03
               45700        2.466488e-03        3.091603e+03
               45800        3.066979e-03        3.234920e+03
               45900        2.528050e-03        3.354373e+03
               46000        2.449147e-03        6.374288e+03
               46100        2.543694e-03        2.810674e+03
               46200        4.340578e-03        2.496873e+03
               46300        3.106024e-03        2.822417e+03
               46400        2.476973e-03        2.550979e+03
               46500        3.346862e-03        2.937815e+03
               46600        3.034444e-03        3.330829e+03
               46700        2.434103e-03        2.993631e+03
               46800        2.485099e-03        3.636591e+03
               46900        3.539180e-03        2.760769e+03
               47000        2.700806e-03        3.322348e+03
               47100        2.480647e-03        3.330346e+03
               47200        2.653896e-03        2.989552e+03
               47300        3.126057e-03        3.118738e+03
               47400        2.440856e-03        2.525135e+03
               47500        3.360674e-03        2.561735e+03
               47600        2.577936e-03        2.651671e+03
               47700        3.611637e-03        2.596661e+03
               47800        2.520660e-03        3.054070e+03
               47900        2.434621e-03        3.209912e+03
               48000        2.473109e-03        2.800652e+03
               48100        3.209630e-03        2.691293e+03
               48200        2.630952e-03        3.202818e+03
               48300        2.534521e-03        2.867562e+03
               48400        2.618719e-03        3.660360e+03
               48500        3.097240e-03        3.251181e+03
               48600        2.546130e-03        3.651288e+03
               48700        2.982224e-03        2.965502e+03
               48800        2.435381e-03        2.994210e+03
               48900        3.138690e-03        2.711211e+03
               49000        3.670474e-03        2.786831e+03
               49100        3.025275e-03        3.563382e+03
               49200        2.528206e-03        2.980431e+03
               49300        3.467399e-03        2.531240e+03
               49400        2.452243e-03        2.523950e+03
               49500        2.699633e-03        2.801695e+03
               49600        2.728533e-03        2.974705e+03
               49700        2.442701e-03        2.974705e+03
               49800        2.727921e-03        2.558747e+03
               49900        3.446860e-03        3.219532e+03
               50000        2.600002e-03        2.960136e+03
               50100        2.690380e-03        2.625142e+03
               50200        2.609914e-03        2.738062e+03
               50300        2.472151e-03        2.820493e+03
               50400        2.786815e-03        3.075737e+03
               50500        3.437686e-03        2.956042e+03
               50600        2.706744e-03        3.273004e+03
               50700        2.524956e-03        3.152634e+03
               50800        2.460408e-03        2.652459e+03
               50900        2.490891e-03        2.810856e+03
               51000        2.633281e-03        2.597182e+03
               51100        3.562178e-03        2.614457e+03
               51200        2.439684e-03        2.910763e+03
               51300        2.470307e-03        2.814493e+03
               51400        2.727596e-03        3.039090e+03
               51500        3.413098e-03        2.718776e+03
               51600        2.532147e-03        3.197604e+03
               51700        2.359888e-03        2.899060e+03
               51800        2.470136e-03        3.050428e+03
               51900        2.711147e-03        3.050428e+03
               52000        2.357535e-03        2.836575e+03
               52100        2.272354e-03        2.423373e+03
               52200        2.317298e-03        2.656839e+03
               52300        2.270328e-03        2.910129e+03
               52400        2.269866e-03        2.623267e+03
               52500        3.719967e-03        2.607472e+03
               52600        2.576531e-03        2.529104e+03
               52700        2.305879e-03        2.512224e+03
               52800        2.650420e-03        2.338280e+03
               52900        2.212901e-03        2.844705e+03
               53000        2.715872e-03        2.725245e+03
               53100        3.332592e-03        2.811124e+03
               53200        2.931985e-03        2.625937e+03
               53300        2.612640e-03        2.502022e+03
               53400        2.308102e-03        2.659303e+03
               53500        2.271098e-03        3.156530e+03
               53600        2.261247e-03        2.733573e+03
               53700        3.137308e-03        2.827465e+03
               53800        2.264338e-03        2.480822e+03
               53900        2.475937e-03        2.480822e+03
               54000        2.418078e-03        2.830708e+03
               54100        2.268994e-03        2.431116e+03
               54200        2.360560e-03        2.431116e+03
               54300        2.412725e-03        2.843696e+03
               54400        2.639115e-03        2.413412e+03
               54500        3.133759e-03        2.454184e+03
               54600        2.275649e-03        3.173619e+03
               54700        3.263031e-03        2.876034e+03
               54800        2.278024e-03        2.746747e+03
               54900        2.667536e-03        3.285395e+03
               55000        2.257627e-03        3.599057e+03
               55100        2.285476e-03        2.661773e+03
               55200        2.280785e-03        3.048949e+03
               55300        3.341699e-03        2.718560e+03
               55400        2.579554e-03        2.708371e+03
               55500        2.365718e-03        2.641967e+03
               55600        3.233897e-03        2.535084e+03
               55700        2.303616e-03        2.477029e+03
               55800        2.476153e-03        2.984717e+03
               55900        3.774134e-03        2.492519e+03
               56000        2.358403e-03        2.790347e+03
               56100        3.123670e-03        2.501229e+03
               56200        2.299402e-03        2.799794e+03
               56300        3.039736e-03        2.709519e+03
               56400        2.573314e-03        2.605817e+03
               56500        2.583710e-03        3.149724e+03
               56600        2.418153e-03        2.599461e+03
               56700        3.125481e-03        2.732575e+03
               56800        2.541775e-03        2.732575e+03
               56900        2.402370e-03        2.636632e+03
               57000        2.378866e-03        2.664199e+03
               57100        3.601965e-03        2.370604e+03
               57200        2.341689e-03        2.430097e+03
               57300        2.779035e-03        2.683937e+03
               57400        2.348842e-03        2.415819e+03
               57500        2.700258e-03        2.730100e+03
               57600        3.427208e-03        2.811210e+03
               57700        2.481476e-03        3.053167e+03
               57800        2.334410e-03        2.535478e+03
               57900        2.335877e-03        2.792895e+03
               58000        2.525821e-03        3.228947e+03
               58100        2.324981e-03        2.654264e+03
               58200        2.340343e-03        2.486625e+03
               58300        2.271953e-03        3.057088e+03
               58400        3.442775e-03        3.084873e+03
               58500        2.642229e-03        3.084873e+03
               58600        2.370476e-03        3.214024e+03
               58700        2.990618e-03        2.704910e+03
               58800        3.486929e-03        2.524102e+03
               58900        2.612079e-03        2.706357e+03
               59000        2.351433e-03        2.506347e+03
               59100        2.612655e-03        2.472700e+03
               59200        3.171737e-03        2.536240e+03
               59300        2.426560e-03        2.833284e+03
               59400        2.360832e-03        2.736391e+03
               59500        2.276409e-03        2.732110e+03
               59600        2.498020e-03        2.498720e+03
               59700        2.385795e-03        2.498720e+03
               59800        3.067655e-03        2.678249e+03
               59900        2.533213e-03        2.690702e+03
               60000        2.299819e-03        2.697234e+03
               60100        2.504750e-03        2.302359e+03
               60200        2.573143e-03        2.537950e+03
               60300        2.475212e-03        2.925121e+03
               60400        3.045595e-03        2.538832e+03
               60500        2.574059e-03        2.597514e+03
               60600        2.552823e-03        2.871047e+03
               60700        2.339023e-03        2.442116e+03
               60800        2.459929e-03        3.012904e+03
               60900        3.299792e-03        2.610425e+03
               61000        2.574101e-03        2.674247e+03
               61100        2.844845e-03        2.738659e+03
               61200        2.830888e-03        2.677424e+03
               61300        2.813771e-03        2.677424e+03
               61400        2.818717e-03        2.979829e+03
               61500        2.388411e-03        2.454314e+03
               61600        3.473481e-03        2.675398e+03
               61700        2.360861e-03        2.930021e+03
               61800        2.282630e-03        2.502296e+03
               61900        2.596903e-03        3.087252e+03
               62000        2.284923e-03        2.560148e+03
               62100        3.142637e-03        2.555289e+03
               62200        2.481312e-03        2.555289e+03
               62300        2.593797e-03        2.461768e+03
               62400        2.575561e-03        2.461768e+03
               62500        3.281266e-03        2.643399e+03
               62600        2.354751e-03        2.670014e+03
               62700        2.582411e-03        2.462428e+03
               62800        2.432960e-03        2.586037e+03
               62900        3.929214e-03        2.401426e+03
               63000        2.483901e-03        2.736614e+03
               63100        2.609241e-03        2.767521e+03
               63200        2.380057e-03        2.508114e+03
               63300        2.629500e-03        2.434690e+03
               63400        2.714026e-03        2.461090e+03
               63500        4.028448e-03        2.586177e+03
               63600        2.381203e-03        2.642604e+03
               63700        2.806262e-03        2.642604e+03
               63800        2.338797e-03        3.022692e+03
               63900        4.000451e-03        2.756893e+03
               64000        2.495880e-03        2.520095e+03
               64100        2.509498e-03        3.683655e+03
               64200        2.537040e-03        3.342732e+03
               64300        3.476269e-03        2.651297e+03
               64400        2.415838e-03        3.193530e+03
               64500        2.518044e-03        3.202096e+03
               64600        2.468419e-03        2.512425e+03
               64700        4.170918e-03        2.512425e+03
               64800        2.534347e-03        2.682570e+03
               64900        2.378625e-03        2.624887e+03
               65000        2.434939e-03        2.702885e+03
               65100        2.385251e-03        2.624448e+03
               65200        2.364752e-03        3.254015e+03
               65300        2.476214e-03        2.962385e+03
               65400        2.868981e-03        2.641868e+03
               65500        2.440410e-03        2.794632e+03
               65600        2.367823e-03        3.112323e+03
               65700        2.599815e-03        2.519157e+03
               65800        2.401803e-03        2.743890e+03
               65900        2.441443e-03        3.201409e+03
               66000        2.357677e-03        3.020325e+03
               66100        2.710979e-03        2.883711e+03
               66200        4.313271e-03        3.417250e+03
               66300        2.675247e-03        3.195790e+03
               66400        2.389837e-03        2.842130e+03
               66500        2.349571e-03        2.565352e+03
               66600        2.348015e-03        2.634547e+03
               66700        4.135530e-03        2.545472e+03
               66800        3.742195e-03        2.470670e+03
               66900        2.360672e-03        2.664010e+03
               67000        2.401799e-03        2.451616e+03
               67100        2.610327e-03        3.012971e+03
               67200        3.376952e-03        2.775508e+03
               67300        2.935129e-03        2.440292e+03
               67400        2.797862e-03        2.370795e+03
               67500        2.384199e-03        3.185553e+03
               67600        2.281073e-03        2.679681e+03
               67700        2.405112e-03        2.467489e+03
               67800        3.726941e-03        2.777538e+03
               67900        2.854623e-03        2.733829e+03
               68000        2.764371e-03        2.966282e+03
               68100        3.393207e-03        2.652150e+03
               68200        2.350693e-03        2.595222e+03
               68300        2.348760e-03        2.940097e+03
               68400        2.672651e-03        2.710712e+03
               68500        3.279620e-03        3.171500e+03
               68600        2.961317e-03        2.548454e+03
               68700        2.372352e-03        2.870523e+03
               68800        2.838638e-03        2.509242e+03
               68900        2.405843e-03        2.224920e+03
               69000        2.365751e-03        2.506373e+03
               69100        3.192512e-03        2.784860e+03
               69200        4.232411e-03        2.799510e+03
               69300        2.454624e-03        3.043273e+03
               69400        2.546886e-03        3.000008e+03
               69500        2.292668e-03        2.348245e+03
               69600        2.268425e-03        2.482493e+03
               69700        3.056127e-03        3.090585e+03
               69800        2.274515e-03        3.084772e+03
               69900        2.875937e-03        2.753159e+03
               70000        2.571532e-03        2.484916e+03
               70100        2.311381e-03        2.503759e+03
               70200        3.491376e-03        2.614584e+03
               70300        3.553006e-03        3.542762e+03
               70400        2.348917e-03        2.455315e+03
               70500        3.017128e-03        3.198692e+03
               70600        2.506905e-03        3.002822e+03
               70700        2.357095e-03        2.799767e+03
               70800        3.113357e-03        3.301603e+03
               70900        3.340811e-03        2.534486e+03
               71000        2.442597e-03        3.012520e+03
               71100        2.806788e-03        2.594625e+03
               71200        2.897727e-03        2.875668e+03
               71300        2.441024e-03        2.707970e+03
               71400        2.445926e-03        2.738630e+03
               71500        3.372191e-03        2.986835e+03
               71600        2.833192e-03        3.050112e+03
               71700        2.734308e-03        2.511838e+03
               71800        2.883018e-03        2.563813e+03
               71900        2.443103e-03        2.643220e+03
               72000        2.437274e-03        2.920084e+03
               72100        2.642551e-03        3.027130e+03
               72200        3.384763e-03        3.058393e+03
               72300        3.106113e-03        2.344058e+03
               72400        2.708123e-03        2.445926e+03
               72500        2.476562e-03        2.668013e+03
               72600        2.506661e-03        2.360563e+03
               72700        2.774971e-03        3.306231e+03
               72800        3.594292e-03        5.082768e+03
               72900        2.536714e-03        2.881248e+03
               73000        2.497048e-03        2.340527e+03
               73100        3.121769e-03        2.548480e+03
               73200        3.122553e-03        2.547988e+03
               73300        2.572328e-03        2.454109e+03
               73400        2.961881e-03        2.389158e+03
               73500        2.905486e-03        3.135924e+03
               73600        2.450853e-03        2.593110e+03
               73700        3.118100e-03        2.784768e+03
               73800        3.179450e-03        3.554773e+03
               73900        2.441052e-03        2.940475e+03
               74000        2.670166e-03        3.501493e+03
               74100        2.591110e-03        2.863473e+03
               74200        2.445822e-03        2.860681e+03
               74300        2.446081e-03        3.414182e+03
               74400        3.021117e-03        2.436352e+03
               74500        3.828435e-03        2.406184e+03
               74600        2.859602e-03        2.686514e+03
               74700        2.928868e-03        2.341173e+03
               74800        2.905026e-03        2.431229e+03
               74900        3.716678e-03        2.390926e+03
               75000        3.012136e-03        2.476952e+03
               75100        2.980575e-03        2.418542e+03
               75200        2.812621e-03        2.698378e+03
               75300        2.920420e-03        2.469503e+03
               75400        3.736060e-03        2.566143e+03
               75500        2.939935e-03        2.493162e+03
               75600        3.084763e-03        2.307886e+03
               75700        3.933487e-03        2.289167e+03
               75800        2.821043e-03        2.262972e+03
               75900        2.927649e-03        2.233731e+03
               76000        3.191879e-03        2.364124e+03
               76100        3.507900e-03        2.364124e+03
               76200        2.842897e-03        2.361658e+03
               76300        2.969654e-03        2.356342e+03
               76400        2.700304e-03        4.283182e+03
               76500        2.746989e-03        2.848900e+03
               76600        2.697950e-03        2.400877e+03
               76700        2.531723e-03        2.902875e+03
               76800        3.224860e-03        2.822461e+03
               76900        2.767073e-03        2.732332e+03
               77000        2.461037e-03        2.745777e+03
               77100        2.444474e-03        2.423950e+03
               77200        2.629745e-03        3.286642e+03
               77300        2.557115e-03        2.666962e+03
               77400        2.433480e-03        2.533901e+03
               77500        2.895501e-03        2.349141e+03
               77600        3.281530e-03        2.283694e+03
               77700        2.440006e-03        2.283694e+03
               77800        2.437292e-03        2.926832e+03
               77900        2.874919e-03        3.396015e+03
               78000        4.144132e-03        2.947981e+03
               78100        2.874595e-03        2.657906e+03
               78200        2.640144e-03        2.463777e+03
               78300        2.438230e-03        2.554222e+03
               78400        2.433787e-03        2.505000e+03
               78500        2.532301e-03        2.223195e+03
               78600        4.083723e-03        3.693224e+03
               78700        2.958150e-03        2.553726e+03
               78800        2.578655e-03        2.439959e+03
               78900        2.489378e-03        2.536106e+03
               79000        2.461909e-03        2.694848e+03
               79100        2.662870e-03        2.481458e+03
               79200        2.541270e-03        2.384564e+03
               79300        2.727435e-03        2.859710e+03
               79400        2.719646e-03        3.182033e+03
               79500        2.439892e-03        2.844890e+03
               79600        2.857133e-03        2.431512e+03
               79700        2.925115e-03        2.653162e+03
               79800        3.578447e-03        2.563807e+03
               79900        2.593237e-03        2.940979e+03
               80000        2.436276e-03        2.438175e+03
               80100        2.441675e-03        3.448969e+03
               80200        2.597008e-03        2.576819e+03
               80300        2.696237e-03        2.508060e+03
               80400        2.480685e-03        2.392351e+03
               80500        2.739968e-03        2.892184e+03
               80600        3.194307e-03        2.790811e+03
               80700        2.560939e-03        2.668829e+03
               80800        2.609430e-03        2.930585e+03
               80900        2.429052e-03        2.573508e+03
               81000        2.436825e-03        2.469384e+03
               81100        2.570426e-03        2.338510e+03
               81200        2.479437e-03        2.446946e+03
               81300        2.561422e-03        2.291132e+03
               81400        2.876368e-03        2.487754e+03
               81500        2.440056e-03        2.377523e+03
               81600        3.828122e-03        3.011851e+03
               81700        2.511027e-03        2.926302e+03
               81800        2.590310e-03        2.684368e+03
               81900        2.568238e-03        3.955729e+03
               82000        2.436677e-03        2.352906e+03
               82100        2.555419e-03        2.433528e+03
               82200        2.562789e-03        2.729377e+03
               82300        2.447849e-03        2.400987e+03
               82400        3.084700e-03        2.343687e+03
               82500        2.853597e-03        2.343687e+03
               82600        3.510588e-03        2.484578e+03
               82700        2.548615e-03        2.290028e+03
               82800        3.668433e-03        2.334995e+03
               82900        2.701736e-03        2.585939e+03
               83000        2.651896e-03        2.424492e+03
               83100        2.955435e-03        2.356927e+03
               83200        2.707797e-03        2.514389e+03
               83300        2.695422e-03        2.790622e+03
               83400        3.728565e-03        2.913715e+03
               83500        2.584231e-03        2.644806e+03
               83600        4.123856e-03        2.746180e+03
               83700        3.133875e-03        2.537681e+03
               83800        2.620863e-03        3.086676e+03
               83900        2.558187e-03        3.086676e+03
               84000        2.502285e-03        2.482421e+03
               84100        2.563265e-03        2.637015e+03
               84200        3.047377e-03        2.588714e+03
               84300        3.715927e-03        2.912017e+03
               84400        2.546659e-03        2.648021e+03
               84500        2.664517e-03        2.411303e+03
               84600        2.458045e-03        2.441408e+03
               84700        2.447620e-03        2.443831e+03
               84800        2.561184e-03        2.292549e+03
               84900        3.925149e-03        3.121590e+03
               85000        2.485979e-03        2.608887e+03
               85100        3.903846e-03        3.188081e+03
               85200        2.842009e-03        4.249085e+03
               85300        2.462423e-03        2.413591e+03
               85400        3.267220e-03        3.466248e+03
               85500        3.471968e-03        2.828926e+03
               85600        2.448936e-03        2.281223e+03
               85700        3.283184e-03        2.862985e+03
               85800        2.554892e-03        2.385820e+03
               85900        2.501536e-03        3.228457e+03
               86000        2.470349e-03        3.852896e+03
               86100        2.495232e-03        2.156971e+03
               86200        2.769051e-03        2.471837e+03
               86300        2.777873e-03        2.629205e+03
               86400        2.808409e-03        2.447461e+03
               86500        2.520554e-03        2.282395e+03
               86600        2.512162e-03        2.308808e+03
               86700        2.537262e-03        3.704277e+03
               86800        2.682171e-03        3.704277e+03
               86900        2.440227e-03        2.359224e+03
               87000        2.455419e-03        2.381886e+03
               87100        2.586625e-03        2.381886e+03
               87200        2.977825e-03        2.721752e+03
               87300        2.836763e-03        2.493813e+03
               87400        2.504584e-03        2.485084e+03
               87500        2.522033e-03        2.823823e+03
               87600        2.925109e-03        2.475425e+03
               87700        2.466888e-03        2.356954e+03
               87800        2.446935e-03        2.337723e+03
               87900        2.576099e-03        3.356802e+03
               88000        2.514931e-03        2.839659e+03
               88100        2.910595e-03        2.498390e+03
               88200        3.373464e-03        2.317392e+03
               88300        2.434142e-03        2.303990e+03
               88400        2.576143e-03        2.258623e+03
               88500        2.772329e-03        2.536383e+03
               88600        2.702739e-03        2.729551e+03
               88700        2.450283e-03        2.919061e+03
               88800        2.440064e-03        3.880121e+03
               88900        2.736105e-03        2.471762e+03
               89000        2.855770e-03        2.392851e+03
               89100        2.353770e-03        2.369752e+03
               89200        2.666859e-03        2.574012e+03
               89300        2.379529e-03        2.409606e+03
               89400        2.346974e-03        2.432691e+03
               89500        2.557794e-03        2.432691e+03
               89600        2.685565e-03        2.612433e+03
               89700        2.494274e-03        2.934154e+03
               89800        2.617780e-03        2.236076e+03
               89900        2.541802e-03        2.496259e+03
               90000        2.541783e-03        2.474316e+03
               90100        2.376481e-03        2.687756e+03
               90200        2.592396e-03        2.251991e+03
               90300        2.461860e-03        2.294795e+03
               90400        2.710793e-03        2.208232e+03
               90500        2.468099e-03        2.282598e+03
               90600        2.576883e-03        2.227349e+03
               90700        2.889805e-03        2.142278e+03
               90800        2.735459e-03        2.361213e+03
               90900        2.684826e-03        2.450642e+03
               91000        2.792092e-03        2.748242e+03
               91100        2.447188e-03        2.669037e+03
               91200        2.373382e-03        2.365707e+03
               91300        2.775830e-03        2.299411e+03
               91400        2.406510e-03        2.339301e+03
               91500        2.463500e-03        2.247684e+03
               91600        2.490641e-03        2.307197e+03
               91700        2.455519e-03        2.317118e+03
               91800        2.465548e-03        3.494974e+03
               91900        2.608632e-03        2.128421e+03
               92000        2.538827e-03        2.128421e+03
               92100        2.405589e-03        2.456290e+03
               92200        2.375241e-03        2.456290e+03
               92300        2.348107e-03        2.527524e+03
               92400        2.773716e-03        2.325576e+03
               92500        2.496901e-03        2.777036e+03
               92600        2.644445e-03        2.797259e+03
               92700        2.452873e-03        2.995318e+03
               92800        2.519634e-03        2.210388e+03
               92900        2.642764e-03        2.678014e+03
               93000        2.405762e-03        2.528425e+03
               93100        2.511652e-03        3.219553e+03
               93200        2.550451e-03        2.357757e+03
               93300        2.462705e-03        2.313792e+03
               93400        2.771032e-03        2.674531e+03
               93500        2.536630e-03        2.868371e+03
               93600        2.606361e-03        2.772296e+03
               93700        2.343437e-03        3.217472e+03
               93800        3.217622e-03        2.650237e+03
               93900        2.519291e-03        3.291618e+03
               94000        2.818816e-03        2.403632e+03
               94100        2.458367e-03        2.361575e+03
               94200        2.468970e-03        2.571766e+03
               94300        2.480335e-03        2.648017e+03
               94400        3.345125e-03        2.780796e+03
               94500        2.513526e-03        2.377202e+03
               94600        2.446159e-03        2.501373e+03
               94700        2.463512e-03        2.418036e+03
               94800        2.398788e-03        2.418036e+03
               94900        2.463169e-03        2.943771e+03
               95000        2.351044e-03        2.388828e+03
               95100        2.505080e-03        2.828844e+03
               95200        2.447895e-03        2.149404e+03
               95300        2.359990e-03        2.400472e+03
               95400        2.728816e-03        2.331730e+03
               95500        2.316990e-03        2.283915e+03
               95600        2.932648e-03        2.604166e+03
               95700        2.387843e-03        2.742028e+03
               95800        2.790520e-03        2.344290e+03
               95900        2.473055e-03        2.167313e+03
               96000        2.920850e-03        2.549556e+03
               96100        2.476603e-03        2.276415e+03
               96200        2.424638e-03        2.340259e+03
               96300        2.370808e-03        2.623671e+03
               96400        2.352095e-03        2.840853e+03
               96500        2.504267e-03        2.995235e+03
               96600        2.663928e-03        2.755625e+03
               96700        2.452127e-03        2.501305e+03
               96800        3.354031e-03        2.394438e+03
               96900        2.430129e-03        2.458013e+03
               97000        3.017785e-03        2.443628e+03
               97100        2.394985e-03        3.418755e+03
               97200        2.467630e-03        3.418755e+03
               97300        2.369804e-03        2.570207e+03
               97400        2.900180e-03        2.177073e+03
               97500        2.722477e-03        2.586902e+03
               97600        4.086003e-03        3.040472e+03
               97700        2.708457e-03        2.067374e+03
               97800        2.383008e-03        2.337512e+03
               97900        2.433445e-03        2.387014e+03
               98000        4.023219e-03        2.250581e+03
               98100        2.410442e-03        2.520334e+03
               98200        3.726065e-03        2.061182e+03
               98300        2.940524e-03        2.180007e+03
               98400        2.395919e-03        2.713377e+03
               98500        2.325248e-03        2.901155e+03
               98600        2.433973e-03        2.301201e+03
               98700        2.428527e-03        2.389243e+03
               98800        2.402328e-03        2.347841e+03
               98900        2.280682e-03        2.406883e+03
               99000        2.472329e-03        2.096826e+03
               99100        2.420006e-03        2.347668e+03
               99200        2.319617e-03        2.187112e+03
               99300        2.384084e-03        2.101602e+03
               99400        2.405382e-03        2.101602e+03
               99500        2.071435e-03        2.298427e+03
               99600        2.150491e-03        2.345478e+03
               99700        2.144216e-03        2.203115e+03
               99800        2.308940e-03        2.117814e+03
               99900        2.197511e-03        2.424813e+03
              100000        2.246512e-03        2.495305e+03
