Period: 100
               Epoch           Time cost                Loss
                 100        1.850749e-03        8.545393e+03
                 200        1.942481e-03        4.298734e+03
                 300        2.155334e-03        4.298563e+03
                 400        2.242623e-03        5.000581e+03
                 500        2.219717e-03        5.000581e+03
                 600        2.185573e-03        3.870368e+03
                 700        2.177859e-03        3.870368e+03
                 800        2.485525e-03        4.229865e+03
                 900        2.306055e-03        4.229865e+03
                1000        2.099936e-03        2.222379e+03
                1100        2.132258e-03        2.222379e+03
                1200        2.048154e-03        3.794146e+03
                1300        2.148038e-03        2.779182e+03
                1400        2.148922e-03        2.779182e+03
                1500        2.029402e-03        1.848172e+03
                1600        2.067642e-03        1.848172e+03
                1700        2.532774e-03        3.563637e+03
                1800        2.148370e-03        3.563637e+03
                1900        2.157885e-03        2.214412e+03
                2000        2.141574e-03        2.214412e+03
                2100        2.143780e-03        2.220616e+03
                2200        2.236231e-03        2.220616e+03
                2300        2.225111e-03        2.559448e+03
                2400        2.192081e-03        2.559448e+03
                2500        2.247521e-03        1.897241e+03
                2600        2.446241e-03        1.897247e+03
                2700        2.284582e-03        1.942438e+03
                2800        2.133144e-03        1.942438e+03
                2900        2.231267e-03        1.681947e+03
                3000        2.150062e-03        1.681947e+03
                3100        2.126181e-03        1.781097e+03
                3200        2.242664e-03        2.143208e+03
                3300        2.252150e-03        2.143208e+03
                3400        2.290782e-03        2.346958e+03
                3500        2.276966e-03        2.346958e+03
                3600        2.219136e-03        2.447134e+03
                3700        2.244804e-03        2.447134e+03
                3800        2.071505e-03        2.105980e+03
                3900        2.206125e-03        2.105980e+03
                4000        2.184899e-03        2.360865e+03
                4100        2.332367e-03        2.360865e+03
                4200        2.342962e-03        1.671980e+03
                4300        2.310073e-03        1.671980e+03
                4400        2.357830e-03        2.733118e+03
                4500        2.300138e-03        2.642827e+03
                4600        2.259923e-03        1.529593e+03
                4700        2.273226e-03        1.529593e+03
                4800        2.259949e-03        1.763335e+03
                4900        2.195559e-03        1.763335e+03
                5000        2.328204e-03        1.654581e+03
                5100        2.412607e-03        1.654581e+03
                5200        2.395573e-03        1.682475e+03
                5300        2.257956e-03        1.562884e+03
                5400        2.277461e-03        1.562884e+03
                5500        2.329898e-03        1.867932e+03
                5600        2.346089e-03        1.867932e+03
                5700        2.327093e-03        2.085642e+03
                5800        2.330064e-03        1.224460e+03
                5900        2.374417e-03        1.224460e+03
                6000        2.405199e-03        1.624784e+03
                6100        2.272114e-03        2.542003e+03
                6200        2.266022e-03        1.225900e+03
                6300        2.258032e-03        1.216083e+03
                6400        2.259563e-03        1.216083e+03
                6500        2.333978e-03        8.761976e+02
                6600        2.365650e-03        8.761976e+02
                6700        2.398342e-03        6.477514e+02
                6800        2.391719e-03        6.477514e+02
                6900        2.330262e-03        1.438511e+03
                7000        2.287687e-03        1.438511e+03
                7100        2.332618e-03        1.545561e+03
                7200        2.363023e-03        1.545561e+03
                7300        2.326428e-03        7.012538e+02
                7400        2.347098e-03        7.012538e+02
                7500        2.238437e-03        6.170706e+02
                7600        2.405637e-03        6.170706e+02
                7700        2.346882e-03        1.027985e+03
                7800        2.294211e-03        7.503007e+02
                7900        2.278632e-03        7.503007e+02
                8000        2.369736e-03        1.882527e+03
                8100        2.343973e-03        1.882527e+03
                8200        2.336753e-03        8.531211e+02
                8300        2.331511e-03        1.030242e+03
                8400        2.404309e-03        1.025234e+03
                8500        2.370146e-03        7.010083e+02
                8600        2.326156e-03        7.010083e+02
                8700        2.317115e-03        8.923717e+02
                8800        2.291682e-03        8.335579e+02
                8900        2.161784e-03        8.335579e+02
                9000        2.334271e-03        9.118895e+02
                9100        2.319192e-03        9.118895e+02
                9200        2.345188e-03        9.976340e+02
                9300        2.509269e-03        9.976340e+02
                9400        2.407622e-03        1.089356e+03
                9500        2.405428e-03        1.089356e+03
                9600        2.411759e-03        8.835634e+02
                9700        2.410207e-03        8.835634e+02
                9800        2.225713e-03        8.965023e+02
                9900        2.329584e-03        8.965023e+02
               10000        2.345302e-03        9.861246e+02
               10100        2.372560e-03        9.861246e+02
               10200        2.236215e-03        7.682007e+02
               10300        2.495838e-03        7.682007e+02
               10400        2.297867e-03        1.299243e+03
               10500        2.348027e-03        1.299243e+03
               10600        2.388042e-03        4.203032e+02
               10700        2.302050e-03        4.203032e+02
               10800        2.300745e-03        4.655081e+02
               10900        2.395619e-03        4.655081e+02
               11000        2.302759e-03        8.513659e+02
               11100        2.298999e-03        8.513659e+02
               11200        2.356608e-03        5.085755e+02
               11300        2.368965e-03        5.085755e+02
               11400        2.366708e-03        5.696946e+02
               11500        2.333513e-03        6.227958e+02
               11600        2.289224e-03        6.227958e+02
               11700        2.312227e-03        4.499683e+02
               11800        2.378674e-03        4.499683e+02
               11900        2.259075e-03        2.862366e+02
               12000        2.368436e-03        2.862366e+02
               12100        2.349062e-03        4.768092e+02
               12200        2.291437e-03        4.768092e+02
               12300        2.315077e-03        4.482096e+02
               12400        2.239104e-03        4.872416e+02
               12500        2.272521e-03        4.872416e+02
               12600        2.294783e-03        4.178386e+02
               12700        2.435372e-03        4.178386e+02
               12800        2.398458e-03        1.004140e+03
               12900        2.376410e-03        1.004140e+03
               13000        2.369506e-03        3.128452e+02
               13100        2.363836e-03        3.128452e+02
               13200        2.297684e-03        4.144246e+02
               13300        2.280302e-03        4.144246e+02
               13400        2.174338e-03        3.682919e+02
               13500        2.390179e-03        3.682919e+02
               13600        2.378495e-03        2.734204e+02
               13700        2.445333e-03        2.734204e+02
               13800        2.397596e-03        8.106860e+02
               13900        2.266271e-03        2.724005e+02
               14000        2.393070e-03        2.724005e+02
               14100        2.421130e-03        6.141317e+02
               14200        2.368843e-03        6.141317e+02
               14300        2.362049e-03        4.848812e+02
               14400        2.311538e-03        4.848812e+02
               14500        2.319442e-03        1.543875e+02
               14600        2.376851e-03        1.543875e+02
               14700        2.444927e-03        1.409421e+02
               14800        2.418793e-03        1.409421e+02
               14900        2.449594e-03        1.095138e+02
               15000        2.204496e-03        1.095138e+02
               15100        2.370695e-03        4.243387e+02
               15200        2.367020e-03        4.243387e+02
               15300        2.334254e-03        1.899895e+02
               15400        2.336510e-03        1.899895e+02
               15500        2.193369e-03        2.802763e+02
               15600        2.445798e-03        2.802763e+02
               15700        2.504296e-03        2.428849e+02
               15800        2.212357e-03        2.428849e+02
               15900        2.370006e-03        1.543987e+02
               16000        2.373344e-03        1.543987e+02
               16100        2.381082e-03        2.282497e+02
               16200        2.381342e-03        2.282497e+02
               16300        2.365830e-03        2.894267e+02
               16400        2.466285e-03        2.142504e+02
               16500        2.463750e-03        2.142504e+02
               16600        2.385294e-03        1.617897e+02
               16700        2.443745e-03        1.617897e+02
               16800        2.415764e-03        1.747045e+02
               16900        2.444985e-03        1.747045e+02
               17000        2.202413e-03        1.693507e+02
               17100        2.365173e-03        4.479547e+02
               17200        2.355849e-03        4.479547e+02
               17300        2.421905e-03        3.040502e+02
               17400        2.396031e-03        3.040502e+02
               17500        2.196038e-03        1.602373e+02
               17600        2.369245e-03        1.602338e+02
               17700        2.360889e-03        2.267487e+02
               17800        2.371994e-03        2.267487e+02
               17900        2.442002e-03        2.817361e+02
               18000        2.449732e-03        4.713078e+02
               18100        2.516179e-03        4.713078e+02
               18200        2.290808e-03        2.489301e+02
               18300        2.270012e-03        2.489301e+02
               18400        2.369385e-03        2.536886e+02
               18500        2.369481e-03        1.083673e+02
               18600        2.363362e-03        1.675369e+02
               18700        2.374156e-03        1.675369e+02
               18800        2.327994e-03        1.763322e+02
               18900        2.493487e-03        1.763322e+02
               19000        2.394651e-03        1.910533e+02
               19100        2.481939e-03        1.910533e+02
               19200        2.475819e-03        1.331869e+02
               19300        2.451396e-03        1.331869e+02
               19400        2.532864e-03        2.017214e+02
               19500        2.452854e-03        2.017214e+02
               19600        2.442994e-03        3.644475e+02
               19700        2.398986e-03        3.644475e+02
               19800        2.261423e-03        1.199016e+02
               19900        2.418702e-03        1.559989e+02
               20000        2.802267e-03        1.559989e+02
               20100        2.455051e-03        7.019044e+01
               20200        2.435784e-03        7.019044e+01
               20300        2.453935e-03        7.391875e+01
               20400        2.488039e-03        7.391875e+01
               20500        2.509807e-03        7.295788e+01
               20600        2.259689e-03        7.295788e+01
               20700        2.355621e-03        6.539193e+01
               20800        2.375544e-03        6.539193e+01
               20900        2.366843e-03        5.404769e+01
               21000        2.373817e-03        5.404769e+01
               21100        2.378257e-03        5.232041e+01
               21200        2.325497e-03        5.232041e+01
               21300        2.561561e-03        5.031882e+01
               21400        2.310831e-03        5.454243e+01
               21500        2.584427e-03        5.454243e+01
               21600        2.427506e-03        4.946479e+01
               21700        2.516770e-03        6.126634e+01
               21800        2.517952e-03        6.126634e+01
               21900        2.436205e-03        2.764839e+02
               22000        2.527975e-03        2.764839e+02
               22100        2.458270e-03        1.687425e+02
               22200        2.241072e-03        1.687425e+02
               22300        2.383975e-03        1.337703e+02
               22400        2.306342e-03        1.337703e+02
               22500        2.362558e-03        1.768341e+02
               22600        2.344502e-03        9.631093e+01
               22700        2.188054e-03        3.279934e+02
               22800        2.476390e-03        3.279934e+02
               22900        2.443286e-03        1.002946e+02
               23000        2.521330e-03        1.002946e+02
               23100        2.445905e-03        1.842403e+02
               23200        2.444163e-03        1.842403e+02
               23300        2.354874e-03        8.535182e+01
               23400        2.435453e-03        8.535182e+01
               23500        2.448060e-03        9.986579e+01
               23600        2.583589e-03        9.986579e+01
               23700        2.454279e-03        9.380339e+01
               23800        2.357357e-03        9.380339e+01
               23900        2.436832e-03        1.318986e+02
               24000        2.420564e-03        1.318986e+02
               24100        2.200876e-03        1.088398e+02
               24200        2.400004e-03        5.608050e+01
               24300        2.459243e-03        5.608050e+01
               24400        2.545438e-03        5.629822e+01
               24500        2.442083e-03        5.629822e+01
               24600        2.206623e-03        5.472512e+01
               24700        2.507075e-03        5.189398e+01
               24800        2.467577e-03        5.189398e+01
               24900        2.412598e-03        5.188604e+01
               25000        2.251693e-03        5.188604e+01
               25100        2.439345e-03        5.235501e+01
               25200        2.530170e-03        5.235501e+01
               25300        2.474321e-03        1.819189e+02
               25400        2.272823e-03        1.819189e+02
               25500        2.373415e-03        2.783331e+01
               25600        2.442988e-03        6.287366e+01
               25700        2.444556e-03        6.287366e+01
               25800        2.447278e-03        6.200413e+01
               25900        2.353536e-03        6.200413e+01
               26000        2.443082e-03        2.116294e+02
               26100        2.498313e-03        2.116294e+02
               26200        2.453324e-03        1.021112e+02
               26300        2.396238e-03        1.021112e+02
               26400        2.434076e-03        5.014153e+01
               26500        2.437044e-03        5.014153e+01
               26600        2.362913e-03        6.106751e+01
               26700        2.364929e-03        6.106751e+01
               26800        2.446205e-03        3.422589e+01
               26900        2.317031e-03        3.422589e+01
               27000        2.236262e-03        3.298718e+01
               27100        2.435343e-03        3.299032e+01
               27200        2.492063e-03        3.299032e+01
               27300        2.457175e-03        3.612199e+01
               27400        2.433205e-03        3.612199e+01
               27500        2.315229e-03        3.586291e+01
               27600        2.448885e-03        3.586291e+01
               27700        2.477938e-03        1.459484e+02
               27800        2.236716e-03        3.371848e+01
               27900        2.421119e-03        3.379085e+01
               28000        2.366821e-03        3.605162e+01
               28100        2.435607e-03        3.605162e+01
               28200        2.446169e-03        1.332854e+02
               28300        2.432150e-03        8.864607e+01
               28400        2.431811e-03        8.864607e+01
               28500        2.445094e-03        9.856530e+01
               28600        2.380408e-03        9.856530e+01
               28700        2.530310e-03        8.346281e+01
               28800        2.463534e-03        8.346281e+01
               28900        2.277809e-03        1.456555e+02
               29000        2.440496e-03        1.456555e+02
               29100        2.404946e-03        4.750203e+01
               29200        2.438849e-03        4.750203e+01
               29300        2.291104e-03        6.800622e+01
               29400        2.376197e-03        6.800622e+01
               29500        2.403005e-03        2.320017e+01
               29600        2.459254e-03        2.320017e+01
               29700        2.446877e-03        2.305607e+01
               29800        2.382893e-03        1.476261e+02
               29900        2.432486e-03        1.476261e+02
               30000        2.597653e-03        1.601744e+02
               30100        2.458315e-03        1.601744e+02
               30200        2.445117e-03        7.529906e+01
               30300        2.408843e-03        7.529906e+01
               30400        2.373234e-03        5.012911e+01
               30500        2.377484e-03        5.012911e+01
               30600        2.323722e-03        8.066735e+01
               30700        2.375836e-03        8.066735e+01
               30800        2.651002e-03        5.615601e+01
               30900        2.442823e-03        5.615601e+01
               31000        2.485410e-03        5.699739e+01
               31100        2.443852e-03        5.699739e+01
               31200        2.443690e-03        5.686839e+01
               31300        2.450601e-03        3.703724e+01
               31400        2.446883e-03        3.703724e+01
               31500        2.475764e-03        6.961865e+01
               31600        2.432240e-03        6.961865e+01
               31700        2.206387e-03        5.444304e+01
               31800        2.445050e-03        5.444304e+01
               31900        2.267038e-03        8.318652e+01
               32000        2.457207e-03        8.318652e+01
               32100        2.429002e-03        1.955809e+02
               32200        2.607264e-03        1.009718e+02
               32300        2.596029e-03        1.009718e+02
               32400        2.492119e-03        1.287168e+02
               32500        2.441867e-03        1.287168e+02
               32600        2.440973e-03        1.075709e+02
               32700        2.259817e-03        1.340136e+02
               32800        2.444325e-03        1.198922e+02
               32900        2.449980e-03        1.198922e+02
               33000        2.434155e-03        9.425098e+01
               33100        2.452141e-03        9.425098e+01
               33200        2.213208e-03        1.232350e+02
               33300        2.373738e-03        1.232350e+02
               33400        2.444720e-03        6.234226e+01
               33500        2.323229e-03        6.234226e+01
               33600        2.513546e-03        5.610915e+01
               33700        2.528586e-03        5.610915e+01
               33800        2.384852e-03        5.165350e+01
               33900        2.511553e-03        5.165350e+01
               34000        2.430827e-03        1.071194e+02
               34100        2.422135e-03        4.485626e+01
               34200        2.420194e-03        4.485626e+01
               34300        2.369858e-03        2.038260e+01
               34400        2.242863e-03        2.038260e+01
               34500        2.392084e-03        1.364666e+01
               34600        2.477937e-03        1.364666e+01
               34700        2.612359e-03        1.362717e+01
               34800        2.447218e-03        1.362717e+01
               34900        2.391031e-03        1.361651e+01
               35000        2.393037e-03        1.361651e+01
               35100        2.403369e-03        1.699382e+01
               35200        2.368386e-03        1.699382e+01
               35300        2.400369e-03        1.540022e+01
               35400        2.434802e-03        1.540022e+01
               35500        2.446609e-03        1.693149e+01
               35600        2.469245e-03        1.774886e+01
               35700        2.539723e-03        1.774886e+01
               35800        2.532816e-03        1.745729e+01
               35900        2.525907e-03        1.747734e+01
               36000        2.439512e-03        1.512709e+01
               36100        2.437254e-03        1.512709e+01
               36200        2.415292e-03        5.602330e+01
               36300        2.266557e-03        5.602330e+01
               36400        2.368796e-03        1.293043e+01
               36500        2.408940e-03        1.293043e+01
               36600        2.432562e-03        1.292822e+01
               36700        2.533923e-03        1.292822e+01
               36800        2.525488e-03        1.294018e+01
               36900        2.529924e-03        1.294018e+01
               37000        2.507767e-03        1.298513e+01
               37100        2.390029e-03        1.298513e+01
               37200        2.448214e-03        1.300411e+01
               37300        2.261029e-03        1.300411e+01
               37400        2.232511e-03        1.166304e+01
               37500        2.434209e-03        1.166304e+01
               37600        2.447278e-03        6.973983e+00
               37700        2.490513e-03        6.973983e+00
               37800        2.563914e-03        1.203495e+02
               37900        2.481762e-03        1.203495e+02
               38000        2.368924e-03        1.581729e+01
               38100        2.375609e-03        1.581729e+01
               38200        2.429276e-03        1.564772e+01
               38300        2.412291e-03        1.564772e+01
               38400        2.392099e-03        1.563624e+01
               38500        2.391331e-03        4.772126e+01
               38600        2.460815e-03        4.772126e+01
               38700        2.364125e-03        1.976865e+01
               38800        2.378494e-03        1.976865e+01
               38900        2.442705e-03        1.213911e+01
               39000        2.552513e-03        1.213911e+01
               39100        2.339791e-03        9.922992e+00
               39200        2.302165e-03        9.922992e+00
               39300        2.422022e-03        9.778814e+00
               39400        2.372580e-03        9.778814e+00
               39500        2.365205e-03        9.298995e+00
               39600        2.501437e-03        9.298995e+00
               39700        2.429087e-03        7.772232e+00
               39800        2.352313e-03        7.772232e+00
               39900        2.295638e-03        7.411207e+00
               40000        2.420710e-03        2.368061e+00
               40100        2.465658e-03        2.368061e+00
               40200        2.375030e-03        2.079155e+00
               40300        2.352697e-03        2.079155e+00
               40400        2.445897e-03        2.059390e+00
               40500        2.439048e-03        2.565008e+01
               40600        2.441883e-03        2.565008e+01
               40700        2.416258e-03        1.967827e+01
               40800        2.568000e-03        1.967827e+01
               40900        2.717287e-03        1.715248e+00
               41000        2.342519e-03        1.715248e+00
               41100        2.427294e-03        1.152278e+00
               41200        2.452476e-03        1.152278e+00
               41300        2.434417e-03        1.098190e+00
               41400        2.445854e-03        8.662979e-01
               41500        2.451942e-03        1.454074e+00
               41600        2.595515e-03        1.454061e+00
               41700        2.341897e-03        1.447739e+00
               41800        2.474037e-03        1.447739e+00
               41900        2.438752e-03        1.444732e+00
               42000        2.480358e-03        1.444732e+00
               42100        2.354828e-03        1.051149e+00
               42200        2.474555e-03        1.051149e+00
               42300        2.395720e-03        2.119638e+00
               42400        2.512197e-03        2.119638e+00
               42500        2.481228e-03        2.104680e+00
               42600        2.374414e-03        2.104680e+00
               42700        2.374145e-03        2.084462e+00
               42800        2.284080e-03        2.084462e+00
               42900        2.397505e-03        2.041199e+00
               43000        2.323744e-03        2.041480e+00
               43100        2.463133e-03        2.041480e+00
               43200        2.619755e-03        2.043725e+00
               43300        2.357338e-03        1.990211e+00
               43400        2.490659e-03        9.618998e-01
               43500        2.449607e-03        9.618998e-01
               43600        2.460176e-03        9.587974e-01
               43700        2.448518e-03        9.587974e-01
               43800        2.432988e-03        6.946743e-01
               43900        2.349328e-03        6.946743e-01
               44000        2.539967e-03        5.638315e-01
               44100        2.455452e-03        5.638315e-01
               44200        2.414419e-03        5.257086e-01
               44300        2.446408e-03        4.159342e-01
               44400        2.437245e-03        4.159342e-01
               44500        2.465721e-03        4.146140e-01
               44600        2.722226e-03        4.146140e-01
               44700        2.438670e-03        3.659424e-01
               44800        2.449339e-03        3.659424e-01
               44900        2.275192e-03        3.640852e-01
               45000        2.442060e-03        3.309421e-01
               45100        2.451781e-03        3.309421e-01
               45200        2.453045e-03        3.308990e-01
               45300        2.435373e-03        3.308990e-01
               45400        2.461265e-03        1.484601e-01
               45500        2.555084e-03        1.484601e-01
               45600        2.482270e-03        1.444358e-01
               45700        2.416585e-03        1.444057e-01
               45800        2.366745e-03        1.444057e-01
               45900        2.425450e-03        1.442930e-01
               46000        2.430972e-03        1.442930e-01
               46100        2.399936e-03        1.442567e-01
               46200        2.533408e-03        1.442567e-01
               46300        2.459210e-03        1.442429e-01
               46400        2.464322e-03        1.442429e-01
               46500        2.359010e-03        2.026601e-02
               46600        2.439725e-03        2.026601e-02
               46700        2.445264e-03        1.979134e-02
               46800        2.448729e-03        1.979134e-02
               46900        2.397616e-03        1.901597e-02
               47000        2.448870e-03        1.901597e-02
               47100        2.513730e-03        1.893869e-02
               47200        2.357325e-03        1.893869e-02
               47300        2.264945e-03        1.863660e-02
               47400        2.450780e-03        1.863660e-02
               47500        2.498208e-03        1.858909e-02
               47600        2.527214e-03        1.858909e-02
               47700        2.551269e-03        1.858854e-02
               47800        2.611332e-03        1.858854e-02
               47900        2.529076e-03        1.858521e-02
               48000        2.408785e-03        1.831969e-02
               48100        2.352367e-03        1.831969e-02
               48200        2.437098e-03        1.788751e-02
               48300        2.351931e-03        1.788751e-02
               48400        2.378304e-03        1.749102e-02
               48500        2.350542e-03        1.749102e-02
               48600        2.533472e-03        1.740062e-02
               48700        2.557976e-03        1.740062e-02
               48800        2.459845e-03        1.736641e-02
               48900        2.535511e-03        1.736641e-02
               49000        2.427527e-03        1.714916e-02
               49100        2.412457e-03        1.714916e-02
               49200        2.315779e-03        1.690259e-02
               49300        2.558529e-03        1.690259e-02
               49400        2.374483e-03        1.690153e-02
               49500        2.443944e-03        1.690153e-02
               49600        2.345006e-03        1.689881e-02
               49700        2.353748e-03        1.675846e-02
               49800        2.416394e-03        1.675846e-02
               49900        2.362109e-03        1.653527e-02
               50000        2.350525e-03        1.653527e-02
               50100        2.431217e-03        1.653492e-02
               50200        2.404127e-03        1.652442e-02
               50300        2.378631e-03        1.652442e-02
               50400        2.474044e-03        1.636509e-02
               50500        2.469836e-03        1.636509e-02
               50600        2.421306e-03        1.636189e-02
               50700        2.395251e-03        1.636189e-02
               50800        2.451972e-03        1.635511e-02
               50900        2.304538e-03        1.635511e-02
               51000        2.401385e-03        1.631411e-02
               51100        2.427697e-03        1.631411e-02
               51200        2.450007e-03        1.599515e-02
               51300        2.422121e-03        1.599515e-02
               51400        2.431345e-03        1.595529e-02
               51500        2.307259e-03        1.595529e-02
               51600        2.304372e-03        1.572035e-02
               51700        2.432581e-03        1.572183e-02
               51800        2.692351e-03        1.572183e-02
               51900        2.555692e-03        1.571940e-02
               52000        2.649810e-03        1.571940e-02
               52100        2.451136e-03        1.569253e-02
               52200        2.507202e-03        1.569253e-02
               52300        2.366539e-03        1.552346e-02
               52400        2.709956e-03        1.552346e-02
               52500        2.408331e-03        1.537494e-02
               52600        2.352206e-03        1.537494e-02
               52700        2.320961e-03        1.501345e-02
               52800        2.366796e-03        1.501345e-02
               52900        2.414490e-03        1.500437e-02
               53000        2.443081e-03        1.491121e-02
               53100        2.435154e-03        1.491121e-02
               53200        2.762155e-03        1.487605e-02
               53300        2.482939e-03        1.487258e-02
               53400        2.440922e-03        1.487258e-02
               53500        2.479444e-03        1.470209e-02
               53600        2.523049e-03        1.470209e-02
               53700        2.349481e-03        1.454699e-02
               53800        2.415728e-03        1.454699e-02
               53900        2.422634e-03        1.454098e-02
               54000        2.450081e-03        1.454098e-02
               54100        2.506368e-03        1.440212e-02
               54200        2.351256e-03        1.440212e-02
               54300        2.282863e-03        1.433740e-02
               54400        2.307026e-03        1.431891e-02
               54500        2.345280e-03        1.431891e-02
               54600        2.495396e-03        1.425576e-02
               54700        2.449322e-03        1.424059e-02
               54800        2.566824e-03        1.424059e-02
               54900        2.390489e-03        1.419856e-02
               55000        2.520003e-03        1.419856e-02
               55100        2.402876e-03        1.407994e-02
               55200        2.390701e-03        1.407994e-02
               55300        2.329616e-03        1.395261e-02
               55400        2.234261e-03        1.395261e-02
               55500        2.318047e-03        1.390228e-02
               55600        2.565628e-03        1.390515e-02
               55700        2.464291e-03        1.389953e-02
               55800        2.377122e-03        1.381070e-02
               55900        2.518648e-03        1.369345e-02
               56000        2.552961e-03        1.369345e-02
               56100        2.387120e-03        1.357116e-02
               56200        2.349150e-03        1.357116e-02
               56300        2.371736e-03        1.356723e-02
               56400        2.467481e-03        1.356723e-02
               56500        2.500747e-03        1.345205e-02
               56600        2.511587e-03        1.345205e-02
               56700        2.575453e-03        1.344731e-02
               56800        2.584567e-03        1.344731e-02
               56900        2.581383e-03        1.337949e-02
               57000        2.464604e-03        1.337949e-02
               57100        2.958242e-03        1.328477e-02
               57200        2.654774e-03        1.318520e-02
               57300        2.599833e-03        1.318520e-02
               57400        2.551959e-03        1.318002e-02
               57500        2.631915e-03        1.318002e-02
               57600        2.711136e-03        1.314781e-02
               57700        2.701588e-03        1.314781e-02
               57800        2.685638e-03        1.307067e-02
               57900        2.569597e-03        1.307067e-02
               58000        2.708483e-03        1.293588e-02
               58100        2.703257e-03        1.293588e-02
               58200        2.829010e-03        1.293664e-02
               58300        2.728961e-03        1.293664e-02
               58400        2.779876e-03        1.293602e-02
               58500        2.823447e-03        1.293496e-02
               58600        2.773774e-03        1.291405e-02
               58700        2.748422e-03        1.291405e-02
               58800        2.910567e-03        1.289142e-02
               58900        2.899174e-03        1.289142e-02
               59000        2.859674e-03        1.289142e-02
               59100        2.938632e-03        1.289142e-02
               59200        3.262734e-03        1.289044e-02
               59300        2.932503e-03        1.289044e-02
               59400        2.915582e-03        1.286784e-02
               59500        2.839987e-03        1.286784e-02
               59600        2.887722e-03        1.284020e-02
               59700        2.922697e-03        1.284020e-02
               59800        2.935634e-03        1.283396e-02
               59900        2.920513e-03        1.269893e-02
               60000        3.006382e-03        1.269893e-02
               60100        3.062036e-03        1.254191e-02
               60200        3.048596e-03        1.254191e-02
               60300        2.982582e-03        1.252590e-02
               60400        3.034495e-03        1.252590e-02
               60500        3.013695e-03        1.244939e-02
               60600        3.074117e-03        1.244939e-02
               60700        3.148170e-03        1.242847e-02
               60800        3.084716e-03        1.242847e-02
               60900        3.158232e-03        1.239549e-02
               61000        3.038359e-03        1.239549e-02
               61100        3.135939e-03        1.239531e-02
               61200        3.197264e-03        1.239531e-02
               61300        3.157329e-03        1.239220e-02
               61400        3.144212e-03        1.238861e-02
               61500        3.077182e-03        1.238861e-02
               61600        2.988258e-03        1.238732e-02
               61700        3.145430e-03        1.238732e-02
               61800        3.204836e-03        1.230283e-02
               61900        3.255480e-03        1.230283e-02
               62000        3.048616e-03        1.222863e-02
               62100        3.125709e-03        1.219219e-02
               62200        3.153928e-03        1.219219e-02
               62300        3.145094e-03        1.219113e-02
               62400        3.293437e-03        1.219113e-02
               62500        3.398530e-03        1.206641e-02
               62600        3.294971e-03        1.206641e-02
               62700        3.166539e-03        1.201548e-02
               62800        3.188797e-03        1.201578e-02
               62900        3.280444e-03        1.198850e-02
               63000        3.666579e-03        1.198854e-02
               63100        3.165752e-03        1.198854e-02
               63200        3.164478e-03        1.192743e-02
               63300        3.326089e-03        1.192743e-02
               63400        3.287496e-03        1.192061e-02
               63500        3.285709e-03        1.192061e-02
               63600        3.205183e-03        1.189257e-02
               63700        3.278963e-03        1.189257e-02
               63800        3.189450e-03        1.187605e-02
               63900        3.312244e-03        1.187605e-02
               64000        3.282205e-03        1.187467e-02
               64100        3.228363e-03        1.187467e-02
               64200        3.296973e-03        1.180559e-02
               64300        3.556744e-03        1.167908e-02
               64400        3.315489e-03        1.167908e-02
               64500        3.441120e-03        1.161363e-02
               64600        3.442931e-03        1.161363e-02
               64700        3.419298e-03        1.149776e-02
               64800        3.465702e-03        1.149776e-02
               64900        3.453722e-03        1.145574e-02
               65000        3.423922e-03        1.145574e-02
               65100        3.362660e-03        1.140438e-02
               65200        3.406323e-03        1.140438e-02
               65300        3.290336e-03        1.136136e-02
               65400        3.501028e-03        1.136136e-02
               65500        3.423269e-03        1.132307e-02
               65600        3.371472e-03        1.125781e-02
               65700        3.314464e-03        1.125781e-02
               65800        3.244748e-03        1.125618e-02
               65900        3.420563e-03        1.125618e-02
               66000        3.455772e-03        1.125723e-02
               66100        3.449255e-03        1.125723e-02
               66200        3.431426e-03        1.125381e-02
               66300        3.373202e-03        1.125381e-02
               66400        3.449885e-03        1.124416e-02
               66500        3.450496e-03        1.124416e-02
               66600        3.605985e-03        1.124069e-02
               66700        3.587794e-03        1.124069e-02
               66800        3.588410e-03        1.118921e-02
               66900        3.465895e-03        1.118921e-02
               67000        3.442791e-03        1.118731e-02
               67100        3.698145e-03        1.117166e-02
               67200        3.603113e-03        1.117166e-02
               67300        3.429285e-03        1.113210e-02
               67400        3.451409e-03        1.107782e-02
               67500        3.442065e-03        1.107782e-02
               67600        3.486651e-03        1.107763e-02
               67700        3.591901e-03        1.107763e-02
               67800        3.439962e-03        1.107728e-02
               67900        3.447250e-03        1.107728e-02
               68000        3.445635e-03        1.106630e-02
               68100        3.342302e-03        1.106630e-02
               68200        3.490363e-03        1.104694e-02
               68300        3.445785e-03        1.104694e-02
               68400        3.444900e-03        1.104669e-02
               68500        3.444321e-03        1.100808e-02
               68600        3.453325e-03        1.100808e-02
               68700        3.427243e-03        1.100565e-02
               68800        3.567573e-03        1.100565e-02
               68900        3.460671e-03        1.100312e-02
               69000        3.429303e-03        1.100312e-02
               69100        3.304521e-03        1.097220e-02
               69200        3.442355e-03        1.097219e-02
               69300        3.500694e-03        1.096634e-02
               69400        3.620951e-03        1.096634e-02
               69500        3.250958e-03        1.087604e-02
               69600        3.419117e-03        1.087604e-02
               69700        3.430183e-03        1.082714e-02
               69800        3.426970e-03        1.082714e-02
               69900        3.507565e-03        1.073114e-02
               70000        3.612206e-03        1.068746e-02
               70100        3.606366e-03        1.068746e-02
               70200        3.369406e-03        1.068375e-02
               70300        3.428712e-03        1.068375e-02
               70400        3.439583e-03        1.062787e-02
               70500        3.446540e-03        1.062787e-02
               70600        3.429889e-03        1.054859e-02
               70700        3.362345e-03        1.054859e-02
               70800        3.435772e-03        1.054265e-02
               70900        3.451628e-03        1.054265e-02
               71000        3.399219e-03        1.053791e-02
               71100        3.459179e-03        1.053791e-02
               71200        3.308656e-03        1.051804e-02
               71300        3.443523e-03        1.049706e-02
               71400        3.458545e-03        1.049461e-02
               71500        3.441408e-03        1.049461e-02
               71600        3.493289e-03        1.049354e-02
               71700        3.455078e-03        1.049354e-02
               71800        3.442397e-03        1.046649e-02
               71900        3.448892e-03        1.046184e-02
               72000        3.444104e-03        1.046184e-02
               72100        3.466894e-03        1.039651e-02
               72200        3.540346e-03        1.033708e-02
               72300        3.442099e-03        1.033708e-02
               72400        3.319279e-03        1.033719e-02
               72500        3.420395e-03        1.032157e-02
               72600        3.453519e-03        1.032157e-02
               72700        3.492832e-03        1.032119e-02
               72800        3.444094e-03        1.032119e-02
               72900        3.398035e-03        1.030959e-02
               73000        3.318572e-03        1.029164e-02
               73100        3.450233e-03        1.029166e-02
               73200        3.446319e-03        1.029029e-02
               73300        3.487722e-03        1.029029e-02
               73400        3.432568e-03        1.026798e-02
               73500        3.424952e-03        1.026798e-02
               73600        3.478887e-03        1.025617e-02
               73700        3.421274e-03        1.025617e-02
               73800        3.453201e-03        1.025390e-02
               73900        3.517443e-03        1.024699e-02
               74000        3.438110e-03        1.024699e-02
               74100        3.371518e-03        1.024402e-02
               74200        3.364049e-03        1.024402e-02
               74300        3.442762e-03        1.023074e-02
               74400        3.313651e-03        1.021204e-02
               74500        3.321125e-03        1.021204e-02
               74600        3.297200e-03        1.020710e-02
               74700        3.278214e-03        1.020710e-02
               74800        3.222658e-03        1.017105e-02
               74900        3.300711e-03        1.017105e-02
               75000        3.338045e-03        1.016038e-02
               75100        3.280651e-03        1.016038e-02
               75200        3.096063e-03        1.010927e-02
               75300        3.306310e-03        1.009203e-02
               75400        3.251111e-03        1.009203e-02
               75500        3.268582e-03        9.992732e-03
               75600        3.348505e-03        9.992732e-03
               75700        3.268716e-03        9.958749e-03
               75800        3.314837e-03        9.892804e-03
               75900        3.278374e-03        9.892804e-03
               76000        3.165241e-03        9.794631e-03
               76100        3.297489e-03        9.794668e-03
               76200        3.374263e-03        9.788543e-03
               76300        3.247393e-03        9.788543e-03
               76400        3.291220e-03        9.788285e-03
               76500        3.286971e-03        9.777655e-03
               76600        3.314785e-03        9.777655e-03
               76700        3.285080e-03        9.732555e-03
               76800        3.441164e-03        9.732555e-03
               76900        3.282222e-03        9.658736e-03
               77000        3.288287e-03        9.658736e-03
               77100        3.265185e-03        9.654636e-03
               77200        3.275280e-03        9.654636e-03
               77300        3.283618e-03        9.649037e-03
               77400        3.386241e-03        9.649037e-03
               77500        3.273678e-03        9.641733e-03
               77600        3.296044e-03        9.641733e-03
               77700        3.298652e-03        9.520967e-03
               77800        3.283336e-03        9.520967e-03
               77900        3.291462e-03        9.488621e-03
               78000        3.301472e-03        9.463750e-03
               78100        3.302853e-03        9.463750e-03
               78200        3.302904e-03        9.451578e-03
               78300        3.276091e-03        9.434926e-03
               78400        3.307283e-03        9.393077e-03
               78500        3.144982e-03        9.393075e-03
               78600        3.286342e-03        9.392432e-03
               78700        3.224939e-03        9.392432e-03
               78800        3.169454e-03        9.357275e-03
               78900        3.042480e-03        9.307194e-03
               79000        3.145628e-03        9.307194e-03
               79100        3.147717e-03        9.300780e-03
               79200        3.169458e-03        9.300780e-03
               79300        3.158174e-03        9.281511e-03
               79400        3.171642e-03        9.281511e-03
               79500        2.987617e-03        9.277781e-03
               79600        3.142292e-03        9.277781e-03
               79700        3.151609e-03        9.270748e-03
               79800        3.192968e-03        9.270748e-03
               79900        3.154161e-03        9.269577e-03
               80000        3.142336e-03        9.269577e-03
               80100        3.134021e-03        9.265396e-03
               80200        3.156521e-03        9.259744e-03
               80300        3.141001e-03        9.259892e-03
               80400        3.204662e-03        9.258604e-03
               80500        3.164851e-03        9.258604e-03
               80600        3.147947e-03        9.259171e-03
               80700        3.176016e-03        9.259171e-03
               80800        3.180483e-03        9.225990e-03
               80900        3.155476e-03        9.225990e-03
               81000        3.204402e-03        9.205120e-03
               81100        3.116681e-03        9.205120e-03
               81200        3.156738e-03        9.205067e-03
               81300        3.168702e-03        9.205067e-03
               81400        3.168156e-03        9.201570e-03
               81500        3.168463e-03        9.201570e-03
               81600        3.190462e-03        9.201099e-03
               81700        3.152897e-03        9.201099e-03
               81800        2.990343e-03        9.185846e-03
               81900        3.140602e-03        9.181273e-03
               82000        3.066649e-03        9.181273e-03
               82100        3.184937e-03        9.178785e-03
               82200        3.098262e-03        9.178785e-03
               82300        3.139329e-03        9.146923e-03
               82400        3.138469e-03        9.146923e-03
               82500        3.137576e-03        9.144914e-03
               82600        2.836164e-03        9.144914e-03
               82700        3.026085e-03        9.117055e-03
               82800        3.051955e-03        9.117055e-03
               82900        3.120157e-03        9.077301e-03
               83000        3.019113e-03        9.077301e-03
               83100        3.024739e-03        9.052890e-03
               83200        3.043455e-03        9.052890e-03
               83300        2.956970e-03        9.043118e-03
               83400        3.021611e-03        9.039079e-03
               83500        3.064702e-03        9.039731e-03
               83600        2.978604e-03        9.039731e-03
               83700        2.920536e-03        9.016233e-03
               83800        3.029329e-03        9.005157e-03
               83900        3.027244e-03        9.005157e-03
               84000        3.048163e-03        8.985250e-03
               84100        2.957988e-03        8.985250e-03
               84200        3.082946e-03        8.940929e-03
               84300        2.981777e-03        8.940929e-03
               84400        2.996907e-03        8.940728e-03
               84500        2.851703e-03        8.932393e-03
               84600        3.005935e-03        8.918913e-03
               84700        3.030164e-03        8.918913e-03
               84800        3.025084e-03        8.903597e-03
               84900        3.043800e-03        8.903597e-03
               85000        3.032642e-03        8.885375e-03
               85100        3.032600e-03        8.885375e-03
               85200        3.014614e-03        8.868105e-03
               85300        2.893644e-03        8.868105e-03
               85400        3.058060e-03        8.835502e-03
               85500        3.029636e-03        8.835502e-03
               85600        2.985193e-03        8.832208e-03
               85700        2.876455e-03        8.832208e-03
               85800        3.035050e-03        8.833068e-03
               85900        3.017032e-03        8.829927e-03
               86000        3.019890e-03        8.825286e-03
               86100        2.983864e-03        8.825286e-03
               86200        3.021879e-03        8.806297e-03
               86300        2.989685e-03        8.806297e-03
               86400        3.069327e-03        8.777850e-03
               86500        2.995101e-03        8.777850e-03
               86600        3.033937e-03        8.777495e-03
               86700        3.060070e-03        8.777495e-03
               86800        3.022847e-03        8.756905e-03
               86900        2.931261e-03        8.752549e-03
               87000        3.026881e-03        8.752549e-03
               87100        3.030117e-03        8.729585e-03
               87200        3.018795e-03        8.729417e-03
               87300        2.938975e-03        8.729424e-03
               87400        3.112897e-03        8.669119e-03
               87500        3.026079e-03        8.669119e-03
               87600        3.029376e-03        8.669819e-03
               87700        2.942312e-03        8.657477e-03
               87800        3.024858e-03        8.657477e-03
               87900        3.023170e-03        8.636741e-03
               88000        3.072095e-03        8.636741e-03
               88100        3.033194e-03        8.599544e-03
               88200        3.033238e-03        8.599544e-03
               88300        3.030080e-03        8.577358e-03
               88400        3.016051e-03        8.566363e-03
               88500        2.889869e-03        8.558065e-03
               88600        2.976083e-03        8.553705e-03
               88700        3.020092e-03        8.553705e-03
               88800        3.064540e-03        8.534062e-03
               88900        2.905874e-03        8.509380e-03
               89000        3.022664e-03        8.509380e-03
               89100        3.028067e-03        8.478652e-03
               89200        3.032817e-03        8.462876e-03
               89300        3.097443e-03        8.462876e-03
               89400        3.040718e-03        8.461820e-03
               89500        3.030354e-03        8.433442e-03
               89600        3.033403e-03        8.433442e-03
               89700        2.895576e-03        8.409577e-03
               89800        3.006493e-03        8.409577e-03
               89900        3.058198e-03        8.386080e-03
               90000        3.048356e-03        8.386080e-03
               90100        2.984042e-03        8.359110e-03
               90200        3.029906e-03        8.357134e-03
               90300        3.033398e-03        8.357134e-03
               90400        3.022382e-03        8.354922e-03
               90500        3.053391e-03        8.354922e-03
               90600        3.079269e-03        8.353330e-03
               90700        3.059728e-03        8.348469e-03
               90800        3.025831e-03        8.348458e-03
               90900        2.943321e-03        8.348458e-03
               91000        3.049512e-03        8.342599e-03
               91100        3.024626e-03        8.343173e-03
               91200        3.081056e-03        8.330416e-03
               91300        3.050846e-03        8.330416e-03
               91400        3.028237e-03        8.327163e-03
               91500        3.019816e-03        8.285270e-03
               91600        3.037384e-03        8.285270e-03
               91700        2.895173e-03        8.273464e-03
               91800        3.053845e-03        8.273464e-03
               91900        3.023551e-03        8.259755e-03
               92000        3.031245e-03        8.259755e-03
               92100        2.962865e-03        8.253839e-03
               92200        3.026845e-03        8.254560e-03
               92300        3.023410e-03        8.254560e-03
               92400        3.033279e-03        8.243280e-03
               92500        2.991741e-03        8.243280e-03
               92600        3.026387e-03        8.243327e-03
               92700        3.032212e-03        8.243327e-03
               92800        3.024250e-03        8.230607e-03
               92900        2.984112e-03        8.223801e-03
               93000        3.024563e-03        8.223801e-03
               93100        3.053820e-03        8.223053e-03
               93200        3.034226e-03        8.215923e-03
               93300        3.031061e-03        8.215923e-03
               93400        3.027276e-03        8.215577e-03
               93500        3.032568e-03        8.209197e-03
               93600        3.037067e-03        8.209197e-03
               93700        2.962711e-03        8.171705e-03
               93800        3.091443e-03        8.163863e-03
               93900        3.027270e-03        8.166837e-03
               94000        3.033390e-03        8.162647e-03
               94100        2.927694e-03        8.153777e-03
               94200        3.037747e-03        8.153777e-03
               94300        2.914543e-03        8.153818e-03
               94400        3.078810e-03        8.153814e-03
               94500        2.987607e-03        8.146478e-03
               94600        2.950215e-03        8.139806e-03
               94700        3.034593e-03        8.119403e-03
               94800        3.030629e-03        8.119403e-03
               94900        2.909622e-03        8.114610e-03
               95000        3.057375e-03        8.114610e-03
               95100        3.041504e-03        8.110665e-03
               95200        2.900468e-03        8.110665e-03
               95300        3.039838e-03        8.110275e-03
               95400        2.943288e-03        8.110275e-03
               95500        2.919898e-03        8.089379e-03
               95600        2.903702e-03        8.089379e-03
               95700        3.069120e-03        8.055941e-03
               95800        2.917778e-03        8.055941e-03
               95900        3.023351e-03        8.042730e-03
               96000        2.953615e-03        8.039485e-03
               96100        2.997106e-03        8.033307e-03
               96200        2.927955e-03        8.033307e-03
               96300        2.998450e-03        8.030577e-03
               96400        3.031318e-03        8.030577e-03
               96500        3.014622e-03        8.023376e-03
               96600        3.062472e-03        8.023376e-03
               96700        3.073530e-03        8.022636e-03
               96800        2.905428e-03        8.022636e-03
               96900        2.978387e-03        7.983291e-03
               97000        3.068092e-03        7.983291e-03
               97100        2.951323e-03        7.967255e-03
               97200        3.047977e-03        7.967255e-03
               97300        3.027746e-03        7.935026e-03
               97400        3.037508e-03        7.925676e-03
               97500        2.969418e-03        7.924924e-03
               97600        2.987254e-03        7.924924e-03
               97700        3.018341e-03        7.916137e-03
               97800        3.035495e-03        7.916137e-03
               97900        2.994282e-03        7.898882e-03
               98000        2.986618e-03        7.898882e-03
               98100        3.014024e-03        7.896202e-03
               98200        3.010891e-03        7.896202e-03
               98300        3.033403e-03        7.892586e-03
               98400        3.017820e-03        7.892586e-03
               98500        3.017881e-03        7.883225e-03
               98600        2.877347e-03        7.883225e-03
               98700        3.082234e-03        7.857571e-03
               98800        2.937869e-03        7.849268e-03
               98900        2.910098e-03        7.849268e-03
               99000        2.925501e-03        7.827908e-03
               99100        3.107092e-03        7.827908e-03
               99200        3.063478e-03        7.823539e-03
               99300        2.704017e-03        7.823539e-03
               99400        2.414439e-03        7.815566e-03
               99500        2.461542e-03        7.815566e-03
               99600        2.432975e-03        7.815582e-03
               99700        2.428101e-03        7.815582e-03
               99800        2.405968e-03        7.805075e-03
               99900        2.424979e-03        7.805075e-03
              100000        2.415624e-03        7.798158e-03
