Period: 100
               Epoch           Time cost                Loss
                 100        2.008004e-03        3.085505e+03
                 200        3.098671e-03        3.085505e+03
                 300        2.368751e-03        2.539942e+03
                 400        2.808198e-03        2.539942e+03
                 500        2.165847e-03        2.539942e+03
                 600        3.204327e-03        2.539942e+03
                 700        2.144584e-03        3.207556e+03
                 800        2.193964e-03        3.207556e+03
                 900        3.134726e-03        3.207556e+03
                1000        2.179786e-03        3.207556e+03
                1100        2.992246e-03        3.057056e+03
                1200        2.132419e-03        3.057056e+03
                1300        3.226743e-03        3.057056e+03
                1400        2.161706e-03        2.170108e+03
                1500        2.180986e-03        2.157613e+03
                1600        3.090614e-03        1.551414e+03
                1700        2.155697e-03        1.551414e+03
                1800        2.899963e-03        1.322562e+03
                1900        2.494471e-03        1.200926e+03
                2000        3.558530e-03        1.200926e+03
                2100        2.398357e-03        1.196718e+03
                2200        2.413693e-03        1.199858e+03
                2300        3.439224e-03        1.196718e+03
                2400        2.328904e-03        1.196718e+03
                2500        3.093320e-03        1.219087e+03
                2600        2.262878e-03        1.139806e+03
                2700        3.502943e-03        1.657516e+03
                2800        2.316086e-03        1.657516e+03
                2900        2.423462e-03        1.171518e+03
                3000        3.456184e-03        1.171518e+03
                3100        2.433476e-03        1.406536e+03
                3200        3.211776e-03        1.406536e+03
                3300        2.264644e-03        1.920405e+03
                3400        3.485450e-03        1.920405e+03
                3500        2.210240e-03        1.550907e+03
                3600        2.397721e-03        1.550907e+03
                3700        3.598938e-03        1.139927e+03
                3800        2.343529e-03        1.139927e+03
                3900        3.182076e-03        1.430349e+03
                4000        2.399273e-03        1.430349e+03
                4100        3.712681e-03        1.718833e+03
                4200        2.494766e-03        1.718833e+03
                4300        2.384685e-03        1.486310e+03
                4400        3.446626e-03        1.509640e+03
                4500        2.326698e-03        1.216120e+03
                4600        3.096934e-03        1.216120e+03
                4700        2.395489e-03        1.197144e+03
                4800        3.684091e-03        1.197144e+03
                4900        2.248118e-03        1.197144e+03
                5000        2.456676e-03        1.197144e+03
                5100        3.541090e-03        9.874231e+02
                5200        2.459413e-03        9.874231e+02
                5300        3.246432e-03        1.058606e+03
                5400        2.389343e-03        1.058606e+03
                5500        3.601245e-03        9.689578e+02
                5600        2.421009e-03        9.689578e+02
                5700        2.565019e-03        9.995313e+02
                5800        3.684171e-03        9.995313e+02
                5900        2.508625e-03        1.217349e+03
                6000        3.367237e-03        1.217349e+03
                6100        2.416371e-03        1.439247e+03
                6200        3.600003e-03        1.439247e+03
                6300        2.380921e-03        1.439253e+03
                6400        2.390413e-03        1.439253e+03
                6500        3.459057e-03        1.072253e+03
                6600        2.206891e-03        1.072253e+03
                6700        3.321908e-03        9.391324e+02
                6800        2.468143e-03        9.391324e+02
                6900        3.731329e-03        1.020209e+03
                7000        2.475396e-03        1.020209e+03
                7100        2.491801e-03        8.593317e+02
                7200        3.640678e-03        1.040231e+03
                7300        3.650845e-03        1.040231e+03
                7400        2.558768e-03        8.581997e+02
                7500        2.646953e-03        8.581846e+02
                7600        2.299786e-03        8.581997e+02
                7700        3.527551e-03        8.581846e+02
                7800        2.315662e-03        8.481087e+02
                7900        2.382097e-03        8.481087e+02
                8000        3.616837e-03        8.941091e+02
                8100        2.447537e-03        8.941091e+02
                8200        3.388049e-03        1.404078e+03
                8300        3.081033e-03        7.491278e+02
                8400        2.485795e-03        7.491278e+02
                8500        3.670176e-03        1.126528e+03
                8600        2.378435e-03        1.126528e+03
                8700        2.478196e-03        8.949540e+02
                8800        3.547574e-03        8.949540e+02
                8900        2.475286e-03        8.949540e+02
                9000        3.259882e-03        8.949540e+02
                9100        2.559581e-03        1.032645e+03
                9200        3.839328e-03        1.032645e+03
                9300        2.542886e-03        9.891032e+02
                9400        2.493995e-03        9.891032e+02
                9500        3.578114e-03        7.072417e+02
                9600        2.465054e-03        7.072417e+02
                9700        3.223207e-03        7.254610e+02
                9800        2.499903e-03        7.254610e+02
                9900        3.848166e-03        1.024548e+03
               10000        2.562702e-03        1.024548e+03
               10100        2.333404e-03        5.710804e+02
               10200        3.707486e-03        5.710804e+02
               10300        2.486056e-03        5.745973e+02
               10400        3.155639e-03        5.745973e+02
               10500        2.343791e-03        6.384390e+02
               10600        3.651775e-03        6.384390e+02
               10700        2.538111e-03        7.526862e+02
               10800        2.546016e-03        7.526862e+02
               10900        3.687341e-03        1.079748e+03
               11000        2.436730e-03        1.079748e+03
               11100        3.240377e-03        9.952404e+02
               11200        2.464195e-03        9.952404e+02
               11300        3.725681e-03        8.343441e+02
               11400        2.506545e-03        8.343441e+02
               11500        2.437144e-03        1.136380e+03
               11600        3.475565e-03        1.138156e+03
               11700        2.488191e-03        1.136380e+03
               11800        3.366139e-03        1.136380e+03
               11900        2.539357e-03        9.015246e+02
               12000        3.722668e-03        9.015246e+02
               12100        2.565311e-03        6.111993e+02
               12200        2.518118e-03        6.111993e+02
               12300        3.666809e-03        7.802544e+02
               12400        2.458592e-03        8.186157e+02
               12500        3.219321e-03        9.681656e+02
               12600        2.487770e-03        9.681656e+02
               12700        3.717514e-03        6.721704e+02
               12800        2.545059e-03        6.721704e+02
               12900        2.566697e-03        6.721704e+02
               13000        3.678074e-03        6.721704e+02
               13100        2.483602e-03        6.633471e+02
               13200        3.214969e-03        6.633471e+02
               13300        2.340936e-03        7.933656e+02
               13400        3.604713e-03        7.933656e+02
               13500        2.537353e-03        9.006985e+02
               13600        2.467578e-03        5.571649e+02
               13700        3.579284e-03        5.571649e+02
               13800        2.539068e-03        8.480081e+02
               13900        3.215283e-03        8.480081e+02
               14000        2.558207e-03        6.097229e+02
               14100        3.846129e-03        6.097229e+02
               14200        2.531746e-03        6.097212e+02
               14300        2.476545e-03        6.097212e+02
               14400        3.557450e-03        8.903911e+02
               14500        2.483558e-03        8.903911e+02
               14600        3.387088e-03        5.895930e+02
               14700        2.562107e-03        5.895930e+02
               14800        3.694539e-03        9.331107e+02
               14900        2.478017e-03        6.280507e+02
               15000        2.464853e-03        6.280507e+02
               15100        3.695863e-03        7.571027e+02
               15200        2.489344e-03        7.571027e+02
               15300        3.225357e-03        7.571027e+02
               15400        2.385373e-03        9.724601e+02
               15500        3.684122e-03        9.724601e+02
               15600        2.548475e-03        9.724601e+02
               15700        2.563590e-03        9.724601e+02
               15800        3.651295e-03        6.346725e+02
               15900        2.566664e-03        6.346725e+02
               16000        3.193427e-03        6.601294e+02
               16100        2.481293e-03        6.601294e+02
               16200        3.606788e-03        7.909657e+02
               16300        2.488935e-03        7.909657e+02
               16400        2.555500e-03        6.760241e+02
               16500        3.850359e-03        6.760241e+02
               16600        2.645564e-03        5.249972e+02
               16700        3.346429e-03        5.249972e+02
               16800        2.569882e-03        5.774965e+02
               16900        3.780193e-03        5.774965e+02
               17000        2.559186e-03        5.774965e+02
               17100        2.470315e-03        5.774965e+02
               17200        3.712112e-03        6.570032e+02
               17300        2.396080e-03        6.570032e+02
               17400        3.190994e-03        5.575054e+02
               17500        2.550311e-03        5.575054e+02
               17600        3.849250e-03        5.488329e+02
               17700        2.509688e-03        5.488329e+02
               17800        2.551505e-03        4.958010e+02
               17900        3.689175e-03        4.958010e+02
               18000        2.549492e-03        6.277195e+02
               18100        3.444464e-03        6.277195e+02
               18200        2.625473e-03        5.936305e+02
               18300        3.824741e-03        5.936305e+02
               18400        2.553650e-03        5.934936e+02
               18500        2.469320e-03        5.934936e+02
               18600        3.687211e-03        8.031183e+02
               18700        2.466575e-03        8.031183e+02
               18800        3.224911e-03        6.641450e+02
               18900        2.442689e-03        6.641450e+02
               19000        3.593640e-03        4.730312e+02
               19100        2.466791e-03        4.730312e+02
               19200        2.492647e-03        5.335280e+02
               19300        3.703712e-03        5.335280e+02
               19400        2.395392e-03        5.277089e+02
               19500        3.333629e-03        5.277089e+02
               19600        2.558837e-03        4.057540e+02
               19700        3.853980e-03        4.057540e+02
               19800        2.630404e-03        4.120391e+02
               19900        2.620505e-03        4.120391e+02
               20000        3.653899e-03        4.777673e+02
               20100        2.527372e-03        4.777673e+02
               20200        3.262481e-03        6.524869e+02
               20300        3.057622e-03        6.524869e+02
               20400        2.566935e-03        6.016898e+02
               20500        3.595306e-03        6.016898e+02
               20600        2.458353e-03        3.572130e+02
               20700        2.545358e-03        3.572130e+02
               20800        3.744515e-03        4.527281e+02
               20900        2.552546e-03        4.527281e+02
               21000        3.377393e-03        6.271849e+02
               21100        2.579611e-03        6.271849e+02
               21200        3.737044e-03        6.271849e+02
               21300        2.556980e-03        6.271849e+02
               21400        2.441779e-03        5.384671e+02
               21500        3.561275e-03        5.384671e+02
               21600        2.463652e-03        5.238513e+02
               21700        3.473627e-03        5.238513e+02
               21800        2.540759e-03        5.697748e+02
               21900        3.745611e-03        5.697748e+02
               22000        2.540809e-03        3.357231e+02
               22100        2.514554e-03        3.357231e+02
               22200        3.710310e-03        4.045490e+02
               22300        2.422951e-03        4.045490e+02
               22400        3.260643e-03        4.404017e+02
               22500        2.631999e-03        4.404017e+02
               22600        3.850226e-03        4.404017e+02
               22700        2.402318e-03        4.404017e+02
               22800        2.553744e-03        6.054861e+02
               22900        3.837856e-03        7.175446e+02
               23000        2.547954e-03        7.175446e+02
               23100        3.287598e-03        4.229664e+02
               23200        2.560477e-03        4.229664e+02
               23300        3.687086e-03        3.215864e+02
               23400        2.531726e-03        3.215864e+02
               23500        2.567484e-03        5.237401e+02
               23600        3.782805e-03        5.237401e+02
               23700        2.475867e-03        4.906163e+02
               23800        3.372094e-03        4.906163e+02
               23900        3.274939e-03        4.906163e+02
               24000        2.210079e-03        4.906163e+02
               24100        3.699558e-03        3.372082e+02
               24200        2.376707e-03        3.372082e+02
               24300        2.630522e-03        3.873961e+02
               24400        4.090054e-03        3.873961e+02
               24500        2.645307e-03        4.471831e+02
               24600        3.064374e-03        4.471831e+02
               24700        2.603069e-03        4.509449e+02
               24800        3.741704e-03        4.509449e+02
               24900        2.559124e-03        3.026322e+02
               25000        2.525954e-03        3.026322e+02
               25100        3.662792e-03        3.113116e+02
               25200        2.636638e-03        3.113116e+02
               25300        3.360708e-03        3.113116e+02
               25400        2.472514e-03        3.113116e+02
               25500        3.829765e-03        2.860549e+02
               25600        2.547774e-03        2.860549e+02
               25700        2.609680e-03        3.279807e+02
               25800        3.784327e-03        3.279807e+02
               25900        2.619407e-03        4.527100e+02
               26000        3.308125e-03        4.527100e+02
               26100        2.442251e-03        3.248449e+02
               26200        3.862979e-03        3.248449e+02
               26300        2.545859e-03        5.246526e+02
               26400        2.560367e-03        5.246526e+02
               26500        3.685826e-03        2.515872e+02
               26600        2.353684e-03        2.515872e+02
               26700        3.210281e-03        2.515872e+02
               26800        2.294286e-03        2.515872e+02
               26900        3.828399e-03        2.510704e+02
               27000        2.568441e-03        2.510704e+02
               27100        2.420083e-03        5.191650e+02
               27200        3.770277e-03        5.191650e+02
               27300        2.380790e-03        3.503597e+02
               27400        3.485148e-03        3.503597e+02
               27500        2.342219e-03        3.526860e+02
               27600        3.818535e-03        3.526860e+02
               27700        2.404676e-03        3.056828e+02
               27800        2.480043e-03        3.056828e+02
               27900        3.524909e-03        6.157248e+02
               28000        2.562055e-03        6.157248e+02
               28100        3.466437e-03        6.157248e+02
               28200        2.463971e-03        6.157248e+02
               28300        3.721950e-03        2.681189e+02
               28400        2.554161e-03        2.681189e+02
               28500        2.508452e-03        3.050364e+02
               28600        3.656131e-03        3.050364e+02
               28700        2.474706e-03        2.721823e+02
               28800        3.380223e-03        2.721823e+02
               28900        2.600200e-03        2.925557e+02
               29000        3.973423e-03        2.925557e+02
               29100        2.571023e-03        5.144968e+02
               29200        2.659593e-03        5.144968e+02
               29300        2.538885e-03        3.058691e+02
               29400        3.786479e-03        3.058691e+02
               29500        2.313710e-03        3.058691e+02
               29600        2.655286e-03        3.058691e+02
               29700        3.947575e-03        2.806970e+02
               29800        2.484246e-03        2.806970e+02
               29900        3.453994e-03        2.607465e+02
               30000        3.259267e-03        2.607465e+02
               30100        2.328388e-03        4.460544e+02
               30200        3.780533e-03        4.460544e+02
               30300        2.672932e-03        2.153165e+02
               30400        2.636098e-03        2.153165e+02
               30500        3.885429e-03        6.723305e+02
               30600        2.544764e-03        6.723305e+02
               30700        3.172437e-03        3.668002e+02
               30800        2.481646e-03        3.668002e+02
               30900        3.808492e-03        3.668002e+02
               31000        2.536025e-03        3.668002e+02
               31100        2.547656e-03        2.221905e+02
               31200        3.680606e-03        2.221905e+02
               31300        2.546113e-03        2.274038e+02
               31400        3.490515e-03        2.274038e+02
               31500        2.618055e-03        3.464239e+02
               31600        3.981252e-03        3.464239e+02
               31700        2.452512e-03        2.502502e+02
               31800        2.554347e-03        2.502502e+02
               31900        3.688523e-03        3.179304e+02
               32000        2.451457e-03        3.179304e+02
               32100        3.298528e-03        2.907860e+02
               32200        2.634697e-03        2.907859e+02
               32300        3.986185e-03        2.907860e+02
               32400        2.625514e-03        2.907860e+02
               32500        2.541383e-03        4.075905e+02
               32600        3.840601e-03        4.075905e+02
               32700        2.530434e-03        2.453545e+02
               32800        3.333438e-03        2.453545e+02
               32900        2.645722e-03        2.273261e+02
               33000        3.939841e-03        2.273261e+02
               33100        2.429785e-03        2.140558e+02
               33200        2.626380e-03        2.140558e+02
               33300        3.934211e-03        2.113205e+02
               33400        2.657364e-03        2.113205e+02
               33500        3.443389e-03        2.369763e+02
               33600        2.500875e-03        2.369763e+02
               33700        3.820925e-03        2.369763e+02
               33800        2.457912e-03        2.369763e+02
               33900        2.554730e-03        2.371019e+02
               34000        3.606221e-03        2.371019e+02
               34100        2.529423e-03        2.148066e+02
               34200        3.397937e-03        2.148066e+02
               34300        2.554097e-03        2.339755e+02
               34400        3.685873e-03        2.339755e+02
               34500        2.410564e-03        2.492295e+02
               34600        2.565828e-03        2.492295e+02
               34700        2.644750e-03        2.764383e+02
               34800        4.101530e-03        2.764383e+02
               34900        2.639533e-03        3.718701e+02
               35000        2.607832e-03        3.718701e+02
               35100        2.543669e-03        3.718701e+02
               35200        3.797718e-03        3.718701e+02
               35300        2.469449e-03        2.559280e+02
               35400        2.464332e-03        2.559280e+02
               35500        3.656820e-03        2.943001e+02
               35600        2.460942e-03        2.604820e+02
               35700        3.558777e-03        2.604820e+02
               35800        2.427850e-03        2.644889e+02
               35900        3.831703e-03        2.644889e+02
               36000        2.638557e-03        2.653131e+02
               36100        2.559355e-03        2.653131e+02
               36200        3.695558e-03        2.326787e+02
               36300        2.572775e-03        2.326787e+02
               36400        3.502418e-03        2.326787e+02
               36500        2.536839e-03        2.326787e+02
               36600        3.802542e-03        2.024504e+02
               36700        2.535657e-03        2.024504e+02
               36800        2.571789e-03        2.143447e+02
               36900        2.554325e-03        2.143447e+02
               37000        3.837847e-03        2.278357e+02
               37100        2.619689e-03        2.278357e+02
               37200        2.553766e-03        2.517398e+02
               37300        3.666868e-03        2.517398e+02
               37400        2.495459e-03        3.360649e+02
               37500        3.459033e-03        3.360649e+02
               37600        3.280609e-03        3.008630e+02
               37700        3.318958e-03        3.008630e+02
               37800        2.114794e-03        3.008630e+02
               37900        2.128069e-03        3.008630e+02
               38000        3.749264e-03        1.745144e+02
               38100        2.155746e-03        1.745144e+02
               38200        2.196706e-03        1.805940e+02
               38300        3.511443e-03        1.805940e+02
               38400        2.210667e-03        2.923246e+02
               38500        2.220342e-03        2.923246e+02
               38600        3.490954e-03        1.647667e+02
               38700        2.152537e-03        1.647667e+02
               38800        2.122961e-03        1.613096e+02
               38900        3.500058e-03        1.613096e+02
               39000        2.127111e-03        1.613096e+02
               39100        2.141753e-03        1.710041e+02
               39200        3.491705e-03        2.612838e+02
               39300        2.187723e-03        2.612838e+02
               39400        2.180864e-03        2.612838e+02
               39500        3.606380e-03        2.612838e+02
               39600        2.196512e-03        1.536294e+02
               39700        2.215088e-03        1.536294e+02
               39800        3.523697e-03        1.936948e+02
               39900        2.152671e-03        1.936948e+02
               40000        2.111315e-03        3.949080e+02
               40100        3.499373e-03        3.949080e+02
               40200        2.121622e-03        1.741866e+02
               40300        2.144518e-03        1.741866e+02
               40400        3.455025e-03        1.604355e+02
               40500        2.143944e-03        1.604355e+02
               40600        2.125445e-03        1.994059e+02
               40700        3.589371e-03        1.994059e+02
               40800        2.113294e-03        1.994059e+02
               40900        2.146043e-03        1.994059e+02
               41000        3.396877e-03        2.249906e+02
               41100        2.146962e-03        2.249906e+02
               41200        2.126698e-03        2.512199e+02
               41300        3.519682e-03        2.512199e+02
               41400        2.126920e-03        2.445516e+02
               41500        2.230554e-03        2.445516e+02
               41600        3.540417e-03        2.095403e+02
               41700        2.250308e-03        2.095403e+02
               41800        2.192965e-03        2.544338e+02
               41900        3.624536e-03        2.544338e+02
               42000        2.114125e-03        2.261518e+02
               42100        2.137634e-03        2.261518e+02
               42200        3.408673e-03        2.259334e+02
               42300        2.105846e-03        2.259334e+02
               42400        2.042583e-03        2.595394e+02
               42500        3.467709e-03        2.595394e+02
               42600        2.114689e-03        1.733258e+02
               42700        2.137117e-03        1.733258e+02
               42800        3.402528e-03        2.992999e+02
               42900        2.134340e-03        2.992999e+02
               43000        2.119080e-03        1.555983e+02
               43100        3.482073e-03        1.555983e+02
               43200        3.263680e-03        1.737952e+02
               43300        3.526922e-03        1.737952e+02
               43400        2.187541e-03        1.318703e+02
               43500        3.899033e-03        1.318835e+02
               43600        2.561814e-03        1.318703e+02
               43700        3.072370e-03        1.318703e+02
               43800        3.819420e-03        1.706363e+02
               43900        2.557737e-03        1.706363e+02
               44000        3.207621e-03        1.519855e+02
               44100        2.553966e-03        1.519855e+02
               44200        3.851457e-03        1.596700e+02
               44300        2.644792e-03        1.596700e+02
               44400        2.647710e-03        2.176836e+02
               44500        3.285426e-03        2.176836e+02
               44600        2.346746e-03        1.569957e+02
               44700        3.817809e-03        1.569957e+02
               44800        2.743087e-03        2.019908e+02
               44900        2.568712e-03        2.133829e+02
               45000        3.847766e-03        2.019908e+02
               45100        2.494770e-03        2.019908e+02
               45200        3.324093e-03        1.508415e+02
               45300        2.562998e-03        1.508415e+02
               45400        3.833933e-03        1.301546e+02
               45500        2.542658e-03        1.301546e+02
               45600        2.557123e-03        1.528456e+02
               45700        3.229236e-03        1.528456e+02
               45800        2.414526e-03        1.603620e+02
               45900        3.711617e-03        1.603620e+02
               46000        2.567750e-03        1.533971e+02
               46100        2.632585e-03        1.533971e+02
               46200        4.074080e-03        1.533971e+02
               46300        2.729955e-03        1.468241e+02
               46400        3.572275e-03        2.273700e+02
               46500        2.501478e-03        2.273700e+02
               46600        3.814860e-03        2.616566e+02
               46700        2.556634e-03        2.616566e+02
               46800        2.472982e-03        1.389797e+02
               46900        3.701191e-03        1.389797e+02
               47000        2.499371e-03        1.746434e+02
               47100        3.457529e-03        1.746434e+02
               47200        2.425593e-03        1.251167e+02
               47300        3.833074e-03        1.251167e+02
               47400        2.456796e-03        1.424736e+02
               47500        2.518707e-03        1.424736e+02
               47600        3.792811e-03        1.400058e+02
               47700        2.560482e-03        1.400031e+02
               47800        3.446466e-03        1.400030e+02
               47900        2.555333e-03        1.400030e+02
               48000        3.829447e-03        1.130403e+02
               48100        2.560425e-03        1.130403e+02
               48200        2.512019e-03        1.139393e+02
               48300        3.848983e-03        1.139393e+02
               48400        2.556613e-03        1.206804e+02
               48500        3.606834e-03        1.206804e+02
               48600        2.611646e-03        1.565798e+02
               48700        3.734685e-03        1.565798e+02
               48800        2.460572e-03        1.071165e+02
               48900        2.573188e-03        1.071165e+02
               49000        3.545475e-03        1.002885e+02
               49100        2.484972e-03        1.002885e+02
               49200        3.549122e-03        1.002885e+02
               49300        2.627856e-03        1.002885e+02
               49400        3.947019e-03        1.359964e+02
               49500        2.638904e-03        1.359964e+02
               49600        2.745106e-03        1.462090e+02
               49700        2.515577e-03        1.462090e+02
               49800        3.764078e-03        1.206299e+02
               49900        2.447948e-03        1.206299e+02
               50000        2.617625e-03        1.377539e+02
               50100        3.957556e-03        1.377539e+02
               50200        2.585826e-03        1.188957e+02
               50300        3.499025e-03        1.188957e+02
               50400        2.592225e-03        1.050553e+02
               50500        3.851424e-03        1.050553e+02
               50600        2.563619e-03        1.050553e+02
               50700        2.641745e-03        1.050553e+02
               50800        3.871690e-03        1.629895e+02
               50900        2.647842e-03        1.629895e+02
               51000        3.537225e-03        1.376492e+02
               51100        2.570560e-03        1.376492e+02
               51200        3.860430e-03        1.738328e+02
               51300        2.641988e-03        1.738328e+02
               51400        2.605281e-03        1.110247e+02
               51500        2.681837e-03        1.110247e+02
               51600        3.854240e-03        2.006629e+02
               51700        2.398160e-03        2.006629e+02
               51800        2.542479e-03        1.141504e+02
               51900        3.671959e-03        1.141504e+02
               52000        2.494530e-03        1.141504e+02
               52100        3.425660e-03        1.141504e+02
               52200        2.648492e-03        2.572795e+02
               52300        3.957532e-03        2.572795e+02
               52400        2.580880e-03        1.042150e+02
               52500        2.554743e-03        1.042150e+02
               52600        3.752589e-03        9.783325e+01
               52700        2.450608e-03        1.001543e+02
               52800        3.485244e-03        1.001543e+02
               52900        2.562984e-03        1.542589e+02
               53000        3.765595e-03        1.542589e+02
               53100        2.490813e-03        1.931252e+02
               53200        2.594680e-03        1.931252e+02
               53300        3.778850e-03        1.931252e+02
               53400        2.634894e-03        1.931252e+02
               53500        3.463472e-03        1.151052e+02
               53600        2.650737e-03        1.151052e+02
               53700        3.948002e-03        1.502400e+02
               53800        2.635019e-03        1.502400e+02
               53900        2.660737e-03        1.295541e+02
               54000        3.938979e-03        1.047398e+02
               54100        2.615787e-03        1.047398e+02
               54200        3.457131e-03        2.350796e+02
               54300        2.554977e-03        2.350796e+02
               54400        3.802519e-03        1.811705e+02
               54500        2.370012e-03        1.811705e+02
               54600        2.713152e-03        1.811705e+02
               54700        3.988441e-03        1.811705e+02
               54800        2.637369e-03        1.144802e+02
               54900        3.427947e-03        1.144802e+02
               55000        2.491655e-03        1.124561e+02
               55100        3.747805e-03        1.124561e+02
               55200        2.549367e-03        1.170557e+02
               55300        2.563955e-03        1.170557e+02
               55400        3.851150e-03        1.276897e+02
               55500        2.570952e-03        1.276897e+02
               55600        3.575415e-03        9.859585e+01
               55700        2.544844e-03        9.859585e+01
               55800        3.732261e-03        7.970891e+01
               55900        2.552842e-03        7.970891e+01
               56000        2.570646e-03        7.970891e+01
               56100        3.669011e-03        7.970891e+01
               56200        2.553053e-03        7.398655e+01
               56300        3.387344e-03        7.398655e+01
               56400        2.504275e-03        8.478273e+01
               56500        3.864741e-03        8.478273e+01
               56600        2.637594e-03        7.467798e+01
               56700        2.553759e-03        7.467798e+01
               56800        3.669421e-03        7.467798e+01
               56900        2.639888e-03        6.958416e+01
               57000        3.435237e-03        6.958416e+01
               57100        2.547183e-03        1.081784e+02
               57200        3.837417e-03        1.081784e+02
               57300        2.575523e-03        9.819731e+01
               57400        2.529101e-03        1.158422e+02
               57500        3.779765e-03        1.158422e+02
               57600        2.561974e-03        1.042790e+02
               57700        3.196130e-03        1.042790e+02
               57800        2.459388e-03        1.042790e+02
               57900        3.829705e-03        9.569760e+01
               58000        2.628995e-03        9.728569e+01
               58100        2.622620e-03        9.728569e+01
               58200        3.658766e-03        8.595109e+01
               58300        2.571509e-03        8.595109e+01
               58400        3.327311e-03        1.275374e+02
               58500        2.552692e-03        1.275374e+02
               58600        3.878782e-03        1.726531e+02
               58700        2.551551e-03        1.726531e+02
               58800        2.453495e-03        8.334720e+01
               58900        3.663716e-03        8.334720e+01
               59000        2.558733e-03        8.239400e+01
               59100        3.468358e-03        8.239400e+01
               59200        3.362825e-03        1.078895e+02
               59300        2.346876e-03        1.078429e+02
               59400        3.798590e-03        1.078429e+02
               59500        2.536790e-03        1.078429e+02
               59600        2.588559e-03        1.049692e+02
               59700        3.834811e-03        1.049692e+02
               59800        2.570319e-03        9.111020e+01
               59900        2.979858e-03        9.111020e+01
               60000        2.501490e-03        9.073892e+01
               60100        3.934196e-03        7.279478e+01
               60200        2.602716e-03        7.279478e+01
               60300        2.544530e-03        1.731151e+02
               60400        3.685206e-03        1.731151e+02
               60500        2.580667e-03        8.453235e+01
               60600        3.299540e-03        8.453235e+01
               60700        2.532561e-03        8.453235e+01
               60800        3.953127e-03        8.453235e+01
               60900        2.586487e-03        8.612389e+01
               61000        2.567432e-03        8.612389e+01
               61100        3.677179e-03        1.780320e+02
               61200        2.562354e-03        1.780320e+02
               61300        3.292420e-03        1.524569e+02
               61400        2.651716e-03        1.719229e+02
               61500        3.950352e-03        1.719229e+02
               61600        2.630392e-03        7.116752e+01
               61700        2.565171e-03        7.116752e+01
               61800        3.715116e-03        9.351195e+01
               61900        2.421937e-03        9.357534e+01
               62000        3.456143e-03        9.357534e+01
               62100        2.615311e-03        9.356032e+01
               62200        3.836451e-03        8.466375e+01
               62300        2.511176e-03        8.466375e+01
               62400        2.608740e-03        6.201820e+01
               62500        3.804306e-03        6.201820e+01
               62600        2.624691e-03        7.704788e+01
               62700        3.286994e-03        6.378215e+01
               62800        2.458277e-03        6.378215e+01
               62900        3.731136e-03        6.348664e+01
               63000        2.541983e-03        6.348664e+01
               63100        2.549494e-03        5.361232e+01
               63200        3.669693e-03        5.361232e+01
               63300        2.549622e-03        5.361232e+01
               63400        3.316223e-03        5.361232e+01
               63500        2.554320e-03        5.262695e+01
               63600        3.847513e-03        5.262695e+01
               63700        2.554660e-03        4.827168e+01
               63800        2.597631e-03        4.827168e+01
               63900        3.679662e-03        5.083793e+01
               64000        2.619757e-03        1.109278e+02
               64100        3.316928e-03        1.109278e+02
               64200        2.590182e-03        5.195999e+01
               64300        3.718193e-03        5.195999e+01
               64400        2.564875e-03        4.931334e+01
               64500        2.468555e-03        4.931334e+01
               64600        3.539978e-03        4.931334e+01
               64700        2.507797e-03        4.931334e+01
               64800        3.465497e-03        5.050869e+01
               64900        2.716007e-03        5.050869e+01
               65000        3.970670e-03        4.969650e+01
               65100        2.634989e-03        4.969650e+01
               65200        2.491319e-03        5.455906e+01
               65300        3.875575e-03        5.105432e+01
               65400        2.670960e-03        5.105432e+01
               65500        3.403047e-03        8.199829e+01
               65600        2.575313e-03        8.199829e+01
               65700        3.842864e-03        5.667371e+01
               65800        2.465511e-03        5.667371e+01
               65900        2.474713e-03        5.667371e+01
               66000        3.567324e-03        5.667371e+01
               66100        2.273075e-03        4.932210e+01
               66200        3.301365e-03        4.932210e+01
               66300        2.640569e-03        4.399353e+01
               66400        3.917727e-03        4.399353e+01
               66500        2.571929e-03        6.417391e+01
               66600        2.366055e-03        6.417391e+01
               66700        3.689208e-03        6.417391e+01
               66800        2.575003e-03        6.417391e+01
               66900        3.316031e-03        5.351729e+01
               67000        2.664792e-03        5.351729e+01
               67100        3.843945e-03        7.486006e+01
               67200        2.532359e-03        7.486006e+01
               67300        2.549392e-03        4.908236e+01
               67400        3.666871e-03        4.908236e+01
               67500        2.579125e-03        4.908236e+01
               67600        3.308792e-03        4.908236e+01
               67700        3.266508e-03        4.589336e+01
               67800        2.225728e-03        4.589336e+01
               67900        3.825387e-03        6.620338e+01
               68000        2.404466e-03        6.620338e+01
               68100        2.601476e-03        9.216355e+01
               68200        3.782331e-03        9.216355e+01
               68300        2.438285e-03        5.085163e+01
               68400        2.973605e-03        5.085163e+01
               68500        2.541647e-03        1.077464e+02
               68600        3.836132e-03        1.077464e+02
               68700        2.577526e-03        9.007019e+01
               68800        2.581806e-03        9.007019e+01
               68900        3.655210e-03        9.007071e+01
               69000        2.555327e-03        9.007071e+01
               69100        3.433806e-03        8.990971e+01
               69200        2.625987e-03        8.990971e+01
               69300        3.731488e-03        7.167092e+01
               69400        2.537442e-03        7.167092e+01
               69500        2.605457e-03        6.095411e+01
               69600        3.846585e-03        6.095411e+01
               69700        2.540355e-03        6.272061e+01
               69800        3.307903e-03        6.272061e+01
               69900        2.654848e-03        6.329269e+01
               70000        3.935171e-03        6.329269e+01
               70100        2.572593e-03        1.479964e+02
               70200        2.478446e-03        1.479964e+02
               70300        3.705784e-03        1.479964e+02
               70400        2.630642e-03        1.479964e+02
               70500        3.307694e-03        6.791146e+01
               70600        2.414756e-03        6.791146e+01
               70700        3.697088e-03        7.407108e+01
               70800        2.664368e-03        7.407108e+01
               70900        2.653806e-03        4.755540e+01
               71000        3.787751e-03        4.755540e+01
               71100        2.634532e-03        4.755540e+01
               71200        3.433903e-03        4.755540e+01
               71300        2.562410e-03        4.311884e+01
               71400        3.830949e-03        4.311884e+01
               71500        2.561378e-03        3.928392e+01
               71600        2.498930e-03        3.928392e+01
               71700        3.955161e-03        4.059049e+01
               71800        2.651661e-03        4.059049e+01
               71900        3.271190e-03        3.795834e+01
               72000        2.554825e-03        3.795834e+01
               72100        3.746531e-03        4.660353e+01
               72200        2.528020e-03        4.660353e+01
               72300        2.467341e-03        4.413181e+01
               72400        3.781334e-03        4.487217e+01
               72500        2.646495e-03        4.010684e+01
               72600        3.426672e-03        4.012100e+01
               72700        2.399496e-03        4.012100e+01
               72800        3.862798e-03        3.739398e+01
               72900        2.532944e-03        8.466117e+01
               73000        2.542489e-03        8.466117e+01
               73100        3.664325e-03        8.466117e+01
               73200        2.638235e-03        3.626553e+01
               73300        3.319918e-03        3.508356e+01
               73400        2.729802e-03        3.508356e+01
               73500        3.966280e-03        3.508356e+01
               73600        2.470511e-03        3.517878e+01
               73700        2.648710e-03        4.419316e+01
               73800        3.942033e-03        4.423048e+01
               73900        2.540743e-03        4.423048e+01
               74000        3.255473e-03        3.555461e+01
               74100        2.517249e-03        4.141431e+01
               74200        3.699743e-03        4.141431e+01
               74300        2.499265e-03        4.141431e+01
               74400        2.620757e-03        4.635221e+01
               74500        3.884970e-03        4.164886e+01
               74600        2.378053e-03        4.164886e+01
               74700        3.385774e-03        4.164886e+01
               74800        2.645344e-03        3.578271e+01
               74900        3.958779e-03        6.037682e+01
               75000        2.559448e-03        6.037682e+01
               75100        2.490400e-03        6.037682e+01
               75200        3.808701e-03        3.648322e+01
               75300        2.596832e-03        7.110662e+01
               75400        2.145037e-03        7.110662e+01
               75500        2.360941e-03        7.110662e+01
               75600        2.107785e-03        3.062382e+01
               75700        2.697696e-03        3.242656e+01
               75800        2.746339e-03        3.242656e+01
               75900        3.028194e-03        3.242656e+01
               76000        2.481772e-03        3.072534e+01
               76100        3.710699e-03        2.972347e+01
               76200        2.405701e-03        2.972350e+01
               76300        2.304082e-03        2.972350e+01
               76400        3.562774e-03        3.082225e+01
               76500        2.284967e-03        2.936519e+01
               76600        3.355012e-03        2.948858e+01
               76700        2.337729e-03        2.948858e+01
               76800        3.497724e-03        2.817884e+01
               76900        2.298371e-03        3.311572e+01
               77000        2.450970e-03        3.308473e+01
               77100        2.444564e-03        3.311572e+01
               77200        2.591709e-03        2.813054e+01
               77300        2.447440e-03        7.251622e+01
               77400        2.269798e-03        7.251622e+01
               77500        2.402876e-03        7.251622e+01
               77600        2.457864e-03        3.555750e+01
               77700        2.417374e-03        3.131060e+01
               77800        2.431408e-03        3.131060e+01
               77900        2.582830e-03        3.131060e+01
               78000        2.545893e-03        3.068702e+01
               78100        2.099028e-03        3.644711e+01
               78200        2.348099e-03        3.644711e+01
               78300        2.044923e-03        3.644711e+01
               78400        2.276877e-03        3.109550e+01
               78500        2.130319e-03        2.940557e+01
               78600        2.446148e-03        2.940557e+01
               78700        2.371101e-03        2.940557e+01
               78800        2.322211e-03        2.726607e+01
               78900        2.244494e-03        2.715205e+01
               79000        2.293408e-03        2.714573e+01
               79100        2.193789e-03        2.714573e+01
               79200        2.163429e-03        2.706349e+01
               79300        2.116806e-03        4.863742e+01
               79400        2.120978e-03        4.863742e+01
               79500        2.125257e-03        4.863742e+01
               79600        2.142846e-03        4.863742e+01
               79700        2.092281e-03        6.527612e+01
               79800        2.318352e-03        6.524727e+01
               79900        2.123653e-03        6.524727e+01
               80000        2.146191e-03        4.351503e+01
               80100        2.133976e-03        4.351503e+01
               80200        2.126026e-03        4.236864e+01
               80300        2.160118e-03        4.236864e+01
               80400        2.139401e-03        4.669041e+01
               80500        2.097960e-03        4.669041e+01
               80600        2.037136e-03        3.675490e+01
               80700        2.100892e-03        3.675490e+01
               80800        2.113516e-03        2.850973e+01
               80900        2.106947e-03        2.850973e+01
               81000        2.144745e-03        4.680199e+01
               81100        2.167526e-03        4.680199e+01
               81200        2.096461e-03        4.680199e+01
               81300        1.997054e-03        4.680199e+01
               81400        2.169936e-03        4.183464e+01
               81500        2.082897e-03        4.183464e+01
               81600        2.122215e-03        2.581230e+01
               81700        1.932551e-03        2.581230e+01
               81800        2.151636e-03        3.076540e+01
               81900        2.126924e-03        2.393289e+01
               82000        2.083969e-03        2.367884e+01
               82100        2.134238e-03        2.367884e+01
               82200        2.062664e-03        2.276105e+01
               82300        2.105804e-03        2.534974e+01
               82400        2.081471e-03        2.534974e+01
               82500        2.093135e-03        2.711947e+01
               82600        2.139937e-03        2.372459e+01
               82700        2.156306e-03        2.372459e+01
               82800        2.114190e-03        2.226229e+01
               82900        1.940829e-03        2.226229e+01
               83000        2.116812e-03        2.104938e+01
               83100        2.111343e-03        2.104251e+01
               83200        2.096818e-03        2.104251e+01
               83300        2.027565e-03        2.104251e+01
               83400        2.122805e-03        2.048471e+01
               83500        2.056850e-03        2.048471e+01
               83600        2.131378e-03        2.208286e+01
               83700        2.120433e-03        2.208286e+01
               83800        2.112353e-03        2.222075e+01
               83900        2.081816e-03        2.654001e+01
               84000        2.025747e-03        2.654001e+01
               84100        1.963906e-03        2.654001e+01
               84200        2.054428e-03        2.654001e+01
               84300        2.104621e-03        2.516065e+01
               84400        2.194850e-03        2.516065e+01
               84500        2.109645e-03        2.332346e+01
               84600        2.058246e-03        2.332346e+01
               84700        2.122079e-03        2.769777e+01
               84800        2.094357e-03        2.194376e+01
               84900        2.121337e-03        2.194376e+01
               85000        2.109297e-03        2.126794e+01
               85100        2.137407e-03        2.126794e+01
               85200        2.136665e-03        2.099134e+01
               85300        2.012252e-03        2.099134e+01
               85400        2.229437e-03        2.099134e+01
               85500        1.941296e-03        2.099134e+01
               85600        2.144746e-03        1.968842e+01
               85700        2.099454e-03        1.968842e+01
               85800        2.101022e-03        1.907499e+01
               85900        1.984595e-03        1.907499e+01
               86000        2.115116e-03        1.955599e+01
               86100        2.107330e-03        1.850465e+01
               86200        2.122356e-03        1.850465e+01
               86300        2.146307e-03        2.027677e+01
               86400        2.099871e-03        2.027677e+01
               86500        2.137171e-03        1.861365e+01
               86600        2.090684e-03        1.861365e+01
               86700        2.135777e-03        1.861365e+01
               86800        2.042446e-03        1.861365e+01
               86900        2.159046e-03        1.931641e+01
               87000        2.121446e-03        1.931641e+01
               87100        2.119879e-03        1.878108e+01
               87200        2.112161e-03        2.005609e+01
               87300        2.139973e-03        1.864967e+01
               87400        2.156842e-03        1.864967e+01
               87500        2.168728e-03        2.295936e+01
               87600        1.985217e-03        2.295936e+01
               87700        2.161935e-03        1.808493e+01
               87800        2.131124e-03        1.808493e+01
               87900        2.115558e-03        1.808493e+01
               88000        2.109557e-03        1.808493e+01
               88100        2.107280e-03        2.183830e+01
               88200        2.123938e-03        2.183830e+01
               88300        2.139374e-03        1.795197e+01
               88400        2.118124e-03        1.795197e+01
               88500        2.035248e-03        1.813943e+01
               88600        2.112099e-03        1.838784e+01
               88700        2.045480e-03        1.838784e+01
               88800        2.116568e-03        1.902227e+01
               88900        2.143132e-03        1.902227e+01
               89000        2.124275e-03        4.855153e+01
               89100        2.119777e-03        4.855153e+01
               89200        2.127528e-03        2.913780e+01
               89300        2.156655e-03        2.913780e+01
               89400        2.190578e-03        1.825121e+01
               89500        2.166072e-03        1.825121e+01
               89600        2.124392e-03        1.633046e+01
               89700        2.119647e-03        1.633046e+01
               89800        2.120814e-03        1.849566e+01
               89900        2.126242e-03        1.849566e+01
               90000        2.212400e-03        1.631946e+01
               90100        2.123667e-03        1.631946e+01
               90200        2.050937e-03        1.997214e+01
               90300        2.116161e-03        1.997214e+01
               90400        2.168951e-03        1.720011e+01
               90500        2.118303e-03        1.720011e+01
               90600        2.114888e-03        1.720011e+01
               90700        2.135475e-03        1.720011e+01
               90800        1.931486e-03        1.745988e+01
               90900        2.144757e-03        1.745988e+01
               91000        2.187395e-03        1.878891e+01
               91100        2.126970e-03        1.878891e+01
               91200        2.192689e-03        1.632688e+01
               91300        2.115940e-03        1.632688e+01
               91400        2.121638e-03        1.632688e+01
               91500        2.035348e-03        1.632688e+01
               91600        2.119834e-03        1.686574e+01
               91700        2.094615e-03        1.686574e+01
               91800        1.954584e-03        1.523479e+01
               91900        2.146467e-03        1.523479e+01
               92000        2.118577e-03        1.606573e+01
               92100        2.183266e-03        1.606573e+01
               92200        2.125168e-03        1.640201e+01
               92300        2.115316e-03        1.640201e+01
               92400        2.106614e-03        1.683466e+01
               92500        2.081990e-03        1.683466e+01
               92600        2.126075e-03        1.676708e+01
               92700        2.117062e-03        1.676708e+01
               92800        2.026414e-03        1.676708e+01
               92900        2.162302e-03        1.676708e+01
               93000        2.020088e-03        1.651547e+01
               93100        2.151667e-03        1.651547e+01
               93200        2.081565e-03        1.561997e+01
               93300        2.118860e-03        1.561997e+01
               93400        2.165377e-03        1.634913e+01
               93500        2.138006e-03        1.743784e+01
               93600        2.113767e-03        1.743784e+01
               93700        2.118817e-03        1.575329e+01
               93800        2.162861e-03        1.575329e+01
               93900        2.199924e-03        1.634170e+01
               94000        2.120491e-03        1.634170e+01
               94100        2.176560e-03        1.634170e+01
               94200        2.172156e-03        1.634170e+01
               94300        2.124871e-03        1.658299e+01
               94400        2.109570e-03        1.658299e+01
               94500        2.009846e-03        1.632449e+01
               94600        2.162852e-03        1.632449e+01
               94700        2.175614e-03        1.543127e+01
               94800        2.193152e-03        1.543127e+01
               94900        2.108843e-03        1.543127e+01
               95000        2.156242e-03        1.543127e+01
               95100        2.529737e-03        1.524472e+01
               95200        1.934928e-03        1.524472e+01
               95300        2.139621e-03        1.531401e+01
               95400        2.123144e-03        1.531401e+01
               95500        2.110641e-03        1.570682e+01
               95600        2.116192e-03        1.546500e+01
               95700        2.109053e-03        1.546500e+01
               95800        2.165556e-03        1.604463e+01
               95900        2.169644e-03        1.604463e+01
               96000        2.166568e-03        1.543025e+01
               96100        2.123270e-03        1.543025e+01
               96200        2.119541e-03        1.543025e+01
               96300        2.146196e-03        1.543025e+01
               96400        2.023216e-03        1.528692e+01
               96500        2.110937e-03        1.528692e+01
               96600        2.264110e-03        1.468852e+01
               96700        2.166717e-03        1.468852e+01
               96800        2.156933e-03        1.549282e+01
               96900        2.115153e-03        1.549282e+01
               97000        2.178519e-03        1.447538e+01
               97100        2.146441e-03        1.447538e+01
               97200        2.115639e-03        1.419152e+01
               97300        2.211890e-03        1.419152e+01
               97400        2.120937e-03        1.516562e+01
               97500        2.113925e-03        1.516562e+01
               97600        2.157559e-03        1.516562e+01
               97700        2.131882e-03        1.516562e+01
               97800        2.194065e-03        1.475401e+01
               97900        1.998906e-03        1.475401e+01
               98000        2.111721e-03        1.360531e+01
               98100        2.145159e-03        1.360531e+01
               98200        2.168773e-03        1.386837e+01
               98300        2.108432e-03        1.386837e+01
               98400        2.178550e-03        1.343946e+01
               98500        2.170118e-03        1.343946e+01
               98600        2.130226e-03        2.561610e+01
               98700        2.125400e-03        2.561610e+01
               98800        2.337642e-03        1.395559e+01
               98900        2.150155e-03        1.395559e+01
               99000        2.139095e-03        1.395478e+01
               99100        2.179833e-03        1.395478e+01
               99200        2.197476e-03        1.406681e+01
               99300        2.127572e-03        1.406681e+01
               99400        1.955273e-03        1.409899e+01
               99500        1.861639e-03        1.409899e+01
               99600        1.723197e-03        1.389337e+01
               99700        1.760950e-03        1.389337e+01
               99800        1.743832e-03        1.354490e+01
               99900        1.862873e-03        1.354490e+01
              100000        1.741139e-03        1.346757e+01
