Period: 100
               Epoch           Time cost                Loss
                 100        4.084319e-03        2.432170e+04
                 200        3.947503e-03        1.491310e+04
                 300        3.154682e-03        1.236477e+04
                 400        3.034823e-03        1.089644e+04
                 500        3.067570e-03        1.238238e+04
                 600        3.263522e-03        1.029506e+04
                 700        2.894150e-03        1.350584e+04
                 800        2.837940e-03        1.026790e+04
                 900        2.537642e-03        8.219483e+03
                1000        2.817043e-03        7.890932e+03
                1100        2.780340e-03        1.245953e+04
                1200        2.700762e-03        7.597327e+03
                1300        2.647259e-03        1.133909e+04
                1400        2.786249e-03        1.133909e+04
                1500        2.306593e-03        7.750675e+03
                1600        2.700860e-03        7.750675e+03
                1700        2.262599e-03        7.137756e+03
                1800        2.166579e-03        9.731052e+03
                1900        2.239948e-03        8.563402e+03
                2000        2.244879e-03        7.829405e+03
                2100        2.247498e-03        8.987726e+03
                2200        3.440934e-03        8.784386e+03
                2300        2.307561e-03        7.203017e+03
                2400        2.839180e-03        8.629948e+03
                2500        2.538853e-03        9.032532e+03
                2600        2.169128e-03        5.770310e+03
                2700        2.508964e-03        6.164295e+03
                2800        2.160504e-03        6.930877e+03
                2900        2.198607e-03        7.970037e+03
                3000        2.147774e-03        6.656194e+03
                3100        2.311054e-03        7.336076e+03
                3200        2.184825e-03        6.742922e+03
                3300        2.253812e-03        5.984909e+03
                3400        2.214451e-03        8.231064e+03
                3500        2.198847e-03        6.175952e+03
                3600        2.211468e-03        6.686394e+03
                3700        2.238559e-03        8.908959e+03
                3800        2.214627e-03        5.609703e+03
                3900        2.185874e-03        8.521285e+03
                4000        2.169434e-03        6.549747e+03
                4100        2.144793e-03        6.498897e+03
                4200        2.101287e-03        5.588123e+03
                4300        2.105267e-03        6.394305e+03
                4400        2.132578e-03        8.398355e+03
                4500        2.168084e-03        6.275975e+03
                4600        2.094694e-03        7.744856e+03
                4700        2.140591e-03        9.881682e+03
                4800        2.289710e-03        5.906642e+03
                4900        2.296017e-03        5.606144e+03
                5000        3.093830e-03        4.866548e+03
                5100        2.325058e-03        5.931621e+03
                5200        2.204568e-03        8.856516e+03
                5300        2.169391e-03        5.421719e+03
                5400        2.463638e-03        5.200942e+03
                5500        2.117237e-03        4.807825e+03
                5600        2.743642e-03        5.307597e+03
                5700        2.172411e-03        5.179753e+03
                5800        2.256677e-03        6.588428e+03
                5900        2.655461e-03        6.742453e+03
                6000        2.587138e-03        5.049637e+03
                6100        2.609195e-03        1.102648e+04
                6200        2.801974e-03        1.102648e+04
                6300        2.432737e-03        6.122489e+03
                6400        2.517011e-03        5.291929e+03
                6500        2.430861e-03        9.190146e+03
                6600        2.466342e-03        6.812859e+03
                6700        2.621774e-03        7.081547e+03
                6800        2.655026e-03        9.111264e+03
                6900        2.812596e-03        5.794571e+03
                7000        2.501334e-03        7.597233e+03
                7100        2.775180e-03        4.898245e+03
                7200        3.000881e-03        7.619695e+03
                7300        2.654022e-03        5.850270e+03
                7400        3.136549e-03        7.688913e+03
                7500        2.489477e-03        7.688913e+03
                7600        3.114785e-03        6.351108e+03
                7700        3.014145e-03        6.322336e+03
                7800        2.808650e-03        9.063052e+03
                7900        2.711737e-03        5.561668e+03
                8000        2.957767e-03        5.528643e+03
                8100        3.097062e-03        4.891478e+03
                8200        2.937026e-03        5.988072e+03
                8300        3.415569e-03        5.988072e+03
                8400        2.863818e-03        5.491753e+03
                8500        2.719641e-03        7.135565e+03
                8600        2.949862e-03        6.979882e+03
                8700        2.403103e-03        4.890304e+03
                8800        2.835193e-03        5.736960e+03
                8900        2.989645e-03        4.919133e+03
                9000        2.992410e-03        7.083134e+03
                9100        2.804052e-03        6.479823e+03
                9200        2.830904e-03        5.434171e+03
                9300        2.760437e-03        6.088980e+03
                9400        2.742567e-03        6.589317e+03
                9500        2.861384e-03        6.589317e+03
                9600        2.789624e-03        5.070337e+03
                9700        2.808147e-03        5.112965e+03
                9800        2.929490e-03        5.096982e+03
                9900        2.834286e-03        5.096982e+03
               10000        2.814874e-03        6.920065e+03
               10100        2.735904e-03        6.920065e+03
               10200        2.949145e-03        5.671398e+03
               10300        2.575087e-03        7.223941e+03
               10400        2.802396e-03        4.698397e+03
               10500        2.785517e-03        4.698397e+03
               10600        2.811209e-03        6.266319e+03
               10700        2.968546e-03        6.266319e+03
               10800        2.914043e-03        6.082457e+03
               10900        2.781581e-03        6.082457e+03
               11000        2.731164e-03        5.290823e+03
               11100        2.705521e-03        4.298377e+03
               11200        3.689834e-03        4.298377e+03
               11300        3.892153e-03        5.271632e+03
               11400        2.769300e-03        5.087539e+03
               11500        2.994064e-03        5.825648e+03
               11600        2.616787e-03        5.825648e+03
               11700        2.566227e-03        5.935849e+03
               11800        2.432375e-03        5.831102e+03
               11900        2.430489e-03        5.831102e+03
               12000        2.697203e-03        5.318495e+03
               12100        2.713713e-03        5.318495e+03
               12200        2.776687e-03        5.141809e+03
               12300        2.796156e-03        5.449018e+03
               12400        2.841742e-03        5.193002e+03
               12500        2.633451e-03        4.261137e+03
               12600        2.818324e-03        7.326669e+03
               12700        2.829847e-03        6.359683e+03
               12800        2.781867e-03        4.590115e+03
               12900        2.697852e-03        6.235056e+03
               13000        2.717347e-03        7.574853e+03
               13100        2.808148e-03        6.250945e+03
               13200        2.908812e-03        5.904964e+03
               13300        2.913951e-03        4.700956e+03
               13400        3.176662e-03        4.700956e+03
               13500        2.393522e-03        5.720375e+03
               13600        2.352664e-03        6.227777e+03
               13700        2.354944e-03        6.400934e+03
               13800        2.359053e-03        4.718749e+03
               13900        2.324596e-03        5.327069e+03
               14000        2.325795e-03        6.347329e+03
               14100        2.361857e-03        4.506136e+03
               14200        2.331833e-03        5.959803e+03
               14300        2.342770e-03        9.737902e+03
               14400        2.352714e-03        5.451524e+03
               14500        2.339391e-03        5.533994e+03
               14600        2.978940e-03        6.284807e+03
               14700        2.326642e-03        6.284807e+03
               14800        2.680348e-03        5.553808e+03
               14900        2.321145e-03        5.586096e+03
               15000        2.343583e-03        5.586096e+03
               15100        2.321953e-03        6.341811e+03
               15200        2.346097e-03        6.341811e+03
               15300        2.320106e-03        6.105036e+03
               15400        2.323158e-03        4.342868e+03
               15500        2.330957e-03        4.317219e+03
               15600        2.314613e-03        4.338381e+03
               15700        2.430208e-03        4.168951e+03
               15800        2.339703e-03        5.188750e+03
               15900        2.627671e-03        4.492070e+03
               16000        2.416996e-03        5.776559e+03
               16100        3.149026e-03        5.051709e+03
               16200        3.230016e-03        6.764476e+03
               16300        2.382030e-03        5.169336e+03
               16400        2.358972e-03        4.656630e+03
               16500        2.349559e-03        4.863095e+03
               16600        2.334454e-03        4.239271e+03
               16700        2.329857e-03        7.415698e+03
               16800        2.337073e-03        8.505518e+03
               16900        2.335302e-03        6.537382e+03
               17000        2.327448e-03        5.171760e+03
               17100        2.325976e-03        6.760945e+03
               17200        2.324768e-03        6.523600e+03
               17300        2.400045e-03        4.691334e+03
               17400        3.214687e-03        5.456124e+03
               17500        2.329022e-03        5.222075e+03
               17600        2.748131e-03        6.094967e+03
               17700        2.327530e-03        5.061416e+03
               17800        2.327576e-03        5.470572e+03
               17900        2.308736e-03        5.253607e+03
               18000        2.305440e-03        5.253607e+03
               18100        2.240722e-03        5.399189e+03
               18200        2.247637e-03        9.081926e+03
               18300        2.241070e-03        6.868653e+03
               18400        2.247245e-03        6.043036e+03
               18500        2.247867e-03        4.467324e+03
               18600        2.240355e-03        3.883312e+03
               18700        2.347522e-03        3.756853e+03
               18800        2.238222e-03        3.609550e+03
               18900        2.420139e-03        5.225085e+03
               19000        2.327649e-03        3.690095e+03
               19100        2.854416e-03        5.361225e+03
               19200        2.432076e-03        4.907474e+03
               19300        2.282719e-03        5.066972e+03
               19400        2.344418e-03        4.003057e+03
               19500        2.246610e-03        4.530942e+03
               19600        2.442691e-03        4.163564e+03
               19700        2.288863e-03        3.937997e+03
               19800        2.332907e-03        4.584077e+03
               19900        2.385388e-03        5.621200e+03
               20000        2.248782e-03        4.123060e+03
               20100        2.258693e-03        5.355372e+03
               20200        2.257388e-03        4.426173e+03
               20300        2.251322e-03        4.426899e+03
               20400        2.264881e-03        4.267758e+03
               20500        3.214800e-03        4.734909e+03
               20600        2.249637e-03        4.319862e+03
               20700        3.029384e-03        6.084554e+03
               20800        2.238616e-03        6.084554e+03
               20900        2.969697e-03        4.548208e+03
               21000        2.657613e-03        4.548208e+03
               21100        2.751975e-03        3.776736e+03
               21200        2.671567e-03        4.565696e+03
               21300        2.656917e-03        4.326656e+03
               21400        2.432156e-03        3.201449e+03
               21500        2.668711e-03        3.829718e+03
               21600        2.544469e-03        3.475304e+03
               21700        3.564940e-03        3.963334e+03
               21800        2.671809e-03        5.803264e+03
               21900        2.599208e-03        3.557023e+03
               22000        2.504018e-03        4.900886e+03
               22100        2.641809e-03        3.884905e+03
               22200        2.552495e-03        3.713925e+03
               22300        2.563667e-03        5.116663e+03
               22400        2.534905e-03        4.998525e+03
               22500        2.528725e-03        4.879685e+03
               22600        2.567880e-03        4.402498e+03
               22700        2.479607e-03        5.091491e+03
               22800        2.527318e-03        5.091491e+03
               22900        2.485902e-03        4.468702e+03
               23000        2.617864e-03        6.011643e+03
               23100        2.718208e-03        6.011643e+03
               23200        2.882258e-03        7.559176e+03
               23300        2.176720e-03        5.675132e+03
               23400        3.127159e-03        5.675132e+03
               23500        2.201051e-03        3.830362e+03
               23600        2.165473e-03        3.830362e+03
               23700        2.236558e-03        5.943797e+03
               23800        2.166942e-03        5.943797e+03
               23900        2.422561e-03        4.005022e+03
               24000        2.224939e-03        3.290781e+03
               24100        2.264339e-03        4.273420e+03
               24200        2.219181e-03        4.273420e+03
               24300        2.353625e-03        3.719052e+03
               24400        2.241802e-03        3.719052e+03
               24500        2.278804e-03        3.864765e+03
               24600        2.308534e-03        3.864765e+03
               24700        2.165144e-03        3.920103e+03
               24800        2.748207e-03        3.920103e+03
               24900        2.181778e-03        4.727445e+03
               25000        3.266147e-03        3.750303e+03
               25100        2.256408e-03        4.786554e+03
               25200        2.793394e-03        3.986440e+03
               25300        2.251370e-03        3.428040e+03
               25400        2.488716e-03        5.421491e+03
               25500        2.399482e-03        5.421491e+03
               25600        2.624436e-03        4.562035e+03
               25700        2.484221e-03        3.705690e+03
               25800        2.178060e-03        5.293770e+03
               25900        2.177226e-03        5.000141e+03
               26000        2.302432e-03        3.929809e+03
               26100        2.248007e-03        3.929809e+03
               26200        2.242214e-03        3.636063e+03
               26300        2.165059e-03        8.904703e+03
               26400        2.338962e-03        3.378394e+03
               26500        2.158858e-03        3.589459e+03
               26600        2.205851e-03        4.259446e+03
               26700        2.163125e-03        3.286737e+03
               26800        2.173082e-03        3.684673e+03
               26900        2.172104e-03        3.624184e+03
               27000        2.174430e-03        3.597554e+03
               27100        3.082483e-03        3.335156e+03
               27200        2.174310e-03        3.919912e+03
               27300        3.018051e-03        3.913593e+03
               27400        2.227270e-03        3.859909e+03
               27500        2.278132e-03        6.536450e+03
               27600        2.266568e-03        4.340231e+03
               27700        2.157117e-03        3.485658e+03
               27800        2.175065e-03        4.513228e+03
               27900        2.162767e-03        3.469875e+03
               28000        2.172444e-03        4.437537e+03
               28100        2.150447e-03        3.350128e+03
               28200        2.201483e-03        4.482534e+03
               28300        2.432897e-03        5.459597e+03
               28400        2.516781e-03        5.459597e+03
               28500        2.519449e-03        3.543101e+03
               28600        2.663164e-03        3.784048e+03
               28700        2.277106e-03        3.784048e+03
               28800        2.258959e-03        4.594975e+03
               28900        2.341998e-03        4.185321e+03
               29000        2.954940e-03        5.086217e+03
               29100        2.286209e-03        2.848647e+03
               29200        2.351222e-03        2.853333e+03
               29300        2.251447e-03        3.302017e+03
               29400        2.248398e-03        3.200211e+03
               29500        2.246441e-03        3.025380e+03
               29600        2.224998e-03        3.343642e+03
               29700        2.174044e-03        5.323518e+03
               29800        2.160797e-03        4.482057e+03
               29900        2.181757e-03        3.346724e+03
               30000        2.162820e-03        3.306385e+03
               30100        2.248177e-03        3.334731e+03
               30200        2.153087e-03        2.956021e+03
               30300        2.241884e-03        3.629089e+03
               30400        2.190657e-03        4.257614e+03
               30500        2.415296e-03        5.637809e+03
               30600        2.628971e-03        5.940719e+03
               30700        2.526263e-03        3.871847e+03
               30800        2.566169e-03        3.362605e+03
               30900        2.578792e-03        3.688675e+03
               31000        2.255301e-03        3.656622e+03
               31100        3.488026e-03        4.478179e+03
               31200        2.256980e-03        3.944855e+03
               31300        2.159119e-03        5.301055e+03
               31400        2.183276e-03        4.215932e+03
               31500        2.650601e-03        6.708950e+03
               31600        2.177819e-03        6.708950e+03
               31700        2.175713e-03        3.024256e+03
               31800        2.194688e-03        4.448707e+03
               31900        2.269471e-03        4.018558e+03
               32000        2.257292e-03        3.502238e+03
               32100        2.160596e-03        3.436317e+03
               32200        2.250319e-03        3.007359e+03
               32300        2.174629e-03        2.980012e+03
               32400        2.183156e-03        3.063579e+03
               32500        2.173538e-03        1.153728e+04
               32600        2.271588e-03        3.326674e+03
               32700        2.154378e-03        2.820844e+03
               32800        2.287132e-03        3.183813e+03
               32900        2.164828e-03        3.708216e+03
               33000        2.306901e-03        3.205168e+03
               33100        2.158148e-03        4.701283e+03
               33200        2.259271e-03        4.164456e+03
               33300        2.153825e-03        3.520691e+03
               33400        2.429786e-03        3.011177e+03
               33500        2.161190e-03        3.011177e+03
               33600        2.175736e-03        4.906099e+03
               33700        2.262519e-03        3.440778e+03
               33800        2.243971e-03        3.134547e+03
               33900        2.215397e-03        3.134547e+03
               34000        2.202368e-03        3.683128e+03
               34100        2.447206e-03        3.683128e+03
               34200        2.279527e-03        3.100707e+03
               34300        2.305921e-03        3.150697e+03
               34400        2.257352e-03        3.385439e+03
               34500        2.286538e-03        2.916896e+03
               34600        2.256654e-03        5.525857e+03
               34700        2.152870e-03        3.420034e+03
               34800        2.177120e-03        3.077383e+03
               34900        2.240230e-03        3.636534e+03
               35000        2.221650e-03        3.475178e+03
               35100        2.254300e-03        3.594217e+03
               35200        2.254273e-03        4.684084e+03
               35300        2.248479e-03        3.270593e+03
               35400        2.250561e-03        3.030470e+03
               35500        2.253516e-03        4.098003e+03
               35600        2.274786e-03        3.336818e+03
               35700        2.231580e-03        3.625009e+03
               35800        2.254296e-03        3.567961e+03
               35900        2.277859e-03        3.543514e+03
               36000        2.249515e-03        4.142649e+03
               36100        2.240587e-03        4.090720e+03
               36200        2.225925e-03        3.255361e+03
               36300        2.233565e-03        3.117153e+03
               36400        2.167494e-03        5.571472e+03
               36500        2.158502e-03        3.611813e+03
               36600        2.173272e-03        4.078790e+03
               36700        2.158508e-03        2.868994e+03
               36800        2.176274e-03        2.934647e+03
               36900        2.252876e-03        3.870229e+03
               37000        2.292013e-03        2.893207e+03
               37100        2.262105e-03        2.701789e+03
               37200        2.226832e-03        3.698470e+03
               37300        2.233316e-03        2.745855e+03
               37400        2.349638e-03        4.293581e+03
               37500        2.229893e-03        4.131248e+03
               37600        2.359571e-03        2.738170e+03
               37700        2.265456e-03        2.828776e+03
               37800        2.310461e-03        5.872602e+03
               37900        2.224406e-03        3.119465e+03
               38000        2.281934e-03        3.223296e+03
               38100        2.289723e-03        3.671123e+03
               38200        2.249607e-03        3.308842e+03
               38300        2.200962e-03        4.272012e+03
               38400        2.200258e-03        3.250872e+03
               38500        2.293867e-03        3.247852e+03
               38600        2.279911e-03        2.873885e+03
               38700        2.241235e-03        2.903846e+03
               38800        2.247435e-03        3.087358e+03
               38900        2.320950e-03        4.135782e+03
               39000        2.257226e-03        3.274644e+03
               39100        2.255125e-03        3.397388e+03
               39200        2.292156e-03        2.976810e+03
               39300        2.174292e-03        3.855943e+03
               39400        2.180067e-03        3.380678e+03
               39500        2.220510e-03        2.476587e+03
               39600        2.240304e-03        2.424817e+03
               39700        2.171749e-03        3.998547e+03
               39800        2.171283e-03        3.403901e+03
               39900        2.203648e-03        3.033901e+03
               40000        2.274376e-03        3.388733e+03
               40100        2.253731e-03        3.333687e+03
               40200        2.266955e-03        3.147744e+03
               40300        2.349362e-03        3.194646e+03
               40400        2.252294e-03        3.315126e+03
               40500        2.155990e-03        3.211101e+03
               40600        2.171731e-03        3.674521e+03
               40700        2.188078e-03        2.894095e+03
               40800        2.171669e-03        2.895060e+03
               40900        2.242279e-03        3.165144e+03
               41000        2.189836e-03        2.543257e+03
               41100        2.275229e-03        3.288984e+03
               41200        2.245645e-03        2.838517e+03
               41300        2.233241e-03        2.428054e+03
               41400        2.250586e-03        3.129085e+03
               41500        2.234785e-03        2.812796e+03
               41600        2.262134e-03        2.616684e+03
               41700        2.161955e-03        2.498320e+03
               41800        2.239389e-03        3.129169e+03
               41900        2.162344e-03        3.142852e+03
               42000        2.232179e-03        4.419624e+03
               42100        2.259139e-03        2.978457e+03
               42200        2.344258e-03        3.509941e+03
               42300        2.234118e-03        4.521921e+03
               42400        2.344096e-03        4.058701e+03
               42500        2.239355e-03        3.946508e+03
               42600        2.258388e-03        2.829427e+03
               42700        2.161865e-03        3.670649e+03
               42800        2.168675e-03        3.499687e+03
               42900        2.157364e-03        3.230386e+03
               43000        2.196521e-03        3.568038e+03
               43100        2.255563e-03        3.092607e+03
               43200        2.298562e-03        2.878245e+03
               43300        2.241781e-03        2.573166e+03
               43400        2.294214e-03        3.381245e+03
               43500        2.275361e-03        2.584917e+03
               43600        2.291613e-03        2.677185e+03
               43700        2.332535e-03        4.365678e+03
               43800        2.262945e-03        2.632758e+03
               43900        2.251033e-03        4.057713e+03
               44000        2.324913e-03        4.068949e+03
               44100        2.208021e-03        2.592782e+03
               44200        2.184795e-03        2.979177e+03
               44300        2.228519e-03        2.734338e+03
               44400        2.401140e-03        3.024603e+03
               44500        2.286281e-03        2.997432e+03
               44600        2.205614e-03        3.316918e+03
               44700        2.350538e-03        2.856857e+03
               44800        2.245789e-03        3.405251e+03
               44900        2.242778e-03        4.168874e+03
               45000        2.198932e-03        3.007095e+03
               45100        2.164244e-03        3.051924e+03
               45200        2.174016e-03        3.208979e+03
               45300        2.177032e-03        2.687586e+03
               45400        2.181732e-03        2.990406e+03
               45500        2.246629e-03        2.658713e+03
               45600        2.178197e-03        3.412471e+03
               45700        2.158794e-03        2.415244e+03
               45800        2.184446e-03        3.272562e+03
               45900        2.181408e-03        2.358802e+03
               46000        2.302826e-03        4.925658e+03
               46100        2.232769e-03        5.122486e+03
               46200        2.273923e-03        3.158760e+03
               46300        2.174661e-03        2.920386e+03
               46400        2.182173e-03        2.766256e+03
               46500        2.156558e-03        2.409741e+03
               46600        2.249235e-03        2.861343e+03
               46700        2.229065e-03        2.287844e+03
               46800        2.172562e-03        2.442703e+03
               46900        2.250232e-03        2.876426e+03
               47000        2.177809e-03        3.549369e+03
               47100        2.229715e-03        3.687064e+03
               47200        2.306992e-03        4.464174e+03
               47300        2.246442e-03        4.009009e+03
               47400        2.271994e-03        2.601744e+03
               47500        2.160947e-03        2.911009e+03
               47600        2.274559e-03        3.462409e+03
               47700        2.174212e-03        2.446560e+03
               47800        2.279351e-03        2.459101e+03
               47900        2.165866e-03        2.844865e+03
               48000        2.287514e-03        2.602291e+03
               48100        2.205920e-03        2.525092e+03
               48200        2.292473e-03        2.611869e+03
               48300        2.167282e-03        3.051041e+03
               48400        2.403663e-03        3.814347e+03
               48500        2.167923e-03        3.211716e+03
               48600        2.170195e-03        5.413876e+03
               48700        2.245686e-03        3.181092e+03
               48800        2.250029e-03        3.030249e+03
               48900        2.221703e-03        2.657897e+03
               49000        2.201846e-03        2.191727e+03
               49100        2.411671e-03        2.928685e+03
               49200        2.253148e-03        3.836831e+03
               49300        2.298783e-03        2.639733e+03
               49400        2.239856e-03        3.342634e+03
               49500        2.295694e-03        3.765484e+03
               49600        2.246467e-03        2.171500e+03
               49700        2.249576e-03        2.784562e+03
               49800        2.168227e-03        2.557315e+03
               49900        2.276167e-03        2.522436e+03
               50000        2.242189e-03        2.686252e+03
               50100        2.244441e-03        2.515147e+03
               50200        2.283907e-03        2.137253e+03
               50300        2.248258e-03        2.786785e+03
               50400        2.239067e-03        2.931285e+03
               50500        2.239196e-03        2.041770e+03
               50600        2.296033e-03        2.701123e+03
               50700        2.242167e-03        3.216465e+03
               50800        2.240779e-03        3.029790e+03
               50900        2.198653e-03        3.310300e+03
               51000        2.164334e-03        2.283732e+03
               51100        2.156129e-03        2.242737e+03
               51200        2.168032e-03        2.132908e+03
               51300        2.295847e-03        2.589369e+03
               51400        2.166888e-03        5.714235e+03
               51500        2.191199e-03        3.600080e+03
               51600        2.204730e-03        4.225589e+03
               51700        2.162733e-03        5.166281e+03
               51800        2.245004e-03        3.014670e+03
               51900        2.283387e-03        2.198114e+03
               52000        2.254743e-03        2.457139e+03
               52100        2.239280e-03        3.141153e+03
               52200        2.277959e-03        3.886175e+03
               52300        2.214981e-03        2.392778e+03
               52400        2.500182e-03        2.577744e+03
               52500        2.235381e-03        3.373311e+03
               52600        2.391042e-03        3.330411e+03
               52700        2.264215e-03        2.602073e+03
               52800        2.336880e-03        2.096453e+03
               52900        2.236443e-03        2.207511e+03
               53000        2.262638e-03        2.395932e+03
               53100        2.323457e-03        2.284133e+03
               53200        2.243486e-03        2.785244e+03
               53300        2.230019e-03        2.738654e+03
               53400        2.246531e-03        3.490665e+03
               53500        2.292897e-03        2.983105e+03
               53600        2.246791e-03        2.438367e+03
               53700        2.294859e-03        3.982335e+03
               53800        2.243405e-03        2.989198e+03
               53900        2.357694e-03        4.378351e+03
               54000        2.247367e-03        2.451642e+03
               54100        2.307484e-03        2.945376e+03
               54200        2.333906e-03        4.241207e+03
               54300        2.165936e-03        2.698957e+03
               54400        2.166757e-03        2.652454e+03
               54500        2.201782e-03        2.013853e+03
               54600        2.244627e-03        2.302872e+03
               54700        2.228005e-03        5.038504e+03
               54800        2.166242e-03        4.497656e+03
               54900        2.208282e-03        3.143542e+03
               55000        2.309843e-03        2.309446e+03
               55100        2.304352e-03        2.674290e+03
               55200        2.242200e-03        2.353946e+03
               55300        2.293259e-03        2.492463e+03
               55400        2.243110e-03        4.122030e+03
               55500        2.174681e-03        3.170697e+03
               55600        2.164687e-03        3.045030e+03
               55700        2.254752e-03        3.192174e+03
               55800        2.162640e-03        2.319752e+03
               55900        2.260606e-03        2.341443e+03
               56000        2.196439e-03        2.790945e+03
               56100        2.254647e-03        2.846190e+03
               56200        2.195064e-03        2.248148e+03
               56300        2.248952e-03        2.762277e+03
               56400        2.343985e-03        3.292512e+03
               56500        2.245797e-03        2.303971e+03
               56600        2.180451e-03        2.357124e+03
               56700        2.165621e-03        2.905428e+03
               56800        2.432773e-03        2.602181e+03
               56900        2.219054e-03        4.905084e+03
               57000        2.329846e-03        5.749106e+03
               57100        2.242254e-03        2.473634e+03
               57200        2.304187e-03        2.125485e+03
               57300        2.238598e-03        4.128040e+03
               57400        2.260784e-03        2.052180e+03
               57500        2.285102e-03        1.978749e+03
               57600        2.225497e-03        4.025915e+03
               57700        2.167306e-03        2.937279e+03
               57800        2.168937e-03        3.132251e+03
               57900        2.274855e-03        3.455690e+03
               58000        2.198826e-03        3.220135e+03
               58100        2.172897e-03        2.698738e+03
               58200        2.263229e-03        2.166588e+03
               58300        2.342015e-03        2.347766e+03
               58400        2.247676e-03        2.370995e+03
               58500        2.170541e-03        2.338408e+03
               58600        2.276899e-03        3.249207e+03
               58700        2.291823e-03        1.780945e+03
               58800        2.243487e-03        3.080861e+03
               58900        2.176993e-03        4.634089e+03
               59000        2.248432e-03        2.676188e+03
               59100        2.254575e-03        2.844859e+03
               59200        2.239340e-03        2.581443e+03
               59300        2.318396e-03        2.980439e+03
               59400        2.244100e-03        4.366812e+03
               59500        2.315721e-03        2.336239e+03
               59600        2.238182e-03        2.170355e+03
               59700        2.326774e-03        3.902208e+03
               59800        2.241403e-03        4.401721e+03
               59900        2.285149e-03        3.190925e+03
               60000        2.223301e-03        3.133896e+03
               60100        2.278644e-03        2.056882e+03
               60200        2.171562e-03        2.332073e+03
               60300        2.168938e-03        3.158510e+03
               60400        2.168589e-03        2.702191e+03
               60500        2.226739e-03        2.091042e+03
               60600        2.164330e-03        3.934590e+03
               60700        2.166870e-03        3.259948e+03
               60800        2.242257e-03        2.496187e+03
               60900        2.198330e-03        2.236844e+03
               61000        2.264062e-03        2.236244e+03
               61100        2.248315e-03        3.245467e+03
               61200        2.260122e-03        3.061724e+03
               61300        2.159572e-03        2.314363e+03
               61400        2.231546e-03        3.030645e+03
               61500        2.166829e-03        2.776655e+03
               61600        2.263351e-03        1.881465e+03
               61700        2.160793e-03        2.902447e+03
               61800        2.269408e-03        2.239856e+03
               61900        2.244213e-03        2.599472e+03
               62000        2.323342e-03        2.517341e+03
               62100        2.232846e-03        3.406265e+03
               62200        2.303819e-03        2.528561e+03
               62300        2.329625e-03        3.416014e+03
               62400        2.166711e-03        2.180078e+03
               62500        2.192925e-03        2.763611e+03
               62600        2.188303e-03        2.456802e+03
               62700        2.193585e-03        2.848184e+03
               62800        2.193993e-03        2.364590e+03
               62900        2.157681e-03        2.441010e+03
               63000        2.276871e-03        3.494932e+03
               63100        2.170909e-03        2.184721e+03
               63200        2.200986e-03        2.705016e+03
               63300        2.166749e-03        1.857699e+03
               63400        2.318442e-03        3.378564e+03
               63500        2.166035e-03        2.532144e+03
               63600        2.110906e-03        3.488760e+03
               63700        2.095781e-03        2.713518e+03
               63800        2.239735e-03        2.339472e+03
               63900        2.088889e-03        3.759364e+03
               64000        2.092926e-03        3.676638e+03
               64100        2.121200e-03        2.747129e+03
               64200        2.127304e-03        1.902479e+03
               64300        2.196962e-03        3.097222e+03
               64400        2.192442e-03        2.238184e+03
               64500        2.155262e-03        2.356076e+03
               64600        2.182475e-03        2.773514e+03
               64700        2.166244e-03        2.493041e+03
               64800        2.097097e-03        3.227152e+03
               64900        2.133267e-03        2.691633e+03
               65000        2.104320e-03        3.087350e+03
               65100        2.092136e-03        2.567869e+03
               65200        2.102307e-03        2.656242e+03
               65300        2.145719e-03        2.583784e+03
               65400        2.097540e-03        3.146131e+03
               65500        2.099329e-03        2.634476e+03
               65600        2.173640e-03        3.552684e+03
               65700        2.364243e-03        2.346090e+03
               65800        2.558812e-03        2.640653e+03
               65900        2.186461e-03        1.917571e+03
               66000        2.419172e-03        2.795326e+03
               66100        2.346051e-03        3.205889e+03
               66200        2.292946e-03        2.425411e+03
               66300        2.366427e-03        2.031533e+03
               66400        2.562191e-03        2.771137e+03
               66500        2.465480e-03        3.638111e+03
               66600        2.649763e-03        1.867831e+03
               66700        2.212242e-03        2.004132e+03
               66800        2.184225e-03        1.998394e+03
               66900        2.228606e-03        2.744768e+03
               67000        2.140449e-03        2.417891e+03
               67100        2.071267e-03        1.894409e+03
               67200        2.118067e-03        1.898550e+03
               67300        2.168814e-03        1.882999e+03
               67400        2.052561e-03        1.832626e+03
               67500        2.026336e-03        2.074543e+03
               67600        2.057175e-03        2.129447e+03
               67700        2.106419e-03        2.421784e+03
               67800        2.100022e-03        2.368886e+03
               67900        2.021287e-03        2.333929e+03
               68000        2.128484e-03        1.812130e+03
               68100        2.166836e-03        1.894670e+03
               68200        2.111486e-03        2.186656e+03
               68300        2.080113e-03        3.584862e+03
               68400        2.153720e-03        2.649857e+03
               68500        2.118755e-03        3.412544e+03
               68600        2.104397e-03        3.454670e+03
               68700        2.427786e-03        3.133366e+03
               68800        2.383736e-03        2.014777e+03
               68900        2.466177e-03        2.014777e+03
               69000        2.477552e-03        1.944325e+03
               69100        2.497428e-03        2.131148e+03
               69200        2.470912e-03        1.677198e+03
               69300        2.720972e-03        1.543420e+03
               69400        2.170561e-03        2.428794e+03
               69500        2.167344e-03        2.652332e+03
               69600        2.184162e-03        2.652332e+03
               69700        2.491932e-03        1.806549e+03
               69800        2.185699e-03        2.040043e+03
               69900        2.125663e-03        2.040043e+03
               70000        2.328982e-03        2.150813e+03
               70100        2.127140e-03        2.150813e+03
               70200        2.090568e-03        1.893615e+03
               70300        2.125603e-03        1.688515e+03
               70400        2.193217e-03        2.590625e+03
               70500        2.136184e-03        2.279956e+03
               70600        2.092055e-03        2.479657e+03
               70700        2.135072e-03        3.517834e+03
               70800        2.102960e-03        2.328786e+03
               70900        2.130362e-03        2.699848e+03
               71000        2.095302e-03        4.443015e+03
               71100        2.223983e-03        3.134376e+03
               71200        2.086795e-03        2.130095e+03
               71300        2.116077e-03        3.902167e+03
               71400        2.085876e-03        2.145303e+03
               71500        2.121611e-03        2.001248e+03
               71600        2.045635e-03        3.775761e+03
               71700        2.226679e-03        2.094838e+03
               71800        2.416226e-03        1.478636e+03
               71900        2.875939e-03        1.665483e+03
               72000        2.482780e-03        2.851122e+03
               72100        2.322026e-03        2.201364e+03
               72200        2.422188e-03        2.099332e+03
               72300        2.390598e-03        2.506685e+03
               72400        2.195944e-03        1.841223e+03
               72500        2.376977e-03        2.241006e+03
               72600        2.406003e-03        2.241006e+03
               72700        2.577175e-03        1.808624e+03
               72800        2.545971e-03        1.808624e+03
               72900        2.364668e-03        4.063146e+03
               73000        2.473826e-03        4.063146e+03
               73100        2.295673e-03        3.204229e+03
               73200        2.340621e-03        2.177769e+03
               73300        2.285683e-03        2.808286e+03
               73400        2.341587e-03        2.977093e+03
               73500        2.527375e-03        1.869439e+03
               73600        2.474606e-03        3.088459e+03
               73700        2.560068e-03        1.652592e+03
               73800        2.578627e-03        2.050304e+03
               73900        2.206684e-03        2.465011e+03
               74000        2.177729e-03        1.687477e+03
               74100        2.122597e-03        2.297703e+03
               74200        2.080394e-03        2.196377e+03
               74300        2.113927e-03        2.987922e+03
               74400        2.331455e-03        2.792521e+03
               74500        2.118689e-03        1.938422e+03
               74600        2.087691e-03        1.632987e+03
               74700        2.129432e-03        2.511970e+03
               74800        2.300430e-03        2.847244e+03
               74900        2.128501e-03        2.157165e+03
               75000        2.110718e-03        3.349472e+03
               75100        2.120901e-03        3.165576e+03
               75200        2.176787e-03        2.163801e+03
               75300        2.059843e-03        2.321910e+03
               75400        2.019979e-03        2.424277e+03
               75500        2.069295e-03        2.273867e+03
               75600        2.190015e-03        2.105872e+03
               75700        2.203000e-03        5.506883e+03
               75800        2.180083e-03        2.145227e+03
               75900        2.157212e-03        1.809227e+03
               76000        2.343530e-03        1.664705e+03
               76100        2.109946e-03        1.930801e+03
               76200        2.190230e-03        1.659686e+03
               76300        2.128966e-03        3.347826e+03
               76400        2.194851e-03        2.259714e+03
               76500        2.112609e-03        2.259714e+03
               76600        2.094986e-03        2.821511e+03
               76700        2.163070e-03        2.125329e+03
               76800        2.157762e-03        2.961648e+03
               76900        2.108535e-03        3.326702e+03
               77000        2.150514e-03        1.882749e+03
               77100        2.221361e-03        1.747155e+03
               77200        2.180711e-03        1.747155e+03
               77300        2.103839e-03        2.257708e+03
               77400        2.115284e-03        2.735984e+03
               77500        2.105646e-03        2.735984e+03
               77600        2.128286e-03        1.802271e+03
               77700        2.102520e-03        2.035123e+03
               77800        2.090619e-03        2.860769e+03
               77900        2.102105e-03        2.860769e+03
               78000        2.109242e-03        2.189525e+03
               78100        2.226887e-03        1.647478e+03
               78200        2.171639e-03        1.808546e+03
               78300        2.182749e-03        1.911340e+03
               78400        2.238496e-03        1.494249e+03
               78500        2.166201e-03        2.509052e+03
               78600        2.122127e-03        2.535662e+03
               78700        2.160968e-03        2.296866e+03
               78800        2.165062e-03        2.130810e+03
               78900        2.108904e-03        2.625439e+03
               79000        2.098658e-03        2.600390e+03
               79100        2.106400e-03        1.695932e+03
               79200        2.131046e-03        2.501342e+03
               79300        2.104597e-03        1.966820e+03
               79400        2.115399e-03        1.831972e+03
               79500        2.169119e-03        3.056155e+03
               79600        2.257746e-03        2.315506e+03
               79700        2.150828e-03        2.567138e+03
               79800        2.377726e-03        2.250179e+03
               79900        2.175765e-03        2.700222e+03
               80000        2.227395e-03        1.986883e+03
               80100        2.208117e-03        6.402680e+03
               80200        2.129921e-03        2.372464e+03
               80300        2.096575e-03        2.832423e+03
               80400        2.134621e-03        2.125379e+03
               80500        2.204384e-03        2.028000e+03
               80600        2.136434e-03        2.426700e+03
               80700        2.097571e-03        3.207715e+03
               80800        2.163906e-03        1.419738e+03
               80900        2.428755e-03        1.847595e+03
               81000        2.153332e-03        1.778939e+03
               81100        2.195411e-03        5.119585e+03
               81200        2.595358e-03        2.307179e+03
               81300        2.500447e-03        3.210569e+03
               81400        2.539600e-03        2.341939e+03
               81500        2.548291e-03        1.784588e+03
               81600        2.637510e-03        1.996133e+03
               81700        2.617510e-03        1.774556e+03
               81800        2.393195e-03        1.597259e+03
               81900        2.525597e-03        1.688187e+03
               82000        2.331582e-03        2.359971e+03
               82100        2.367604e-03        2.047414e+03
               82200        2.412367e-03        1.658185e+03
               82300        2.558879e-03        1.492165e+03
               82400        2.469686e-03        2.035573e+03
               82500        2.570004e-03        1.819674e+03
               82600        2.305011e-03        2.348573e+03
               82700        2.610879e-03        1.755556e+03
               82800        2.200036e-03        1.674591e+03
               82900        2.679323e-03        2.741482e+03
               83000        2.194312e-03        1.968107e+03
               83100        2.168487e-03        2.104217e+03
               83200        2.197937e-03        3.032728e+03
               83300        2.172102e-03        2.378234e+03
               83400        2.090491e-03        1.519452e+03
               83500        2.199594e-03        1.325683e+03
               83600        2.126233e-03        2.640362e+03
               83700        2.097052e-03        2.216477e+03
               83800        2.186736e-03        1.648992e+03
               83900        2.172829e-03        1.576349e+03
               84000        2.205824e-03        1.656142e+03
               84100        2.091268e-03        1.331637e+03
               84200        2.143881e-03        1.721978e+03
               84300        2.112787e-03        2.098493e+03
               84400        2.209688e-03        1.988591e+03
               84500        2.160812e-03        1.626258e+03
               84600        2.119761e-03        1.691298e+03
               84700        2.092799e-03        1.949873e+03
               84800        2.146665e-03        1.457085e+03
               84900        2.329109e-03        1.693866e+03
               85000        2.669593e-03        1.937952e+03
               85100        2.519767e-03        1.937952e+03
               85200        2.864500e-03        1.519662e+03
               85300        2.657496e-03        1.519662e+03
               85400        2.545895e-03        2.091906e+03
               85500        2.195420e-03        1.757818e+03
               85600        3.345557e-03        1.757818e+03
               85700        2.155043e-03        1.987557e+03
               85800        2.633976e-03        1.987557e+03
               85900        2.172596e-03        1.699303e+03
               86000        2.283876e-03        1.699303e+03
               86100        2.169343e-03        2.402341e+03
               86200        2.194187e-03        3.076264e+03
               86300        2.135217e-03        2.662761e+03
               86400        2.117282e-03        4.214479e+03
               86500        2.090407e-03        2.061309e+03
               86600        2.216570e-03        1.855924e+03
               86700        2.095479e-03        2.208392e+03
               86800        2.132815e-03        2.088124e+03
               86900        2.086227e-03        2.088124e+03
               87000        2.379288e-03        1.533104e+03
               87100        2.091558e-03        1.403876e+03
               87200        2.139617e-03        2.357337e+03
               87300        2.092376e-03        2.357337e+03
               87400        2.784101e-03        1.726647e+03
               87500        2.163346e-03        1.759879e+03
               87600        2.126036e-03        1.626018e+03
               87700        2.092769e-03        3.219733e+03
               87800        2.162335e-03        3.210847e+03
               87900        2.086396e-03        1.838458e+03
               88000        2.123329e-03        2.061019e+03
               88100        2.088142e-03        1.931784e+03
               88200        2.190903e-03        1.404647e+03
               88300        2.093413e-03        1.598776e+03
               88400        2.134538e-03        1.734977e+03
               88500        2.085490e-03        1.603866e+03
               88600        2.203115e-03        1.892761e+03
               88700        2.187678e-03        2.151417e+03
               88800        2.196145e-03        1.824103e+03
               88900        2.108799e-03        3.162586e+03
               89000        2.194722e-03        2.678643e+03
               89100        2.159940e-03        1.781924e+03
               89200        2.194912e-03        1.886774e+03
               89300        2.261880e-03        2.753617e+03
               89400        2.191475e-03        2.217493e+03
               89500        2.174471e-03        2.128757e+03
               89600        2.218842e-03        1.951255e+03
               89700        2.159070e-03        2.298930e+03
               89800        2.182572e-03        2.298930e+03
               89900        2.157316e-03        1.623157e+03
               90000        2.306044e-03        2.334522e+03
               90100        2.090080e-03        2.334522e+03
               90200        2.109720e-03        1.737481e+03
               90300        2.088006e-03        1.707937e+03
               90400        2.131380e-03        1.984416e+03
               90500        2.159735e-03        1.402762e+03
               90600        2.102418e-03        1.701625e+03
               90700        2.099372e-03        1.812244e+03
               90800        2.130548e-03        2.616207e+03
               90900        2.525472e-03        2.735328e+03
               91000        2.531277e-03        1.231369e+03
               91100        2.346094e-03        1.271291e+03
               91200        2.549625e-03        1.529353e+03
               91300        2.519198e-03        1.806508e+03
               91400        2.584552e-03        1.911174e+03
               91500        2.183227e-03        3.145637e+03
               91600        2.519298e-03        2.599827e+03
               91700        2.224899e-03        1.767249e+03
               91800        2.232779e-03        2.431211e+03
               91900        2.242234e-03        1.925713e+03
               92000        2.265323e-03        2.557838e+03
               92100        2.332016e-03        2.294946e+03
               92200        2.355706e-03        1.198122e+03
               92300        2.971647e-03        1.933595e+03
               92400        2.870755e-03        1.571439e+03
               92500        2.658888e-03        1.804836e+03
               92600        2.390138e-03        2.317374e+03
               92700        2.353703e-03        2.250343e+03
               92800        2.543509e-03        2.053785e+03
               92900        2.580481e-03        2.000752e+03
               93000        2.553684e-03        2.040350e+03
               93100        2.548868e-03        2.347714e+03
               93200        2.567693e-03        1.672414e+03
               93300        2.371398e-03        1.915807e+03
               93400        2.334035e-03        2.130174e+03
               93500        2.461660e-03        2.421505e+03
               93600        2.166502e-03        2.597980e+03
               93700        2.289443e-03        2.160326e+03
               93800        2.269983e-03        1.892230e+03
               93900        2.370034e-03        1.480078e+03
               94000        2.267692e-03        1.322894e+03
               94100        2.556215e-03        3.122202e+03
               94200        2.232421e-03        1.680526e+03
               94300        2.539446e-03        1.765707e+03
               94400        2.531145e-03        1.618009e+03
               94500        2.633224e-03        1.846610e+03
               94600        2.478133e-03        1.304138e+03
               94700        2.529944e-03        3.078123e+03
               94800        2.599471e-03        1.808541e+03
               94900        2.542353e-03        1.643287e+03
               95000        2.165046e-03        1.800954e+03
               95100        2.449546e-03        2.168316e+03
               95200        2.485265e-03        1.905216e+03
               95300        2.405285e-03        2.356243e+03
               95400        2.548344e-03        2.103171e+03
               95500        2.291405e-03        2.103171e+03
               95600        2.401943e-03        1.899110e+03
               95700        2.344358e-03        1.899110e+03
               95800        2.609593e-03        1.426505e+03
               95900        2.626597e-03        1.426505e+03
               96000        2.624666e-03        1.716335e+03
               96100        2.552344e-03        1.716335e+03
               96200        2.631348e-03        2.774029e+03
               96300        2.469050e-03        1.971434e+03
               96400        2.521588e-03        1.971434e+03
               96500        2.669919e-03        1.200682e+03
               96600        2.563769e-03        1.492738e+03
               96700        2.535117e-03        1.492738e+03
               96800        2.619270e-03        1.884344e+03
               96900        2.547002e-03        2.565448e+03
               97000        2.364982e-03        2.157685e+03
               97100        2.315578e-03        1.882232e+03
               97200        2.449606e-03        1.893208e+03
               97300        2.543724e-03        1.491714e+03
               97400        2.215809e-03        1.556363e+03
               97500        2.442703e-03        1.967679e+03
               97600        2.284896e-03        1.336578e+03
               97700        2.409498e-03        1.601955e+03
               97800        2.310415e-03        1.852911e+03
               97900        2.449163e-03        1.852911e+03
               98000        2.525991e-03        2.962177e+03
               98100        2.353891e-03        1.548232e+03
               98200        2.470017e-03        1.777944e+03
               98300        2.700802e-03        1.777944e+03
               98400        2.205781e-03        1.923637e+03
               98500        2.359520e-03        1.823957e+03
               98600        2.178049e-03        2.958915e+03
               98700        2.480663e-03        2.958915e+03
               98800        2.178349e-03        1.361776e+03
               98900        2.174501e-03        1.345101e+03
               99000        2.205359e-03        1.345101e+03
               99100        2.578475e-03        1.475186e+03
               99200        2.224566e-03        1.348197e+03
               99300        2.314779e-03        1.493973e+03
               99400        2.329282e-03        1.140160e+03
               99500        2.251531e-03        2.123849e+03
               99600        2.182430e-03        1.244818e+03
               99700        2.174014e-03        1.244818e+03
               99800        2.199397e-03        1.658913e+03
               99900        2.235798e-03        1.436654e+03
              100000        2.202442e-03        1.832396e+03
