Period: 100
               Epoch           Time cost                Loss
                 100        1.892237e-03        1.257968e+04
                 200        1.796283e-03        1.174115e+04
                 300        1.881419e-03        8.041364e+03
                 400        1.861519e-03        6.786582e+03
                 500        1.749851e-03        9.523530e+03
                 600        1.744289e-03        6.954853e+03
                 700        1.746380e-03        7.375864e+03
                 800        1.772963e-03        7.338635e+03
                 900        1.732608e-03        6.597898e+03
                1000        1.733977e-03        5.160995e+03
                1100        1.784521e-03        5.477379e+03
                1200        1.813041e-03        4.336107e+03
                1300        1.862769e-03        4.073772e+03
                1400        1.776285e-03        7.840795e+03
                1500        1.744837e-03        4.819264e+03
                1600        1.772109e-03        6.354954e+03
                1700        1.753972e-03        4.590296e+03
                1800        1.919888e-03        5.031097e+03
                1900        1.763444e-03        4.355052e+03
                2000        1.823538e-03        4.476302e+03
                2100        1.788387e-03        4.240788e+03
                2200        1.860642e-03        4.521496e+03
                2300        1.808766e-03        4.570919e+03
                2400        1.765541e-03        5.229510e+03
                2500        1.758883e-03        4.384937e+03
                2600        1.771513e-03        5.951397e+03
                2700        2.024084e-03        4.361678e+03
                2800        1.838740e-03        3.901230e+03
                2900        1.793673e-03        3.972874e+03
                3000        1.843227e-03        8.587708e+03
                3100        1.825233e-03        4.801086e+03
                3200        1.898506e-03        4.767988e+03
                3300        1.791704e-03        4.391407e+03
                3400        1.918717e-03        5.101605e+03
                3500        1.831695e-03        3.394849e+03
                3600        2.061586e-03        4.846400e+03
                3700        1.809191e-03        4.414270e+03
                3800        1.804024e-03        3.749994e+03
                3900        1.805215e-03        3.420020e+03
                4000        1.893484e-03        5.160315e+03
                4100        2.067948e-03        3.395437e+03
                4200        1.879072e-03        3.373387e+03
                4300        1.854562e-03        2.775571e+03
                4400        1.855502e-03        5.414229e+03
                4500        2.002653e-03        3.578235e+03
                4600        1.907663e-03        4.716283e+03
                4700        1.855388e-03        4.927956e+03
                4800        1.891884e-03        3.384577e+03
                4900        1.861375e-03        3.127412e+03
                5000        1.915630e-03        2.591163e+03
                5100        1.892670e-03        2.995253e+03
                5200        1.927187e-03        5.724982e+03
                5300        2.604334e-03        2.979036e+03
                5400        2.006625e-03        5.210592e+03
                5500        1.997710e-03        2.951979e+03
                5600        1.862037e-03        4.083034e+03
                5700        1.874521e-03        4.347406e+03
                5800        1.980810e-03        4.033881e+03
                5900        1.855429e-03        2.228656e+03
                6000        1.860592e-03        3.160828e+03
                6100        1.907551e-03        3.309448e+03
                6200        1.974171e-03        3.046636e+03
                6300        1.911859e-03        4.249878e+03
                6400        1.857254e-03        2.310574e+03
                6500        1.887983e-03        2.727076e+03
                6600        1.932163e-03        2.279109e+03
                6700        2.025695e-03        1.947139e+03
                6800        1.872725e-03        2.496509e+03
                6900        2.328754e-03        1.855348e+03
                7000        1.863850e-03        2.299837e+03
                7100        1.850945e-03        3.236179e+03
                7200        1.854842e-03        3.006876e+03
                7300        1.930516e-03        2.953844e+03
                7400        1.876894e-03        3.680622e+03
                7500        1.875010e-03        2.318950e+03
                7600        1.993363e-03        1.854956e+03
                7700        1.911488e-03        1.866768e+03
                7800        1.906376e-03        2.117500e+03
                7900        1.884610e-03        3.839647e+03
                8000        1.991556e-03        1.994104e+03
                8100        1.918925e-03        1.790187e+03
                8200        1.849410e-03        2.974928e+03
                8300        1.907794e-03        2.950717e+03
                8400        1.925805e-03        1.950269e+03
                8500        2.001318e-03        2.064837e+03
                8600        1.940306e-03        2.490180e+03
                8700        1.866209e-03        2.619659e+03
                8800        1.880380e-03        3.665682e+03
                8900        2.028696e-03        2.665197e+03
                9000        1.973278e-03        2.027449e+03
                9100        1.935973e-03        3.803747e+03
                9200        2.687112e-03        2.119682e+03
                9300        2.107190e-03        2.002574e+03
                9400        2.022676e-03        2.737079e+03
                9500        1.926229e-03        2.069021e+03
                9600        1.871316e-03        2.848868e+03
                9700        1.941627e-03        2.295700e+03
                9800        2.019104e-03        1.800175e+03
                9900        2.021659e-03        2.422322e+03
               10000        1.976982e-03        4.056339e+03
               10100        2.870741e-03        2.156045e+03
               10200        1.885938e-03        3.733780e+03
               10300        1.939680e-03        3.262028e+03
               10400        1.923142e-03        2.029799e+03
               10500        1.895687e-03        2.222798e+03
               10600        2.010997e-03        2.840809e+03
               10700        1.910442e-03        2.401662e+03
               10800        1.939975e-03        2.777229e+03
               10900        1.872492e-03        1.831565e+03
               11000        1.933964e-03        1.994340e+03
               11100        1.968441e-03        2.527422e+03
               11200        2.103226e-03        1.813354e+03
               11300        1.912763e-03        2.131040e+03
               11400        1.946956e-03        2.453052e+03
               11500        2.019120e-03        1.841881e+03
               11600        1.870842e-03        1.998481e+03
               11700        1.931183e-03        3.818264e+03
               11800        1.904603e-03        3.529697e+03
               11900        2.760742e-03        2.791685e+03
               12000        1.933932e-03        2.937395e+03
               12100        1.919270e-03        2.023234e+03
               12200        2.082136e-03        1.660453e+03
               12300        2.048134e-03        2.218101e+03
               12400        1.967489e-03        2.137892e+03
               12500        1.897311e-03        1.948881e+03
               12600        1.993293e-03        1.680992e+03
               12700        1.983462e-03        1.306683e+03
               12800        2.427719e-03        1.453041e+03
               12900        1.921235e-03        2.314390e+03
               13000        1.888732e-03        1.491616e+03
               13100        1.923442e-03        2.037469e+03
               13200        1.989364e-03        1.749716e+03
               13300        1.961856e-03        1.216530e+03
               13400        1.912775e-03        1.984567e+03
               13500        1.962461e-03        2.175618e+03
               13600        1.901472e-03        1.595316e+03
               13700        1.935044e-03        2.652890e+03
               13800        1.964905e-03        1.937246e+03
               13900        1.901982e-03        1.497177e+03
               14000        1.967597e-03        2.565030e+03
               14100        1.871285e-03        1.302917e+03
               14200        2.132771e-03        2.192410e+03
               14300        1.955004e-03        2.075297e+03
               14400        2.061703e-03        2.659275e+03
               14500        1.947257e-03        1.901404e+03
               14600        2.321889e-03        1.413996e+03
               14700        1.884662e-03        1.464933e+03
               14800        2.011713e-03        2.182221e+03
               14900        2.260272e-03        1.529611e+03
               15000        2.809555e-03        1.259896e+03
               15100        1.927921e-03        3.113064e+03
               15200        2.271568e-03        1.131042e+03
               15300        1.927390e-03        1.131779e+03
               15400        2.459986e-03        1.650138e+03
               15500        1.980311e-03        1.367397e+03
               15600        2.260836e-03        1.729863e+03
               15700        1.914192e-03        2.063763e+03
               15800        1.941279e-03        1.438773e+03
               15900        1.930887e-03        1.826912e+03
               16000        1.942949e-03        1.693541e+03
               16100        2.163940e-03        1.116679e+03
               16200        1.928324e-03        2.115907e+03
               16300        2.116847e-03        2.418684e+03
               16400        2.092308e-03        2.379219e+03
               16500        2.259750e-03        2.078591e+03
               16600        1.920297e-03        1.247218e+03
               16700        2.116653e-03        1.593092e+03
               16800        2.032267e-03        1.320739e+03
               16900        2.015012e-03        1.201211e+03
               17000        1.872809e-03        1.318008e+03
               17100        1.951734e-03        1.750913e+03
               17200        1.961039e-03        1.238612e+03
               17300        1.951678e-03        1.968072e+03
               17400        1.991959e-03        1.675379e+03
               17500        1.914612e-03        2.123037e+03
               17600        1.956304e-03        1.519747e+03
               17700        1.936685e-03        1.578554e+03
               17800        1.967454e-03        1.511453e+03
               17900        1.906586e-03        1.787488e+03
               18000        2.276338e-03        2.070754e+03
               18100        2.012310e-03        1.380391e+03
               18200        1.911860e-03        1.613801e+03
               18300        1.973721e-03        1.117646e+03
               18400        1.907213e-03        1.310046e+03
               18500        2.073816e-03        1.258049e+03
               18600        1.944986e-03        1.234952e+03
               18700        2.016399e-03        1.497644e+03
               18800        1.966810e-03        1.366785e+03
               18900        2.375515e-03        1.373299e+03
               19000        1.934726e-03        1.663205e+03
               19100        1.964741e-03        1.216313e+03
               19200        1.919979e-03        2.047760e+03
               19300        1.898362e-03        1.261545e+03
               19400        2.047099e-03        1.623320e+03
               19500        1.973462e-03        1.142294e+03
               19600        1.926952e-03        1.963525e+03
               19700        1.903154e-03        1.500983e+03
               19800        2.822190e-03        8.337575e+02
               19900        1.973951e-03        1.069243e+03
               20000        1.936645e-03        1.320670e+03
               20100        1.914770e-03        1.445090e+03
               20200        2.080599e-03        1.108104e+03
               20300        1.926599e-03        1.661036e+03
               20400        1.899413e-03        1.747468e+03
               20500        1.905851e-03        2.002723e+03
               20600        1.913507e-03        2.299750e+03
               20700        2.169055e-03        1.063651e+03
               20800        1.965097e-03        1.287465e+03
               20900        1.970249e-03        2.152667e+03
               21000        1.901916e-03        6.240163e+02
               21100        1.950337e-03        2.328055e+03
               21200        1.908465e-03        1.177493e+03
               21300        1.905783e-03        1.633788e+03
               21400        2.012712e-03        9.367887e+02
               21500        2.035062e-03        8.073135e+02
               21600        2.000052e-03        9.656849e+02
               21700        1.956775e-03        1.167413e+03
               21800        1.949164e-03        1.138520e+03
               21900        1.935654e-03        1.079783e+03
               22000        1.937015e-03        6.657641e+02
               22100        2.000687e-03        1.442089e+03
               22200        1.910443e-03        1.354916e+03
               22300        1.910792e-03        1.018732e+03
               22400        1.965865e-03        7.140723e+02
               22500        1.954234e-03        9.386541e+02
               22600        1.934907e-03        1.050031e+03
               22700        1.920583e-03        1.363520e+03
               22800        2.104123e-03        1.004830e+03
               22900        1.954243e-03        1.555478e+03
               23000        1.967970e-03        7.286606e+02
               23100        1.917056e-03        7.864717e+02
               23200        1.910234e-03        9.166950e+02
               23300        1.927169e-03        9.882900e+02
               23400        1.918676e-03        1.114019e+03
               23500        1.921677e-03        8.196155e+02
               23600        1.916400e-03        8.025245e+02
               23700        1.990628e-03        7.797350e+02
               23800        1.917350e-03        9.056835e+02
               23900        1.905685e-03        7.384441e+02
               24000        1.962836e-03        9.067609e+02
               24100        2.025968e-03        7.724585e+02
               24200        1.868849e-03        7.824318e+02
               24300        1.940215e-03        7.351368e+02
               24400        1.916993e-03        1.210915e+03
               24500        2.017779e-03        9.002969e+02
               24600        1.948017e-03        1.086458e+03
               24700        1.964960e-03        1.204559e+03
               24800        1.992300e-03        1.140600e+03
               24900        1.980587e-03        7.221181e+02
               25000        1.964156e-03        9.880338e+02
               25100        1.852619e-03        6.864807e+02
               25200        1.853574e-03        4.164225e+03
               25300        1.935316e-03        1.212283e+03
               25400        1.953753e-03        1.885756e+03
               25500        2.039096e-03        7.639998e+02
               25600        2.060967e-03        1.292903e+03
               25700        2.343851e-03        9.156637e+02
               25800        1.990233e-03        8.884876e+02
               25900        1.935878e-03        8.142961e+02
               26000        1.953667e-03        5.773184e+02
               26100        2.290768e-03        6.709283e+02
               26200        2.125307e-03        1.117648e+03
               26300        1.937647e-03        7.634559e+02
               26400        1.928369e-03        4.981759e+02
               26500        1.908813e-03        1.112756e+03
               26600        2.043390e-03        6.118040e+02
               26700        1.933624e-03        5.726394e+02
               26800        2.105314e-03        1.323377e+03
               26900        1.969775e-03        9.168075e+02
               27000        2.000356e-03        7.907133e+02
               27100        2.003131e-03        6.228731e+02
               27200        1.966562e-03        5.200591e+02
               27300        1.933672e-03        5.355700e+02
               27400        1.941669e-03        6.661761e+02
               27500        1.945725e-03        6.178084e+02
               27600        1.919668e-03        6.367829e+02
               27700        1.980021e-03        6.322748e+02
               27800        1.926233e-03        5.730289e+02
               27900        2.029414e-03        4.725222e+02
               28000        1.935740e-03        1.097937e+03
               28100        1.907910e-03        3.784563e+02
               28200        1.913430e-03        4.844447e+02
               28300        1.955566e-03        4.552908e+02
               28400        2.030477e-03        6.298278e+02
               28500        1.938562e-03        6.927287e+02
               28600        1.915495e-03        1.484703e+03
               28700        2.003462e-03        7.319544e+02
               28800        2.367396e-03        1.084617e+03
               28900        1.974840e-03        9.628810e+02
               29000        1.977169e-03        1.054144e+03
               29100        1.968591e-03        6.316333e+02
               29200        1.958829e-03        4.490796e+02
               29300        1.916857e-03        5.421543e+02
               29400        2.000059e-03        6.162795e+02
               29500        2.040691e-03        8.746186e+02
               29600        2.057434e-03        6.528632e+02
               29700        2.033272e-03        5.700436e+02
               29800        2.883346e-03        7.630348e+02
               29900        3.137697e-03        6.030022e+02
               30000        2.004668e-03        7.147846e+02
               30100        1.979144e-03        5.153312e+02
               30200        1.951514e-03        5.857143e+02
               30300        1.921943e-03        9.116622e+02
               30400        2.058677e-03        6.500959e+02
               30500        1.948022e-03        8.086890e+02
               30600        1.970163e-03        4.497319e+02
               30700        2.074970e-03        4.575660e+02
               30800        2.121306e-03        6.767756e+02
               30900        2.037972e-03        8.879146e+02
               31000        2.029010e-03        5.301477e+02
               31100        2.176710e-03        5.517316e+02
               31200        2.495567e-03        1.075421e+03
               31300        1.983998e-03        3.278414e+02
               31400        2.176667e-03        1.395595e+03
               31500        2.052951e-03        7.834937e+02
               31600        2.154464e-03        6.037593e+02
               31700        1.961479e-03        7.452367e+02
               31800        2.099097e-03        8.343312e+02
               31900        2.052750e-03        3.173631e+02
               32000        2.220687e-03        3.176131e+02
               32100        2.131097e-03        3.150391e+02
               32200        2.029140e-03        5.247843e+02
               32300        2.080713e-03        5.366137e+02
               32400        2.348082e-03        1.046355e+03
               32500        2.080098e-03        5.923185e+02
               32600        2.182936e-03        9.230734e+02
               32700        2.240009e-03        1.161924e+03
               32800        2.311507e-03        7.536536e+02
               32900        2.246551e-03        4.449370e+02
               33000        2.223533e-03        9.919834e+02
               33100        2.027011e-03        1.159682e+03
               33200        2.160686e-03        3.089964e+02
               33300        2.043793e-03        4.158454e+02
               33400        2.073774e-03        3.408407e+02
               33500        2.146837e-03        1.246152e+03
               33600        2.168045e-03        1.456076e+03
               33700        2.121173e-03        8.423357e+02
               33800        2.061534e-03        3.055782e+03
               33900        2.172391e-03        4.578564e+02
               34000        2.068859e-03        5.135028e+02
               34100        2.070343e-03        4.430723e+02
               34200        2.300716e-03        2.997484e+02
               34300        2.176407e-03        2.255549e+02
               34400        2.284377e-03        4.924524e+02
               34500        2.086039e-03        4.555824e+02
               34600        2.072676e-03        4.841922e+02
               34700        2.151867e-03        2.782110e+02
               34800        2.036787e-03        2.190293e+02
               34900        2.200884e-03        2.145346e+02
               35000        2.028452e-03        6.843286e+02
               35100        2.088356e-03        3.521738e+02
               35200        2.034362e-03        3.721858e+02
               35300        2.073715e-03        3.799870e+02
               35400        2.038998e-03        5.878763e+02
               35500        1.948216e-03        2.957428e+02
               35600        2.294992e-03        6.368533e+02
               35700        2.155309e-03        4.266003e+02
               35800        2.782562e-03        2.561807e+02
               35900        2.056038e-03        3.383652e+02
               36000        2.065452e-03        8.798856e+02
               36100        1.986757e-03        5.112087e+02
               36200        2.093354e-03        3.680597e+02
               36300        1.957946e-03        3.073810e+02
               36400        2.098828e-03        5.204228e+02
               36500        1.990319e-03        2.989506e+02
               36600        2.065743e-03        5.157897e+02
               36700        1.989538e-03        3.134688e+02
               36800        2.032495e-03        3.443638e+02
               36900        2.004346e-03        3.438878e+02
               37000        2.418181e-03        2.777823e+02
               37100        1.936681e-03        1.076579e+03
               37200        2.137825e-03        3.915129e+02
               37300        1.991098e-03        4.113813e+02
               37400        1.988484e-03        5.383742e+02
               37500        2.048419e-03        4.003270e+02
               37600        1.900505e-03        7.814358e+02
               37700        1.997324e-03        3.093920e+02
               37800        1.977934e-03        8.901117e+02
               37900        2.045352e-03        7.081464e+02
               38000        1.998970e-03        1.971077e+03
               38100        2.194058e-03        2.116711e+02
               38200        1.928454e-03        4.848102e+02
               38300        1.972152e-03        4.356548e+02
               38400        1.994442e-03        3.163298e+02
               38500        2.055643e-03        6.120670e+02
               38600        1.974448e-03        4.579743e+02
               38700        1.971115e-03        4.805298e+02
               38800        2.019380e-03        2.600214e+02
               38900        1.918298e-03        4.220482e+02
               39000        1.988593e-03        2.511705e+02
               39100        1.973054e-03        2.507012e+02
               39200        2.370499e-03        3.611147e+02
               39300        1.956284e-03        6.141239e+02
               39400        2.026828e-03        2.232408e+02
               39500        2.045041e-03        7.849662e+02
               39600        2.119994e-03        6.034106e+02
               39700        2.078015e-03        2.726721e+02
               39800        2.131020e-03        2.688578e+02
               39900        2.085454e-03        2.425497e+02
               40000        1.971999e-03        1.006609e+03
               40100        2.006328e-03        3.473419e+02
               40200        2.148506e-03        3.019748e+02
               40300        2.315065e-03        2.860114e+02
               40400        2.159549e-03        1.707912e+02
               40500        1.995982e-03        1.321709e+02
               40600        2.094477e-03        3.707879e+02
               40700        2.064305e-03        5.051352e+02
               40800        2.107583e-03        3.422416e+02
               40900        1.961577e-03        1.635270e+02
               41000        2.022415e-03        1.394609e+02
               41100        1.973351e-03        1.086724e+02
               41200        2.064976e-03        1.626699e+02
               41300        1.983615e-03        1.459456e+02
               41400        2.017669e-03        1.649808e+02
               41500        1.963052e-03        2.989486e+02
               41600        2.104179e-03        1.755907e+02
               41700        2.008579e-03        1.085944e+02
               41800        1.975078e-03        1.293312e+02
               41900        2.033822e-03        1.408097e+02
               42000        1.990304e-03        1.743326e+02
               42100        2.191117e-03        1.869561e+02
               42200        1.972483e-03        3.430645e+02
               42300        2.279822e-03        5.626040e+02
               42400        1.955935e-03        1.726018e+02
               42500        2.238559e-03        1.873374e+02
               42600        1.925537e-03        1.622694e+02
               42700        2.257978e-03        3.291637e+02
               42800        1.988974e-03        6.174200e+02
               42900        2.041886e-03        2.931078e+02
               43000        1.935791e-03        1.664899e+02
               43100        1.995030e-03        2.357578e+02
               43200        1.975881e-03        2.284574e+02
               43300        2.036136e-03        1.626835e+02
               43400        1.926977e-03        3.221160e+02
               43500        1.900953e-03        2.109517e+02
               43600        2.297876e-03        3.413798e+02
               43700        1.931457e-03        3.011178e+02
               43800        1.965096e-03        2.034644e+02
               43900        2.002979e-03        9.979290e+01
               44000        2.940646e-03        1.117400e+02
               44100        2.342351e-03        1.094293e+02
               44200        2.130649e-03        1.090730e+02
               44300        1.927316e-03        1.892796e+02
               44400        2.768538e-03        9.699733e+01
               44500        1.947685e-03        4.632100e+02
               44600        2.600247e-03        3.456609e+02
               44700        2.101900e-03        1.393214e+02
               44800        2.201594e-03        1.812477e+02
               44900        1.937011e-03        1.677397e+02
               45000        2.030673e-03        1.494868e+02
               45100        2.084011e-03        1.033312e+02
               45200        2.176412e-03        9.727078e+02
               45300        1.989031e-03        1.962267e+02
               45400        2.066728e-03        9.020561e+01
               45500        2.018718e-03        1.960353e+02
               45600        2.021527e-03        9.183815e+01
               45700        2.016269e-03        1.645114e+02
               45800        2.107766e-03        1.895461e+02
               45900        1.971201e-03        1.489915e+02
               46000        1.977148e-03        1.191317e+02
               46100        1.921445e-03        1.848624e+02
               46200        1.997545e-03        1.934069e+02
               46300        1.924188e-03        1.787008e+02
               46400        1.974820e-03        1.219596e+02
               46500        1.983286e-03        2.718405e+02
               46600        1.935186e-03        1.549065e+02
               46700        1.992508e-03        1.451129e+02
               46800        1.971099e-03        2.002982e+02
               46900        1.951800e-03        1.309696e+02
               47000        1.970462e-03        4.429068e+02
               47100        2.197044e-03        1.408878e+02
               47200        1.993753e-03        1.397777e+02
               47300        2.095735e-03        1.971623e+02
               47400        1.954616e-03        1.241338e+02
               47500        1.991456e-03        1.768493e+02
               47600        1.918418e-03        3.831925e+02
               47700        2.124964e-03        1.376268e+02
               47800        1.975769e-03        1.231809e+02
               47900        1.961415e-03        2.221830e+02
               48000        1.938592e-03        9.962565e+01
               48100        1.916853e-03        2.191229e+02
               48200        2.529625e-03        2.185008e+02
               48300        2.031137e-03        1.116305e+02
               48400        2.049249e-03        2.411537e+02
               48500        1.968084e-03        1.561548e+02
               48600        2.071979e-03        1.524598e+02
               48700        2.021016e-03        1.881772e+02
               48800        1.943754e-03        1.881754e+02
               48900        2.089351e-03        2.022255e+02
               49000        2.514256e-03        1.182398e+02
               49100        2.055801e-03        1.810660e+02
               49200        1.980623e-03        2.018986e+02
               49300        1.963502e-03        5.980220e+01
               49400        2.216082e-03        1.198763e+02
               49500        2.078834e-03        1.155537e+02
               49600        1.915748e-03        1.510713e+02
               49700        1.986976e-03        3.150756e+02
               49800        1.965366e-03        7.589136e+01
               49900        2.387451e-03        5.949643e+01
               50000        1.964507e-03        4.959606e+01
               50100        2.078423e-03        5.562108e+01
               50200        1.979541e-03        6.864641e+01
               50300        2.137566e-03        2.157372e+02
               50400        1.984809e-03        8.786736e+01
               50500        2.058349e-03        5.195983e+01
               50600        1.990105e-03        4.947062e+01
               50700        2.874686e-03        4.874233e+01
               50800        1.980810e-03        4.862884e+01
               50900        1.990795e-03        4.857019e+01
               51000        1.937190e-03        1.970990e+02
               51100        3.046244e-03        1.754294e+02
               51200        1.976590e-03        1.073145e+02
               51300        2.047719e-03        1.064053e+02
               51400        2.011961e-03        1.027593e+02
               51500        1.966282e-03        2.054896e+02
               51600        2.007724e-03        8.002782e+01
               51700        2.010971e-03        1.464080e+02
               51800        2.115790e-03        1.282943e+02
               51900        2.015219e-03        1.271438e+02
               52000        2.049971e-03        8.466233e+01
               52100        1.917590e-03        8.512885e+01
               52200        2.217991e-03        7.120557e+01
               52300        2.053788e-03        7.001095e+01
               52400        2.014895e-03        6.563129e+01
               52500        1.920431e-03        4.995276e+01
               52600        2.582144e-03        5.901375e+01
               52700        2.096807e-03        5.900024e+01
               52800        1.962667e-03        5.898687e+01
               52900        1.971031e-03        5.928982e+01
               53000        1.916708e-03        1.335098e+02
               53100        2.097711e-03        1.215354e+02
               53200        2.055117e-03        1.174433e+02
               53300        2.139372e-03        1.128901e+02
               53400        1.962337e-03        2.856201e+02
               53500        2.002116e-03        8.813178e+01
               53600        2.029463e-03        8.820173e+01
               53700        1.970064e-03        8.728860e+01
               53800        2.000446e-03        7.650228e+01
               53900        2.001422e-03        5.996543e+01
               54000        1.976133e-03        5.811596e+01
               54100        1.943702e-03        5.783204e+01
               54200        1.960388e-03        6.238061e+01
               54300        2.206772e-03        4.851517e+01
               54400        2.038284e-03        4.814852e+01
               54500        1.995321e-03        4.800607e+01
               54600        1.920965e-03        4.798907e+01
               54700        2.007364e-03        4.799001e+01
               54800        2.233277e-03        4.780570e+01
               54900        2.160971e-03        1.042359e+02
               55000        1.977845e-03        1.002320e+02
               55100        2.145153e-03        5.254577e+01
               55200        1.984373e-03        4.340117e+01
               55300        1.953598e-03        1.137820e+02
               55400        2.002480e-03        1.920519e+02
               55500        2.083384e-03        6.883738e+01
               55600        1.917720e-03        1.638052e+02
               55700        1.919733e-03        3.146390e+02
               55800        2.305616e-03        1.547177e+02
               55900        2.001018e-03        4.744062e+01
               56000        1.975658e-03        1.681089e+02
               56100        1.915361e-03        1.890282e+02
               56200        2.277645e-03        1.247386e+02
               56300        1.987312e-03        7.162855e+01
               56400        1.916416e-03        8.972190e+01
               56500        1.966929e-03        8.213229e+01
               56600        1.971146e-03        8.213160e+01
               56700        1.960553e-03        3.033819e+01
               56800        2.021096e-03        3.448163e+02
               56900        1.926238e-03        2.454297e+02
               57000        1.910278e-03        3.834378e+02
               57100        1.920362e-03        2.726378e+02
               57200        2.068305e-03        1.431478e+02
               57300        1.927383e-03        9.473366e+01
               57400        1.987422e-03        1.024502e+02
               57500        1.978005e-03        3.388495e+02
               57600        2.040746e-03        6.289842e+02
               57700        1.922702e-03        2.176405e+02
               57800        1.951938e-03        6.798862e+01
               57900        1.929531e-03        6.753907e+01
               58000        1.982614e-03        1.593952e+02
               58100        1.972780e-03        3.955970e+02
               58200        1.932393e-03        7.823202e+01
               58300        1.865708e-03        2.474612e+01
               58400        1.955628e-03        2.474631e+01
               58500        1.923078e-03        2.303347e+01
               58600        2.013487e-03        2.312573e+01
               58700        1.928021e-03        2.407780e+01
               58800        1.921460e-03        1.718834e+01
               58900        2.386726e-03        1.598028e+02
               59000        1.933815e-03        8.901418e+01
               59100        1.954912e-03        1.303889e+02
               59200        1.981359e-03        1.086137e+02
               59300        2.071294e-03        8.673507e+00
               59400        1.989061e-03        8.687213e+00
               59500        1.976412e-03        8.716716e+00
               59600        1.971927e-03        8.722733e+00
               59700        2.021621e-03        8.366576e+00
               59800        1.921456e-03        8.166432e+00
               59900        1.988948e-03        8.197044e+00
               60000        2.362964e-03        5.026149e+00
               60100        1.918851e-03        4.796526e+00
               60200        1.936901e-03        4.956100e+00
               60300        1.976854e-03        2.032251e+01
               60400        1.993412e-03        1.965385e+01
               60500        1.945346e-03        1.965178e+01
               60600        1.939887e-03        1.282348e+02
               60700        1.974468e-03        7.862127e+01
               60800        1.991756e-03        6.999701e+01
               60900        1.948695e-03        1.640042e+02
               61000        1.980988e-03        4.947012e+01
               61100        2.250572e-03        3.469423e+01
               61200        1.919539e-03        2.786892e+01
               61300        1.966417e-03        2.829397e+01
               61400        2.039614e-03        2.685200e+01
               61500        1.917367e-03        2.403959e+01
               61600        2.531802e-03        3.004155e+01
               61700        1.928178e-03        3.000552e+01
               61800        2.021639e-03        2.892803e+01
               61900        1.945026e-03        2.695972e+01
               62000        2.309767e-03        2.674561e+01
               62100        1.937297e-03        2.690008e+01
               62200        1.979819e-03        2.331057e+01
               62300        1.950851e-03        1.544191e+02
               62400        1.954491e-03        9.071238e+01
               62500        1.911985e-03        2.669817e+01
               62600        1.919849e-03        2.671124e+01
               62700        2.075732e-03        2.671032e+01
               62800        1.971670e-03        2.654433e+01
               62900        1.980941e-03        2.443073e+01
               63000        1.901106e-03        2.333290e+01
               63100        2.175852e-03        2.333290e+01
               63200        1.993923e-03        2.786104e+01
               63300        2.008535e-03        4.403362e+01
               63400        1.928513e-03        4.321226e+01
               63500        2.486876e-03        3.153338e+01
               63600        2.052580e-03        2.796549e+01
               63700        1.911649e-03        2.259324e+01
               63800        1.890185e-03        2.257917e+01
               63900        1.855079e-03        3.079139e+01
               64000        2.156910e-03        3.077586e+01
               64100        2.031904e-03        2.954191e+01
               64200        1.978881e-03        8.014861e+00
               64300        1.878348e-03        9.403967e+00
               64400        2.041914e-03        4.243884e+01
               64500        1.957981e-03        7.835639e+01
               64600        1.955756e-03        3.688936e+02
               64700        1.938263e-03        8.542759e+01
               64800        2.089220e-03        1.873030e+01
               64900        2.032020e-03        4.073342e+01
               65000        1.977910e-03        1.088544e+02
               65100        1.911992e-03        4.067560e+01
               65200        1.910918e-03        1.884889e+02
               65300        2.043959e-03        3.920166e+01
               65400        1.886582e-03        4.327942e+01
               65500        1.935718e-03        1.064477e+02
               65600        1.917897e-03        9.461320e+01
               65700        1.985297e-03        3.106103e+01
               65800        1.977135e-03        8.404062e+01
               65900        1.952475e-03        2.451070e+02
               66000        1.917182e-03        1.162796e+02
               66100        2.089651e-03        2.088452e+02
               66200        1.967105e-03        2.001474e+02
               66300        1.856583e-03        4.679138e+01
               66400        1.896928e-03        1.714248e+02
               66500        2.528397e-03        3.895678e+01
               66600        2.025677e-03        4.170004e+01
               66700        1.978611e-03        5.179173e+01
               66800        1.920194e-03        4.034126e+01
               66900        1.982238e-03        3.079093e+01
               67000        2.032678e-03        3.038284e+01
               67100        1.912643e-03        3.037362e+01
               67200        1.979607e-03        2.433715e+01
               67300        2.038515e-03        2.433432e+01
               67400        2.103092e-03        2.396165e+02
               67500        1.970185e-03        9.844652e+01
               67600        1.943152e-03        1.761989e+02
               67700        1.911059e-03        1.715190e+02
               67800        2.007799e-03        2.803116e+01
               67900        1.951078e-03        2.758857e+01
               68000        1.916393e-03        2.344939e+01
               68100        1.892851e-03        2.374551e+01
               68200        1.967457e-03        9.100786e+01
               68300        1.998710e-03        1.362645e+01
               68400        1.908785e-03        2.104133e+02
               68500        1.900439e-03        1.133465e+02
               68600        2.615113e-03        1.528837e+02
               68700        2.231167e-03        1.432825e+02
               68800        2.153487e-03        1.439030e+02
               68900        1.990433e-03        3.020590e+02
               69000        2.025558e-03        3.019565e+02
               69100        2.212301e-03        5.300668e+02
               69200        1.934840e-03        4.741310e+01
               69300        1.980474e-03        8.616251e+01
               69400        1.960270e-03        5.841122e+01
               69500        1.959032e-03        8.755149e+00
               69600        2.105653e-03        8.796206e+00
               69700        1.911517e-03        8.827107e+00
               69800        1.983225e-03        8.535995e+00
               69900        1.990260e-03        8.515771e+00
               70000        2.119466e-03        8.325351e+00
               70100        1.916868e-03        7.386496e+00
               70200        1.954080e-03        7.169540e+00
               70300        1.945726e-03        7.085586e+00
               70400        1.874048e-03        6.693813e+00
               70500        2.066528e-03        1.349815e+01
               70600        1.963977e-03        1.299635e+01
               70700        1.956544e-03        1.296666e+01
               70800        2.044705e-03        7.299385e+00
               70900        1.987693e-03        8.918321e+00
               71000        1.903228e-03        8.893050e+00
               71100        1.917914e-03        8.805532e+00
               71200        1.970398e-03        8.781094e+00
               71300        1.935557e-03        7.196160e+00
               71400        1.931787e-03        5.284771e+01
               71500        1.916607e-03        1.659385e+01
               71600        1.911575e-03        3.427348e+00
               71700        2.085635e-03        3.359551e+00
               71800        2.004239e-03        8.357889e+01
               71900        1.881076e-03        7.085731e+01
               72000        1.889177e-03        3.686229e+01
               72100        2.019825e-03        2.055808e+01
               72200        1.906144e-03        1.313930e+02
               72300        1.998992e-03        1.812766e+02
               72400        1.974759e-03        3.173573e+01
               72500        1.969869e-03        2.970091e+01
               72600        1.930461e-03        2.693894e+01
               72700        1.916280e-03        5.584020e+01
               72800        1.924973e-03        5.584921e+01
               72900        1.934844e-03        4.163965e+01
               73000        2.105724e-03        4.030231e+01
               73100        1.919503e-03        1.503999e+01
               73200        1.920805e-03        1.446754e+01
               73300        1.911015e-03        1.408566e+01
               73400        2.079510e-03        1.408950e+01
               73500        1.881112e-03        1.352244e+01
               73600        1.967802e-03        1.374486e+01
               73700        1.936338e-03        9.155829e+00
               73800        1.978154e-03        2.103556e+01
               73900        1.959723e-03        2.096317e+01
               74000        1.926247e-03        1.750819e+01
               74100        1.899933e-03        4.827774e+00
               74200        1.906435e-03        4.520988e+00
               74300        1.949107e-03        4.517850e+00
               74400        1.921271e-03        4.007003e+00
               74500        1.908472e-03        1.932690e+00
               74600        1.917776e-03        1.878788e+00
               74700        2.066052e-03        1.874494e+00
               74800        1.923734e-03        1.812684e+00
               74900        1.936357e-03        1.810136e+00
               75000        2.049123e-03        1.810057e+00
               75100        1.969392e-03        1.804393e+00
               75200        1.961672e-03        1.781802e+00
               75300        1.962815e-03        1.781578e+00
               75400        1.922996e-03        1.279654e+00
               75500        1.965998e-03        1.206296e+00
               75600        2.009885e-03        1.205657e+00
               75700        1.976857e-03        1.267094e+00
               75800        1.982638e-03        2.323785e+01
               75900        1.956071e-03        2.295040e+01
               76000        2.113806e-03        1.408277e+01
               76100        2.169385e-03        1.402090e+01
               76200        1.950323e-03        1.395333e+01
               76300        1.860371e-03        1.370405e+01
               76400        2.100545e-03        1.372706e+01
               76500        2.072365e-03        1.534777e+01
               76600        1.955485e-03        1.533480e+01
               76700        1.920609e-03        1.532262e+01
               76800        1.975691e-03        1.503851e+01
               76900        1.953203e-03        1.493702e+01
               77000        2.005625e-03        1.481322e+01
               77100        1.918918e-03        5.284194e+00
               77200        1.904458e-03        5.265842e+00
               77300        2.038229e-03        5.207291e+00
               77400        1.928848e-03        5.193253e+00
               77500        1.947173e-03        4.137311e+00
               77600        1.912025e-03        3.211939e+01
               77700        2.213513e-03        2.670513e+01
               77800        2.042170e-03        2.659800e+01
               77900        2.083885e-03        2.394397e+00
               78000        1.982658e-03        2.427274e+00
               78100        1.923980e-03        2.435880e+00
               78200        1.899362e-03        2.447343e+00
               78300        2.030013e-03        2.495972e+00
               78400        2.023397e-03        1.663023e+02
               78500        1.981053e-03        1.078181e+01
               78600        1.969297e-03        1.170995e+01
               78700        1.982874e-03        9.459031e+00
               78800        2.042992e-03        9.348056e+00
               78900        1.944044e-03        9.311548e+00
               79000        2.089544e-03        9.098398e+00
               79100        1.971622e-03        9.097607e+00
               79200        1.961917e-03        8.558322e+00
               79300        2.001435e-03        8.640930e+00
               79400        2.048205e-03        8.615045e+00
               79500        1.941677e-03        8.641076e+00
               79600        1.961208e-03        8.636554e+00
               79700        1.914583e-03        1.199744e+01
               79800        1.972890e-03        1.089890e+01
               79900        1.967609e-03        1.088954e+01
               80000        2.010597e-03        1.079747e+01
               80100        1.984071e-03        3.083818e+00
               80200        1.921806e-03        2.728263e+00
               80300        2.028893e-03        2.702928e+00
               80400        2.021799e-03        2.720465e+00
               80500        1.987403e-03        2.469079e+00
               80600        1.945157e-03        2.339245e+00
               80700        2.093693e-03        2.186692e+00
               80800        2.010524e-03        2.214419e+00
               80900        1.920685e-03        2.219967e+00
               81000        1.932612e-03        2.202600e+00
               81100        2.064453e-03        1.610574e+00
               81200        1.985055e-03        1.589369e+00
               81300        1.925407e-03        1.463621e+00
               81400        1.916111e-03        1.460709e+00
               81500        2.027968e-03        1.455917e+00
               81600        1.933239e-03        1.442804e+00
               81700        1.912387e-03        1.437584e+00
               81800        1.914197e-03        1.392080e+00
               81900        1.916906e-03        1.371276e+00
               82000        2.316597e-03        1.366777e+00
               82100        1.933075e-03        1.359658e+00
               82200        1.922832e-03        6.356277e-01
               82300        1.912107e-03        6.302701e-01
               82400        1.916213e-03        6.391992e-01
               82500        1.933584e-03        6.369718e-01
               82600        1.912819e-03        6.330642e-01
               82700        1.939113e-03        6.266440e-01
               82800        2.036434e-03        5.363393e-01
               82900        2.026176e-03        5.273319e-01
               83000        1.923114e-03        5.270324e-01
               83100        2.083236e-03        5.267660e-01
               83200        1.936021e-03        5.150046e-01
               83300        2.041093e-03        5.135844e-01
               83400        1.963240e-03        5.066337e-01
               83500        1.962751e-03        5.008078e-01
               83600        2.010941e-03        4.988687e-01
               83700        2.032338e-03        4.581900e-01
               83800        1.880755e-03        4.582264e-01
               83900        1.965689e-03        4.571850e-01
               84000        1.910935e-03        4.572474e-01
               84100        1.909027e-03        4.506205e-01
               84200        1.937465e-03        4.501278e-01
               84300        1.942908e-03        4.559712e-01
               84400        1.907128e-03        4.566123e-01
               84500        1.912934e-03        4.643408e-01
               84600        2.036313e-03        4.642048e-01
               84700        2.082832e-03        4.711250e-01
               84800        1.987195e-03        4.789379e-01
               84900        1.967012e-03        4.717990e-01
               85000        2.019459e-03        4.665281e-01
               85100        1.902801e-03        4.640304e-01
               85200        1.858940e-03        4.631705e-01
               85300        1.923258e-03        4.629648e-01
               85400        1.966118e-03        4.623063e-01
               85500        2.028004e-03        4.600450e-01
               85600        2.026595e-03        4.639711e-01
               85700        1.965342e-03        4.631945e-01
               85800        1.930131e-03        4.650857e-01
               85900        2.138875e-03        4.647838e-01
               86000        1.951521e-03        4.646564e-01
               86100        1.980536e-03        4.612132e-01
               86200        1.954013e-03        4.603100e-01
               86300        2.174283e-03        4.566526e-01
               86400        1.937225e-03        4.573140e-01
               86500        2.006364e-03        4.550784e-01
               86600        1.977375e-03        4.538745e-01
               86700        1.997443e-03        4.524487e-01
               86800        1.948641e-03        4.524929e-01
               86900        1.858895e-03        4.522352e-01
               87000        1.953436e-03        4.505398e-01
               87100        2.015065e-03        4.504046e-01
               87200        1.990390e-03        4.504018e-01
               87300        1.979543e-03        4.486877e-01
               87400        2.077852e-03        4.473123e-01
               87500        1.970236e-03        4.575961e-01
               87600        2.091913e-03        4.429004e-01
               87700        1.922633e-03        4.421974e-01
               87800        1.959334e-03        4.388353e-01
               87900        1.935563e-03        4.096609e-01
               88000        2.106196e-03        4.084296e-01
               88100        2.061452e-03        4.076951e-01
               88200        1.993634e-03        4.066669e-01
               88300        1.926484e-03        4.067114e-01
               88400        1.941865e-03        4.031338e-01
               88500        1.986737e-03        4.030970e-01
               88600        1.939338e-03        3.993056e-01
               88700        1.937197e-03        3.994725e-01
               88800        1.975976e-03        3.996935e-01
               88900        2.000112e-03        3.995540e-01
               89000        2.022236e-03        3.969445e-01
               89100        1.889264e-03        3.953990e-01
               89200        1.909817e-03        3.950276e-01
               89300        2.049084e-03        3.946334e-01
               89400        1.975493e-03        3.947766e-01
               89500        1.978001e-03        3.932417e-01
               89600        1.908165e-03        3.906920e-01
               89700        2.067853e-03        3.902000e-01
               89800        1.949314e-03        3.887083e-01
               89900        1.967980e-03        3.887073e-01
               90000        1.957267e-03        3.888020e-01
               90100        1.968463e-03        3.858803e-01
               90200        1.930656e-03        3.851818e-01
               90300        1.915146e-03        3.791013e-01
               90400        1.922579e-03        3.577104e-01
               90500        1.917484e-03        3.571509e-01
               90600        2.038538e-03        3.568245e-01
               90700        1.957929e-03        3.545267e-01
               90800        2.021803e-03        3.415817e-01
               90900        1.937120e-03        3.401597e-01
               91000        2.115895e-03        3.250289e-01
               91100        1.990929e-03        3.248964e-01
               91200        1.943244e-03        3.247107e-01
               91300        2.015776e-03        3.246327e-01
               91400        1.943043e-03        3.243604e-01
               91500        2.028442e-03        3.248935e-01
               91600        1.972122e-03        3.248077e-01
               91700        2.025394e-03        3.247057e-01
               91800        1.971072e-03        3.247654e-01
               91900        1.992027e-03        3.246340e-01
               92000        1.968509e-03        3.245958e-01
               92100        1.910007e-03        3.230792e-01
               92200        1.957990e-03        3.211910e-01
               92300        1.964701e-03        3.074112e-01
               92400        2.047802e-03        3.053498e-01
               92500        1.854346e-03        8.012913e-02
               92600        1.937860e-03        7.602207e-02
               92700        2.079488e-03        7.092282e-02
               92800        1.931339e-03        7.086802e-02
               92900        1.928952e-03        7.082337e-02
               93000        1.879188e-03        7.082260e-02
               93100        1.857236e-03        7.082454e-02
               93200        1.904752e-03        7.072000e-02
               93300        1.998155e-03        6.894528e-02
               93400        1.981504e-03        6.895487e-02
               93500        1.978855e-03        6.873015e-02
               93600        1.964077e-03        6.872881e-02
               93700        1.904973e-03        6.729570e-02
               93800        1.909227e-03        6.686677e-02
               93900        1.962529e-03        6.686649e-02
               94000        2.299260e-03        6.572006e-02
               94100        1.921787e-03        5.659747e-02
               94200        1.948101e-03        5.627236e-02
               94300        1.903276e-03        5.618790e-02
               94400        2.070777e-03        5.469571e-02
               94500        1.983531e-03        5.365661e-02
               94600        1.910522e-03        5.354475e-02
               94700        1.911982e-03        5.349784e-02
               94800        1.915719e-03        5.324467e-02
               94900        1.927508e-03        4.982479e-02
               95000        1.909557e-03        4.983349e-02
               95100        1.922087e-03        4.977777e-02
               95200        1.974981e-03        4.979274e-02
               95300        1.985302e-03        4.941982e-02
               95400        1.912952e-03        4.939402e-02
               95500        1.896975e-03        4.937515e-02
               95600        1.935448e-03        4.912262e-02
               95700        2.047284e-03        4.846176e-02
               95800        1.913782e-03        4.845910e-02
               95900        1.988806e-03        4.832917e-02
               96000        1.972725e-03        4.820865e-02
               96100        2.021908e-03        4.809910e-02
               96200        1.910660e-03        4.692974e-02
               96300        1.918781e-03        4.693584e-02
               96400        1.939484e-03        4.669133e-02
               96500        1.959583e-03        4.669899e-02
               96600        1.934667e-03        4.657597e-02
               96700        2.205112e-03        4.659170e-02
               96800        1.997266e-03        4.658128e-02
               96900        1.967065e-03        4.658777e-02
               97000        1.996855e-03        4.619714e-02
               97100        1.911730e-03        4.619441e-02
               97200        1.906388e-03        4.527760e-02
               97300        1.921915e-03        4.515027e-02
               97400        2.086175e-03        4.515844e-02
               97500        1.981029e-03        4.517566e-02
               97600        1.968178e-03        4.492737e-02
               97700        1.965658e-03        4.485031e-02
               97800        2.048743e-03        4.488161e-02
               97900        2.049579e-03        4.489319e-02
               98000        2.177322e-03        4.475985e-02
               98100        2.092456e-03        4.426136e-02
               98200        2.125992e-03        4.426094e-02
               98300        2.185992e-03        4.427589e-02
               98400        2.213936e-03        4.423621e-02
               98500        2.355110e-03        4.272940e-02
               98600        2.333697e-03        4.218221e-02
               98700        2.252301e-03        4.200283e-02
               98800        2.303276e-03        4.199696e-02
               98900        2.255002e-03        4.165923e-02
               99000        2.385667e-03        4.158776e-02
               99100        2.336128e-03        4.154798e-02
               99200        2.427128e-03        4.134794e-02
               99300        2.465136e-03        4.134789e-02
               99400        2.420213e-03        4.030623e-02
               99500        2.407897e-03        4.031390e-02
               99600        2.453108e-03        4.020292e-02
               99700        2.573800e-03        4.020481e-02
               99800        2.562586e-03        4.009838e-02
               99900        2.518044e-03        4.008741e-02
              100000        2.523001e-03        3.979496e-02
