Period: 100
               Epoch           Time cost                Loss
                 100        3.642050e-04        3.516156e+04
                 200        1.059180e-04        3.516156e+04
                 300        1.152540e-04        2.550687e+04
                 400        1.122960e-04        2.551052e+04
                 500        1.056270e-04        1.793750e+04
                 600        1.183360e-04        1.793742e+04
                 700        1.080850e-04        1.239471e+04
                 800        7.063400e-05        1.238986e+04
                 900        9.255300e-05        1.240676e+04
                1000        7.004400e-05        5.269222e+03
                1100        9.419900e-05        5.269222e+03
                1200        7.069100e-05        5.269222e+03
                1300        1.021960e-04        3.024610e+03
                1400        7.498000e-05        2.317811e+03
                1500        1.126730e-04        1.608660e+03
                1600        9.744000e-05        1.216344e+03
                1700        6.822600e-05        9.650991e+02
                1800        1.035100e-04        6.223540e+02
                1900        8.343500e-05        4.570735e+02
                2000        1.110630e-04        4.570735e+02
                2100        1.075600e-04        2.237737e+02
                2200        1.005080e-04        1.473123e+02
                2300        1.240820e-04        1.473123e+02
                2400        1.077490e-04        8.101950e+01
                2500        1.431060e-04        5.481580e+01
                2600        8.293200e-05        5.481641e+01
                2700        9.168900e-05        5.481641e+01
                2800        1.288480e-04        4.083641e+01
                2900        9.785700e-05        4.083869e+01
                3000        1.271370e-04        4.083641e+01
                3100        9.905600e-05        4.037633e+01
                3200        9.593200e-05        1.542069e+01
                3300        1.115900e-04        1.540814e+01
                3400        1.404440e-04        1.542006e+01
                3500        1.121350e-04        1.435842e+01
                3600        1.175220e-04        1.082018e+01
                3700        1.030670e-04        6.997487e+00
                3800        1.118880e-04        4.196414e+00
                3900        7.756500e-05        4.196980e+00
                4000        1.166630e-04        4.196026e+00
                4100        1.166670e-04        2.772188e+00
                4200        1.119570e-04        2.771384e+00
                4300        1.010600e-04        2.772188e+00
                4400        9.931200e-05        2.543109e+00
                4500        9.899900e-05        1.175484e+00
                4600        9.374800e-05        1.175484e+00
                4700        1.071470e-04        1.175557e+00
                4800        1.243840e-04        8.792522e-01
                4900        1.419070e-04        8.810373e-01
                5000        1.108580e-04        8.798238e-01
                5100        1.210040e-04        6.025847e-01
                5200        8.080900e-05        6.027157e-01
                5300        1.057310e-04        4.068823e-01
                5400        9.491700e-05        4.068616e-01
                5500        1.107310e-04        4.068616e-01
                5600        9.224200e-05        3.469419e-01
                5700        1.087680e-04        3.469419e-01
                5800        8.812100e-05        2.483705e-01
                5900        1.083780e-04        2.483216e-01
                6000        8.449800e-05        2.483679e-01
                6100        1.443970e-04        1.930339e-01
                6200        9.293600e-05        1.930236e-01
                6300        1.024910e-04        1.188890e-01
                6400        9.363700e-05        8.805002e-02
                6500        1.129380e-04        8.827874e-02
                6600        8.123000e-05        8.552533e-02
                6700        1.157700e-04        8.805002e-02
                6800        1.006220e-04        6.369820e-02
                6900        1.110170e-04        2.444058e-02
                7000        1.195120e-04        1.876030e-02
                7100        7.811600e-05        1.856139e-02
                7200        1.036230e-04        1.267683e-02
                7300        8.184900e-05        9.579626e-03
                7400        1.357640e-04        9.597687e-03
                7500        1.329310e-04        5.745022e-03
                7600        1.324560e-04        3.699855e-03
                7700        1.184770e-04        3.699767e-03
                7800        9.805800e-05        3.700076e-03
                7900        1.068390e-04        3.699855e-03
                8000        1.086070e-04        2.453608e-03
                8100        1.235850e-04        2.453814e-03
                8200        8.628800e-05        2.453814e-03
                8300        1.318130e-04        1.771071e-03
                8400        1.213150e-04        1.771071e-03
                8500        1.165450e-04        1.771071e-03
                8600        1.164230e-04        1.264414e-03
                8700        1.126020e-04        1.264523e-03
                8800        1.202670e-04        1.264321e-03
                8900        1.190330e-04        1.264414e-03
                9000        1.152930e-04        7.935088e-04
                9100        7.285000e-05        7.968356e-04
                9200        1.122040e-04        5.412666e-04
                9300        7.182400e-05        5.412666e-04
                9400        1.140110e-04        2.474751e-04
                9500        1.034490e-04        2.468431e-04
                9600        1.185910e-04        1.989748e-04
                9700        1.225720e-04        1.504515e-04
                9800        1.408160e-04        1.510634e-04
                9900        1.199470e-04        1.041627e-04
               10000        9.829000e-05        1.041627e-04
               10100        1.038100e-04        5.507710e-05
               10200        1.592460e-04        5.502380e-05
               10300        1.090580e-04        5.502380e-05
               10400        9.568300e-05        2.831893e-05
               10500        7.683100e-05        2.345803e-05
               10600        9.514800e-05        1.459919e-05
               10700        1.020200e-04        7.716626e-06
               10800        8.997100e-05        7.720246e-06
               10900        9.821200e-05        5.930831e-06
               11000        9.329700e-05        4.597107e-06
               11100        1.050500e-04        2.366491e-06
               11200        9.407300e-05        2.367297e-06
               11300        1.023620e-04        2.367226e-06
               11400        1.270900e-04        2.367226e-06
               11500        1.099090e-04        2.366491e-06
               11600        9.344800e-05        1.424362e-06
               11700        1.037660e-04        1.424378e-06
               11800        1.327610e-04        1.055973e-06
               11900        1.256940e-04        7.725993e-07
               12000        1.250290e-04        4.406897e-07
               12100        9.171100e-05        4.406771e-07
               12200        1.346770e-04        3.218857e-07
               12300        1.216640e-04        3.219249e-07
               12400        1.083300e-04        3.219187e-07
               12500        1.156300e-04        2.191225e-07
               12600        1.286390e-04        2.191213e-07
               12700        1.170680e-04        2.191268e-07
               12800        1.316080e-04        2.191213e-07
               12900        1.289230e-04        1.073286e-07
               13000        1.258270e-04        6.553909e-08
               13100        1.295160e-04        6.553909e-08
               13200        1.243870e-04        4.832100e-08
               13300        1.058630e-04        4.832799e-08
               13400        1.123310e-04        5.478016e-08
               13500        1.121890e-04        2.428333e-08
               13600        1.086980e-04        2.428313e-08
               13700        1.161040e-04        2.428417e-08
               13800        1.055640e-04        1.949558e-08
               13900        1.107570e-04        1.949348e-08
               14000        1.079480e-04        1.949148e-08
               14100        1.125370e-04        1.478133e-08
               14200        1.001640e-04        1.478133e-08
               14300        1.111150e-04        1.478133e-08
               14400        1.287790e-04        9.732858e-09
               14500        1.156690e-04        9.732722e-09
               14600        1.143840e-04        9.732722e-09
               14700        1.179070e-04        6.315032e-09
               14800        1.315810e-04        6.314445e-09
               14900        1.026590e-04        6.314445e-09
               15000        1.370890e-04        4.821357e-09
               15100        1.152440e-04        4.821366e-09
               15200        1.329720e-04        4.821534e-09
               15300        9.364100e-05        3.885853e-09
               15400        1.318070e-04        3.885299e-09
               15500        1.403130e-04        3.884374e-09
               15600        9.823100e-05        2.553196e-09
               15700        1.118230e-04        2.556064e-09
               15800        1.229340e-04        2.553196e-09
               15900        1.361310e-04        2.556064e-09
               16000        1.281710e-04        1.481121e-09
               16100        1.492520e-04        1.484271e-09
               16200        1.131610e-04        1.130590e-09
               16300        8.589000e-05        7.761867e-10
               16400        1.142140e-04        7.761184e-10
               16500        9.029900e-05        4.504080e-10
               16600        1.221680e-04        3.348297e-10
               16700        2.154200e-04        1.768386e-10
               16800        1.114290e-04        1.769507e-10
               16900        1.274200e-04        1.768449e-10
               17000        9.523000e-05        1.769507e-10
               17100        1.121540e-04        1.769507e-10
               17200        9.435800e-05        7.318290e-11
               17300        1.281460e-04        7.318458e-11
               17400        1.280170e-04        7.317631e-11
               17500        1.339800e-04        7.318458e-11
               17600        8.876000e-05        3.813770e-11
               17700        1.060390e-04        2.468074e-11
               17800        9.905800e-05        2.437573e-11
               17900        1.144980e-04        8.073488e-12
               18000        1.072120e-04        8.073202e-12
               18100        1.074890e-04        5.689220e-12
               18200        1.231060e-04        3.781380e-12
               18300        1.292110e-04        3.803680e-12
               18400        1.057610e-04        2.517407e-12
               18500        1.296680e-04        1.767765e-12
               18600        1.191090e-04        1.176650e-12
               18700        1.269960e-04        9.150863e-13
               18800        1.402110e-04        9.121659e-13
               18900        1.321170e-04        5.325366e-13
               19000        1.303340e-04        3.320847e-13
               19100        1.307270e-04        3.323888e-13
               19200        1.259700e-04        3.323888e-13
               19300        7.564200e-05        3.323888e-13
               19400        1.250010e-04        2.271986e-13
               19500        1.005020e-04        2.272361e-13
               19600        1.142720e-04        2.272440e-13
               19700        1.066690e-04        2.272361e-13
               19800        8.987800e-05        1.237402e-13
               19900        1.134420e-04        7.304648e-14
               20000        9.901100e-05        4.458805e-14
               20100        1.205670e-04        4.459174e-14
               20200        9.718500e-05        4.459174e-14
               20300        1.099630e-04        2.450694e-14
               20400        9.848500e-05        2.029674e-14
               20500        1.167090e-04        1.085543e-14
               20600        9.087700e-05        1.085545e-14
               20700        1.192460e-04        1.085554e-14
               20800        1.067850e-04        1.085545e-14
               20900        1.134470e-04        7.664867e-15
               21000        1.333800e-04        7.665078e-15
               21100        1.246750e-04        7.664635e-15
               21200        9.029600e-05        4.794060e-15
               21300        1.038330e-04        4.795835e-15
               21400        1.016350e-04        3.368214e-15
               21500        1.111750e-04        3.368279e-15
               21600        8.992100e-05        2.217705e-15
               21700        1.148040e-04        2.217673e-15
               21800        9.496800e-05        1.451920e-15
               21900        1.075980e-04        1.452128e-15
               22000        8.948900e-05        1.104568e-15
               22100        1.127880e-04        1.104568e-15
               22200        1.009700e-04        7.786374e-16
               22300        1.145950e-04        7.786374e-16
               22400        8.636900e-05        5.032974e-16
               22500        1.284700e-04        5.032974e-16
               22600        1.255070e-04        5.032974e-16
               22700        1.185410e-04        2.720020e-16
               22800        1.190630e-04        1.920368e-16
               22900        8.197400e-05        1.097163e-16
               23000        1.165030e-04        8.204220e-17
               23100        8.636900e-05        5.720473e-17
               23200        1.246500e-04        3.989880e-17
               23300        9.474300e-05        2.810461e-17
               23400        1.139610e-04        1.701011e-17
               23500        9.518800e-05        8.209514e-18
               23600        7.794300e-05        6.354404e-18
               23700        1.248150e-04        4.466932e-18
               23800        8.165600e-05        2.338446e-18
               23900        1.135390e-04        2.339473e-18
               24000        1.367530e-04        2.339197e-18
               24100        1.120900e-04        1.509851e-18
               24200        1.194450e-04        1.511613e-18
               24300        1.019330e-04        1.010719e-18
               24400        8.143500e-05        1.010537e-18
               24500        1.002860e-04        7.048129e-19
               24600        1.086250e-04        7.046865e-19
               24700        1.023380e-04        7.048129e-19
               24800        1.103240e-04        3.555848e-19
               24900        8.883600e-05        3.554009e-19
               25000        1.176480e-04        2.169618e-19
               25100        9.809900e-05        2.169340e-19
               25200        1.340800e-04        1.498300e-19
               25300        9.521200e-05        1.498019e-19
               25400        1.163720e-04        1.236879e-19
               25500        8.027500e-05        1.022221e-19
               25600        1.202630e-04        5.677263e-20
               25700        9.165600e-05        5.677263e-20
               25800        1.124050e-04        5.678014e-20
               25900        1.268660e-04        5.676176e-20
               26000        1.136050e-04        5.677263e-20
               26100        1.359670e-04        5.677263e-20
               26200        1.512820e-04        2.799268e-20
               26300        8.441700e-05        1.623571e-20
               26400        1.099130e-04        1.623526e-20
               26500        1.317420e-04        1.623420e-20
               26600        9.989900e-05        1.124842e-20
               26700        1.175460e-04        1.124872e-20
               26800        1.180920e-04        1.125030e-20
               26900        9.938300e-05        7.492663e-21
               27000        1.160520e-04        7.486475e-21
               27100        9.487300e-05        7.485314e-21
               27200        1.245090e-04        7.404783e-21
               27300        1.301820e-04        3.685080e-21
               27400        1.182210e-04        1.992268e-21
               27500        1.316870e-04        1.537640e-21
               27600        1.216900e-04        1.113410e-21
               27700        1.170480e-04        7.949802e-22
               27800        1.334040e-04        6.568750e-22
               27900        1.140570e-04        6.568750e-22
               28000        1.170780e-04        3.094170e-22
               28100        1.257400e-04        3.073572e-22
               28200        1.181540e-04        2.401824e-22
               28300        1.258240e-04        1.584412e-22
               28400        1.205620e-04        1.573457e-22
               28500        8.251400e-05        9.929884e-23
               28600        1.044360e-04        5.560247e-23
               28700        8.894900e-05        5.559593e-23
               28800        1.151200e-04        5.559668e-23
               28900        1.020150e-04        5.559593e-23
               29000        1.110600e-04        5.559593e-23
               29100        9.847000e-05        1.877973e-23
               29200        1.180060e-04        1.346500e-23
               29300        1.034980e-04        1.102989e-23
               29400        1.211600e-04        4.744899e-24
               29500        1.278750e-04        4.714713e-24
               29600        8.257500e-05        2.722200e-24
               29700        1.072230e-04        2.317979e-24
               29800        9.115700e-05        1.297871e-24
               29900        1.322850e-04        1.291776e-24
               30000        1.275830e-04        1.040778e-24
               30100        1.236790e-04        6.841199e-25
               30200        7.723500e-05        4.654825e-25
               30300        1.187000e-04        3.039026e-25
               30400        7.531700e-05        2.239173e-25
               30500        1.064130e-04        1.807520e-25
               30600        1.037440e-04        1.354085e-25
               30700        1.156690e-04        1.202940e-25
               30800        9.858700e-05        8.911252e-26
               30900        1.144690e-04        9.152888e-26
               31000        9.832000e-05        6.103012e-26
               31100        1.179150e-04        5.531980e-26
               31200        1.021450e-04        5.361267e-26
               31300        1.186910e-04        5.949009e-26
               31400        1.006310e-04        6.325417e-26
               31500        1.205660e-04        5.675563e-26
               31600        1.012970e-04        5.316490e-26
               31700        1.255870e-04        4.895656e-26
               31800        1.448650e-04        4.768051e-26
               31900        1.243420e-04        4.745735e-26
               32000        1.031650e-04        4.906132e-26
               32100        1.321820e-04        4.918967e-26
               32200        8.232300e-05        4.923108e-26
               32300        1.268830e-04        4.655555e-26
               32400        1.060620e-04        4.941099e-26
               32500        1.312680e-04        4.941099e-26
               32600        8.185100e-05        4.959381e-26
               32700        1.252200e-04        4.958809e-26
               32800        1.066240e-04        5.051300e-26
               32900        1.361120e-04        5.051004e-26
               33000        1.119180e-04        5.051004e-26
               33100        7.534700e-05        5.206127e-26
               33200        1.204960e-04        4.721585e-26
               33300        7.562200e-05        5.003855e-26
               33400        1.224460e-04        4.988548e-26
               33500        9.804300e-05        4.503144e-26
               33600        1.115680e-04        4.808541e-26
               33700        1.229630e-04        4.815681e-26
               33800        1.113750e-04        5.344515e-26
               33900        1.172870e-04        4.750093e-26
               34000        9.712500e-05        4.634768e-26
               34100        1.159320e-04        4.144656e-26
               34200        1.188110e-04        3.892431e-26
               34300        1.159470e-04        4.080063e-26
               34400        1.207330e-04        3.749241e-26
               34500        1.203590e-04        4.697933e-26
               34600        7.718400e-05        4.697933e-26
               34700        1.249230e-04        4.697933e-26
               34800        9.135600e-05        4.697933e-26
               34900        1.144540e-04        4.459813e-26
               35000        8.466400e-05        4.725669e-26
               35100        1.187120e-04        4.348262e-26
               35200        9.380400e-05        4.367774e-26
               35300        1.145010e-04        4.249701e-26
               35400        9.212400e-05        4.096354e-26
               35500        1.131760e-04        4.536557e-26
               35600        9.467600e-05        4.551370e-26
               35700        1.163000e-04        5.371218e-26
               35800        1.267840e-04        5.343205e-26
               35900        9.496800e-05        5.524369e-26
               36000        1.217600e-04        4.901896e-26
               36100        1.286150e-04        4.902606e-26
               36200        1.104480e-04        4.901896e-26
               36300        8.110900e-05        4.901896e-26
               36400        1.195240e-04        4.819704e-26
               36500        9.127900e-05        4.819837e-26
               36600        9.527600e-05        4.819837e-26
               36700        1.176520e-04        4.819704e-26
               36800        9.440400e-05        4.819704e-26
               36900        8.765600e-05        5.226108e-26
               37000        1.838290e-04        5.196646e-26
               37100        9.485700e-05        4.810668e-26
               37200        1.068350e-04        5.160638e-26
               37300        1.194920e-04        5.207170e-26
               37400        9.916600e-05        5.429761e-26
               37500        1.101500e-04        4.851092e-26
               37600        1.293350e-04        4.054879e-26
               37700        8.353100e-05        4.069271e-26
               37800        1.077220e-04        4.398423e-26
               37900        1.230130e-04        4.069271e-26
               38000        1.395370e-04        4.805452e-26
               38100        1.276230e-04        4.850258e-26
               38200        1.245910e-04        5.359183e-26
               38300        1.251170e-04        5.270678e-26
               38400        1.395140e-04        4.890223e-26
               38500        1.279250e-04        5.024536e-26
               38600        1.295620e-04        5.532632e-26
               38700        1.064980e-04        5.532632e-26
               38800        1.205700e-04        5.532632e-26
               38900        1.270220e-04        5.532632e-26
               39000        1.149230e-04        4.793220e-26
               39100        1.224150e-04        4.746199e-26
               39200        1.240880e-04        5.368533e-26
               39300        7.678700e-05        5.368533e-26
               39400        1.118340e-04        5.368533e-26
               39500        7.819600e-05        5.368533e-26
               39600        1.283980e-04        5.368533e-26
               39700        9.931700e-05        5.083558e-26
               39800        1.200060e-04        5.087773e-26
               39900        9.521800e-05        5.472658e-26
               40000        1.200020e-04        5.304457e-26
               40100        7.708300e-05        5.450360e-26
               40200        1.215090e-04        4.498525e-26
               40300        7.492600e-05        4.683613e-26
               40400        1.141870e-04        5.090658e-26
               40500        9.099700e-05        5.036540e-26
               40600        1.151560e-04        4.686894e-26
               40700        9.722000e-05        4.920583e-26
               40800        1.095090e-04        4.918828e-26
               40900        8.392900e-05        4.918828e-26
               41000        1.183770e-04        4.918828e-26
               41100        9.085100e-05        4.997749e-26
               41200        1.018670e-04        4.994968e-26
               41300        9.810300e-05        4.995915e-26
               41400        8.459600e-05        5.383456e-26
               41500        1.212350e-04        5.383456e-26
               41600        9.104800e-05        5.383456e-26
               41700        1.091120e-04        5.203261e-26
               41800        9.465300e-05        5.203261e-26
               41900        8.951800e-05        5.203261e-26
               42000        1.189380e-04        4.553256e-26
               42100        9.706800e-05        5.017312e-26
               42200        1.120670e-04        5.017943e-26
               42300        1.021760e-04        5.017805e-26
               42400        1.050580e-04        5.017312e-26
               42500        9.518200e-05        4.941675e-26
               42600        1.107480e-04        4.940097e-26
               42700        8.619400e-05        4.921697e-26
               42800        1.156490e-04        4.924352e-26
               42900        9.753200e-05        4.921697e-26
               43000        1.134550e-04        4.846735e-26
               43100        1.257750e-04        4.624605e-26
               43200        1.113520e-04        4.628372e-26
               43300        1.309870e-04        4.628372e-26
               43400        1.197330e-04        4.628372e-26
               43500        1.438440e-04        4.628372e-26
               43600        8.936200e-05        4.345314e-26
               43700        1.651620e-04        4.408436e-26
               43800        9.988400e-05        4.104450e-26
               43900        1.471610e-04        4.059302e-26
               44000        1.326010e-04        4.051236e-26
               44100        1.204050e-04        3.937707e-26
               44200        1.431720e-04        4.123221e-26
               44300        1.407820e-04        4.405463e-26
               44400        1.010440e-04        4.626905e-26
               44500        1.067250e-04        4.684563e-26
               44600        1.099330e-04        5.285242e-26
               44700        1.031300e-04        5.287066e-26
               44800        9.240500e-05        5.289117e-26
               44900        7.688500e-05        5.289117e-26
               45000        1.262130e-04        5.289117e-26
               45100        8.397400e-05        4.823813e-26
               45200        1.424240e-04        4.805070e-26
               45300        9.239500e-05        5.145275e-26
               45400        1.732690e-04        5.321888e-26
               45500        1.293340e-04        4.997984e-26
               45600        1.220490e-04        4.997984e-26
               45700        1.366340e-04        4.997984e-26
               45800        1.273420e-04        4.994513e-26
               45900        1.301100e-04        4.423092e-26
               46000        1.445130e-04        4.423703e-26
               46100        7.622200e-05        4.423703e-26
               46200        1.254270e-04        4.409542e-26
               46300        7.676300e-05        4.398844e-26
               46400        1.337970e-04        4.434387e-26
               46500        7.955900e-05        4.681954e-26
               46600        1.406280e-04        4.238932e-26
               46700        9.484600e-05        3.918409e-26
               46800        1.402320e-04        3.958848e-26
               46900        1.213210e-04        4.157647e-26
               47000        1.217750e-04        3.966844e-26
               47100        1.233700e-04        4.116157e-26
               47200        1.105430e-04        4.608576e-26
               47300        1.057570e-04        4.995548e-26
               47400        1.301950e-04        5.551625e-26
               47500        1.353200e-04        5.565184e-26
               47600        8.141600e-05        4.873462e-26
               47700        1.550380e-04        4.683551e-26
               47800        1.095260e-04        5.062593e-26
               47900        1.099270e-04        5.066616e-26
               48000        1.230660e-04        5.059142e-26
               48100        1.130070e-04        5.066616e-26
               48200        1.006740e-04        4.300256e-26
               48300        1.192620e-04        4.453897e-26
               48400        1.203550e-04        4.650965e-26
               48500        1.303210e-04        4.715867e-26
               48600        1.080430e-04        4.650965e-26
               48700        1.023060e-04        5.181479e-26
               48800        1.048540e-04        5.411720e-26
               48900        1.026150e-04        5.040679e-26
               49000        1.070260e-04        5.040679e-26
               49100        1.013750e-04        4.963040e-26
               49200        1.363990e-04        4.963198e-26
               49300        8.794300e-05        4.963198e-26
               49400        1.304930e-04        4.963198e-26
               49500        9.082400e-05        4.925291e-26
               49600        1.543550e-04        4.925291e-26
               49700        1.031300e-04        4.925291e-26
               49800        1.592200e-04        4.815310e-26
               49900        1.264040e-04        4.743744e-26
               50000        1.353600e-04        4.813539e-26
               50100        9.208300e-05        4.515397e-26
               50200        1.342980e-04        4.584223e-26
               50300        1.240290e-04        4.738795e-26
               50400        1.375330e-04        5.022734e-26
               50500        7.699200e-05        4.305106e-26
               50600        1.079040e-04        4.304159e-26
               50700        8.778600e-05        4.304159e-26
               50800        1.313400e-04        4.306683e-26
               50900        8.867400e-05        4.281861e-26
               51000        1.275730e-04        4.282808e-26
               51100        1.069860e-04        4.281861e-26
               51200        9.570100e-05        4.510896e-26
               51300        1.073840e-04        4.510226e-26
               51400        1.050630e-04        4.510226e-26
               51500        1.118590e-04        4.310084e-26
               51600        1.042250e-04        4.084440e-26
               51700        1.048140e-04        4.084440e-26
               51800        8.609300e-05        3.888356e-26
               51900        1.147770e-04        3.882538e-26
               52000        1.069100e-04        4.827262e-26
               52100        1.196230e-04        4.824718e-26
               52200        1.224940e-04        4.824718e-26
               52300        1.186560e-04        5.325158e-26
               52400        1.287660e-04        5.325158e-26
               52500        1.183020e-04        5.325158e-26
               52600        1.252020e-04        5.487445e-26
               52700        7.541000e-05        5.574076e-26
               52800        1.220840e-04        5.177054e-26
               52900        9.114000e-05        5.177054e-26
               53000        1.180580e-04        4.199230e-26
               53100        1.186710e-04        4.361746e-26
               53200        1.341090e-04        4.967785e-26
               53300        1.279030e-04        4.729776e-26
               53400        1.298590e-04        4.779161e-26
               53500        8.728500e-05        4.994292e-26
               53600        1.099790e-04        4.924788e-26
               53700        9.005500e-05        4.790230e-26
               53800        1.124200e-04        4.603967e-26
               53900        8.458100e-05        4.664069e-26
               54000        1.205120e-04        5.246100e-26
               54100        8.728600e-05        5.304379e-26
               54200        1.161370e-04        5.017713e-26
               54300        1.188760e-04        4.993929e-26
               54400        7.853900e-05        4.993929e-26
               54500        1.026950e-04        4.993929e-26
               54600        1.130450e-04        5.907262e-26
               54700        8.465900e-05        5.907262e-26
               54800        1.388370e-04        5.907262e-26
               54900        1.253080e-04        5.907262e-26
               55000        7.887000e-05        4.547710e-26
               55100        1.294300e-04        4.582666e-26
               55200        7.772000e-05        4.582666e-26
               55300        1.161390e-04        4.904896e-26
               55400        9.301600e-05        5.394622e-26
               55500        1.127190e-04        5.396757e-26
               55600        9.991000e-05        5.125229e-26
               55700        1.090980e-04        5.125229e-26
               55800        9.889800e-05        5.599365e-26
               55900        1.210920e-04        5.658944e-26
               56000        1.014080e-04        5.485356e-26
               56100        1.054830e-04        5.259218e-26
               56200        9.938900e-05        4.816537e-26
               56300        1.043900e-04        4.817621e-26
               56400        1.237170e-04        4.817621e-26
               56500        9.244000e-05        4.816537e-26
               56600        1.244370e-04        4.906942e-26
               56700        1.361470e-04        4.845975e-26
               56800        7.735200e-05        5.597100e-26
               56900        1.157700e-04        5.385946e-26
               57000        7.848700e-05        5.385946e-26
               57100        1.299660e-04        4.299991e-26
               57200        9.767800e-05        4.299991e-26
               57300        1.150190e-04        4.299991e-26
               57400        1.209950e-04        4.573557e-26
               57500        1.199700e-04        4.573557e-26
               57600        1.289240e-04        4.574030e-26
               57700        1.424750e-04        4.580390e-26
               57800        1.220730e-04        4.580217e-26
               57900        1.134110e-04        4.580217e-26
               58000        8.227000e-05        4.914224e-26
               58100        1.131880e-04        4.914224e-26
               58200        8.306600e-05        4.909358e-26
               58300        1.237700e-04        4.470664e-26
               58400        1.010930e-04        4.472873e-26
               58500        1.160460e-04        4.127882e-26
               58600        1.019890e-04        4.742679e-26
               58700        1.228510e-04        4.742679e-26
               58800        1.678230e-04        4.742679e-26
               58900        1.157170e-04        4.094101e-26
               59000        1.181140e-04        4.100234e-26
               59100        1.151000e-04        4.100234e-26
               59200        1.217850e-04        4.218342e-26
               59300        1.258390e-04        4.218582e-26
               59400        8.458800e-05        4.231145e-26
               59500        1.269020e-04        4.624330e-26
               59600        1.091580e-04        4.624468e-26
               59700        1.202490e-04        4.624468e-26
               59800        1.304250e-04        5.265972e-26
               59900        8.074000e-05        5.192032e-26
               60000        1.123830e-04        4.853778e-26
               60100        1.367360e-04        4.682759e-26
               60200        9.030600e-05        4.682426e-26
               60300        1.416440e-04        4.322680e-26
               60400        1.291790e-04        4.162285e-26
               60500        7.777200e-05        4.129535e-26
               60600        1.062440e-04        3.986403e-26
               60700        8.603200e-05        4.199121e-26
               60800        1.348310e-04        3.875741e-26
               60900        1.372810e-04        4.029615e-26
               61000        1.119130e-04        3.655763e-26
               61100        1.311050e-04        3.782123e-26
               61200        1.220660e-04        4.602434e-26
               61300        1.406080e-04        4.257718e-26
               61400        1.227330e-04        4.302483e-26
               61500        7.829000e-05        3.901728e-26
               61600        1.231940e-04        4.038138e-26
               61700        8.714100e-05        4.597620e-26
               61800        1.220310e-04        4.634691e-26
               61900        1.099280e-04        4.716297e-26
               62000        8.432000e-05        5.353042e-26
               62100        1.174330e-04        5.353042e-26
               62200        9.274000e-05        5.693956e-26
               62300        1.169700e-04        4.970129e-26
               62400        1.296280e-04        4.811527e-26
               62500        1.092770e-04        4.530634e-26
               62600        1.249120e-04        4.680157e-26
               62700        1.126790e-04        4.680157e-26
               62800        9.892400e-05        4.559849e-26
               62900        1.098850e-04        4.802642e-26
               63000        1.211630e-04        4.844552e-26
               63100        1.188240e-04        5.166960e-26
               63200        1.136340e-04        4.812473e-26
               63300        1.278960e-04        4.795929e-26
               63400        1.224860e-04        5.380573e-26
               63500        1.180050e-04        5.078017e-26
               63600        1.437680e-04        4.577667e-26
               63700        7.694300e-05        4.878966e-26
               63800        1.239940e-04        4.998442e-26
               63900        7.940800e-05        4.984919e-26
               64000        1.232970e-04        4.715819e-26
               64100        8.750400e-05        4.564141e-26
               64200        1.140250e-04        4.837785e-26
               64300        1.257450e-04        4.843938e-26
               64400        1.154430e-04        4.837785e-26
               64500        1.269990e-04        4.837785e-26
               64600        1.164530e-04        5.048706e-26
               64700        1.209030e-04        5.049653e-26
               64800        1.199250e-04        5.326416e-26
               64900        1.184840e-04        5.326416e-26
               65000        1.371430e-04        5.446458e-26
               65100        1.376690e-04        5.450462e-26
               65200        1.373310e-04        5.450462e-26
               65300        1.008720e-04        5.450462e-26
               65400        1.105880e-04        5.458367e-26
               65500        1.026980e-04        5.128483e-26
               65600        1.176530e-04        4.661065e-26
               65700        9.353500e-05        4.605733e-26
               65800        1.281590e-04        4.561373e-26
               65900        8.793300e-05        4.197870e-26
               66000        1.289330e-04        4.612893e-26
               66100        9.675000e-05        4.605655e-26
               66200        1.022580e-04        4.611966e-26
               66300        1.256920e-04        4.747984e-26
               66400        1.095600e-04        4.751021e-26
               66500        1.129850e-04        5.342651e-26
               66600        1.174190e-04        5.328933e-26
               66700        1.139150e-04        5.342651e-26
               66800        1.242760e-04        4.787760e-26
               66900        7.681500e-05        5.407169e-26
               67000        1.168300e-04        4.992619e-26
               67100        9.013800e-05        4.356616e-26
               67200        1.226880e-04        4.356616e-26
               67300        9.372300e-05        4.648926e-26
               67400        1.279470e-04        4.816841e-26
               67500        9.601600e-05        4.930463e-26
               67600        1.344860e-04        4.591435e-26
               67700        1.148370e-04        4.558406e-26
               67800        1.108400e-04        5.152256e-26
               67900        1.167240e-04        5.102608e-26
               68000        1.015740e-04        5.102608e-26
               68100        1.110030e-04        5.102608e-26
               68200        1.227680e-04        4.651479e-26
               68300        1.165140e-04        4.651479e-26
               68400        1.533760e-04        5.455174e-26
               68500        8.518500e-05        5.456752e-26
               68600        1.165250e-04        4.330965e-26
               68700        9.262300e-05        4.326133e-26
               68800        1.322740e-04        4.772650e-26
               68900        8.156600e-05        4.772650e-26
               69000        1.221570e-04        4.968505e-26
               69100        9.186400e-05        4.969570e-26
               69200        1.266540e-04        5.232031e-26
               69300        1.276300e-04        5.023463e-26
               69400        1.157030e-04        4.484416e-26
               69500        1.163740e-04        4.091543e-26
               69600        1.119370e-04        4.258421e-26
               69700        1.126350e-04        4.194008e-26
               69800        1.147580e-04        4.165177e-26
               69900        9.478000e-05        4.363039e-26
               70000        1.054310e-04        4.821333e-26
               70100        9.763000e-05        4.821333e-26
               70200        1.111230e-04        4.821333e-26
               70300        1.032490e-04        4.975456e-26
               70400        1.153400e-04        4.975456e-26
               70500        9.236600e-05        5.015439e-26
               70600        1.286560e-04        5.015439e-26
               70700        1.102270e-04        5.015439e-26
               70800        1.181160e-04        5.379401e-26
               70900        1.338560e-04        4.843682e-26
               71000        8.421800e-05        4.768589e-26
               71100        1.231090e-04        4.843682e-26
               71200        8.634100e-05        4.798968e-26
               71300        1.074320e-04        4.347014e-26
               71400        1.261090e-04        4.381108e-26
               71500        1.203860e-04        4.305547e-26
               71600        1.232510e-04        4.278501e-26
               71700        1.059770e-04        4.590741e-26
               71800        1.024510e-04        4.178992e-26
               71900        9.593900e-05        3.968052e-26
               72000        1.049460e-04        3.914810e-26
               72100        1.615140e-04        3.896082e-26
               72200        1.434430e-04        4.250935e-26
               72300        1.372560e-04        4.189903e-26
               72400        8.028400e-05        4.486477e-26
               72500        1.197580e-04        4.567899e-26
               72600        9.547000e-05        4.806733e-26
               72700        1.307070e-04        5.603496e-26
               72800        1.286470e-04        5.487617e-26
               72900        8.096400e-05        5.670336e-26
               73000        1.456300e-04        5.800683e-26
               73100        7.505200e-05        5.862760e-26
               73200        1.203670e-04        5.966227e-26
               73300        8.595100e-05        5.212007e-26
               73400        1.131120e-04        5.319776e-26
               73500        1.251400e-04        5.068266e-26
               73600        1.115750e-04        5.388450e-26
               73700        7.454200e-05        4.697570e-26
               73800        1.118340e-04        4.404117e-26
               73900        8.775200e-05        4.460573e-26
               74000        1.489590e-04        4.254620e-26
               74100        1.213860e-04        4.458353e-26
               74200        1.203940e-04        4.264923e-26
               74300        1.027100e-04        4.718948e-26
               74400        1.501090e-04        4.718948e-26
               74500        1.192380e-04        4.718948e-26
               74600        1.272770e-04        4.747398e-26
               74700        8.566100e-05        4.718948e-26
               74800        1.233520e-04        4.718948e-26
               74900        7.868900e-05        4.265199e-26
               75000        1.271150e-04        4.291234e-26
               75100        8.327500e-05        4.445507e-26
               75200        1.466370e-04        4.444817e-26
               75300        9.771600e-05        4.445507e-26
               75400        1.466450e-04        4.441111e-26
               75500        7.961000e-05        4.863315e-26
               75600        1.257520e-04        4.667906e-26
               75700        1.133100e-04        4.629991e-26
               75800        1.499780e-04        4.669693e-26
               75900        1.286170e-04        4.485750e-26
               76000        8.390900e-05        4.495959e-26
               76100        1.207700e-04        4.475478e-26
               76200        8.324100e-05        4.476186e-26
               76300        1.623520e-04        4.495959e-26
               76400        1.144000e-04        4.081769e-26
               76500        1.509460e-04        4.013786e-26
               76600        1.204860e-04        3.975938e-26
               76700        1.492750e-04        4.458794e-26
               76800        1.405670e-04        4.477520e-26
               76900        1.281550e-04        4.451870e-26
               77000        1.144720e-04        4.322117e-26
               77100        1.271590e-04        4.373381e-26
               77200        1.195670e-04        4.463520e-26
               77300        1.248860e-04        4.495110e-26
               77400        1.201230e-04        5.001931e-26
               77500        8.254800e-05        4.870989e-26
               77600        1.380210e-04        4.586551e-26
               77700        8.122400e-05        4.584159e-26
               77800        1.339990e-04        4.584159e-26
               77900        8.424100e-05        4.582167e-26
               78000        1.506810e-04        4.648892e-26
               78100        9.795700e-05        4.652067e-26
               78200        1.458190e-04        4.698048e-26
               78300        1.317570e-04        4.698048e-26
               78400        1.224800e-04        4.701283e-26
               78500        1.348750e-04        4.992707e-26
               78600        1.238270e-04        4.992707e-26
               78700        8.112600e-05        4.622458e-26
               78800        1.183550e-04        4.622458e-26
               78900        8.576600e-05        5.241363e-26
               79000        1.558150e-04        5.135684e-26
               79100        9.876200e-05        4.672657e-26
               79200        1.428670e-04        5.598836e-26
               79300        1.281940e-04        5.606409e-26
               79400        1.243280e-04        5.598836e-26
               79500        1.078950e-04        4.382299e-26
               79600        1.141360e-04        4.486579e-26
               79700        1.155310e-04        4.699072e-26
               79800        1.287640e-04        4.697573e-26
               79900        1.237340e-04        4.060434e-26
               80000        1.261510e-04        4.346302e-26
               80100        1.237630e-04        4.231328e-26
               80200        1.128400e-04        4.084242e-26
               80300        1.173390e-04        4.590877e-26
               80400        1.143690e-04        4.747043e-26
               80500        1.247020e-04        4.900040e-26
               80600        1.170340e-04        5.596209e-26
               80700        1.120030e-04        5.595006e-26
               80800        1.074970e-04        5.597944e-26
               80900        1.029770e-04        5.597944e-26
               81000        1.219710e-04        5.108568e-26
               81100        1.256220e-04        5.322364e-26
               81200        1.284880e-04        5.108568e-26
               81300        1.187070e-04        5.276997e-26
               81400        1.241710e-04        4.834194e-26
               81500        8.939300e-05        4.514627e-26
               81600        1.135240e-04        4.534723e-26
               81700        1.029080e-04        4.514627e-26
               81800        1.237810e-04        4.353177e-26
               81900        1.638510e-04        4.218503e-26
               82000        1.277630e-04        4.690118e-26
               82100        1.410240e-04        4.820136e-26
               82200        1.151150e-04        4.781165e-26
               82300        1.239280e-04        4.624207e-26
               82400        8.585200e-05        4.624207e-26
               82500        1.094770e-04        4.562876e-26
               82600        9.197900e-05        4.606575e-26
               82700        1.500800e-04        4.696423e-26
               82800        7.830200e-05        4.716802e-26
               82900        1.256170e-04        4.573366e-26
               83000        8.189700e-05        4.439399e-26
               83100        1.468680e-04        4.583710e-26
               83200        1.322720e-04        5.279568e-26
               83300        9.059800e-05        4.931897e-26
               83400        1.075950e-04        4.925040e-26
               83500        1.016920e-04        4.951814e-26
               83600        1.190820e-04        4.958418e-26
               83700        9.046100e-05        4.438267e-26
               83800        1.185420e-04        4.279342e-26
               83900        1.097340e-04        4.279658e-26
               84000        1.209220e-04        4.278657e-26
               84100        1.242780e-04        4.742406e-26
               84200        1.243970e-04        4.738482e-26
               84300        1.268050e-04        4.742406e-26
               84400        9.563300e-05        4.742406e-26
               84500        1.124860e-04        4.821724e-26
               84600        9.678000e-05        4.697663e-26
               84700        1.204750e-04        4.827245e-26
               84800        7.831900e-05        5.129855e-26
               84900        1.286470e-04        5.200105e-26
               85000        7.838400e-05        4.460513e-26
               85100        1.181480e-04        4.324245e-26
               85200        9.419700e-05        4.246853e-26
               85300        1.071080e-04        4.246380e-26
               85400        9.123700e-05        4.244191e-26
               85500        1.226410e-04        4.245433e-26
               85600        1.278890e-04        4.793599e-26
               85700        8.832900e-05        4.786643e-26
               85800        1.154830e-04        4.784118e-26
               85900        9.821700e-05        4.464924e-26
               86000        1.118180e-04        4.460250e-26
               86100        9.496300e-05        4.464924e-26
               86200        1.171950e-04        4.452629e-26
               86300        8.631100e-05        4.458057e-26
               86400        1.155560e-04        4.458057e-26
               86500        1.030050e-04        4.207930e-26
               86600        1.264030e-04        4.207930e-26
               86700        1.266640e-04        4.555680e-26
               86800        1.105670e-04        4.555680e-26
               86900        1.201750e-04        4.187403e-26
               87000        1.239460e-04        4.232687e-26
               87100        1.290580e-04        5.013811e-26
               87200        8.142700e-05        4.968674e-26
               87300        1.120170e-04        5.386295e-26
               87400        8.631400e-05        4.457732e-26
               87500        1.189530e-04        4.419014e-26
               87600        1.343890e-04        4.838100e-26
               87700        1.125580e-04        4.763800e-26
               87800        1.092790e-04        4.764983e-26
               87900        8.103000e-05        4.763800e-26
               88000        1.043060e-04        4.764983e-26
               88100        9.510600e-05        4.974565e-26
               88200        1.145220e-04        4.972460e-26
               88300        1.179440e-04        4.977734e-26
               88400        1.287660e-04        4.978681e-26
               88500        1.161170e-04        4.977734e-26
               88600        9.658300e-05        6.333080e-26
               88700        1.162270e-04        6.333080e-26
               88800        1.218060e-04        6.345879e-26
               88900        1.089720e-04        5.193463e-26
               89000        1.133130e-04        5.195415e-26
               89100        1.226950e-04        5.195277e-26
               89200        7.546300e-05        5.019415e-26
               89300        1.068310e-04        5.037949e-26
               89400        7.588200e-05        5.038047e-26
               89500        1.137880e-04        4.862363e-26
               89600        7.586900e-05        4.656811e-26
               89700        1.184320e-04        4.755554e-26
               89800        8.584000e-05        4.754430e-26
               89900        1.045270e-04        4.757507e-26
               90000        1.163900e-04        4.755554e-26
               90100        7.523000e-05        4.755554e-26
               90200        1.099240e-04        5.655382e-26
               90300        9.525500e-05        5.643803e-26
               90400        1.160620e-04        5.655382e-26
               90500        1.192040e-04        5.433337e-26
               90600        1.085230e-04        5.143497e-26
               90700        8.367500e-05        5.341168e-26
               90800        9.979100e-05        5.341168e-26
               90900        8.372400e-05        5.341168e-26
               91000        1.020630e-04        5.339984e-26
               91100        1.163510e-04        5.341168e-26
               91200        1.079860e-04        5.913304e-26
               91300        1.097670e-04        5.913129e-26
               91400        1.074790e-04        5.493437e-26
               91500        1.039890e-04        5.118918e-26
               91600        1.056260e-04        5.453106e-26
               91700        1.069570e-04        5.458944e-26
               91800        1.051060e-04        5.453106e-26
               91900        1.064570e-04        5.453106e-26
               92000        1.066370e-04        5.272116e-26
               92100        1.112120e-04        5.272116e-26
               92200        1.053380e-04        5.270538e-26
               92300        1.047040e-04        4.873674e-26
               92400        1.038010e-04        4.874680e-26
               92500        1.055700e-04        4.867422e-26
               92600        1.049300e-04        4.998139e-26
               92700        1.034190e-04        4.996582e-26
               92800        1.058630e-04        4.998139e-26
               92900        1.048440e-04        4.828064e-26
               93000        1.033120e-04        5.118118e-26
               93100        1.031150e-04        5.118907e-26
               93200        1.048930e-04        4.447364e-26
               93300        6.980500e-05        4.661620e-26
               93400        1.038950e-04        3.994864e-26
               93500        1.039480e-04        4.094364e-26
               93600        1.026020e-04        4.356141e-26
               93700        1.043200e-04        4.822577e-26
               93800        1.049290e-04        4.945437e-26
               93900        7.220700e-05        4.937826e-26
               94000        1.018850e-04        5.043689e-26
               94100        1.029300e-04        4.321366e-26
               94200        1.039330e-04        4.321051e-26
               94300        1.059320e-04        4.321662e-26
               94400        1.038900e-04        4.321662e-26
               94500        1.034270e-04        3.966294e-26
               94600        1.043790e-04        3.967477e-26
               94700        1.043300e-04        3.967477e-26
               94800        1.117810e-04        4.179090e-26
               94900        1.025570e-04        4.179090e-26
               95000        1.014960e-04        4.179090e-26
               95100        1.068660e-04        3.758409e-26
               95200        1.019810e-04        3.758409e-26
               95300        1.028830e-04        3.758409e-26
               95400        1.091360e-04        3.758409e-26
               95500        1.003470e-04        3.758409e-26
               95600        1.109520e-04        4.283971e-26
               95700        1.096060e-04        4.938702e-26
               95800        1.122210e-04        4.941858e-26
               95900        9.938800e-05        5.391845e-26
               96000        1.189380e-04        5.391845e-26
               96100        1.034580e-04        5.228602e-26
               96200        1.108330e-04        5.214469e-26
               96300        1.369330e-04        5.214469e-26
               96400        1.126990e-04        4.769339e-26
               96500        1.213060e-04        4.769265e-26
               96600        1.114860e-04        4.744295e-26
               96700        1.223380e-04        4.742402e-26
               96800        1.018170e-04        4.770402e-26
               96900        1.048600e-04        4.113050e-26
               97000        1.053480e-04        4.344077e-26
               97100        1.031420e-04        4.393928e-26
               97200        1.029140e-04        4.334320e-26
               97300        1.077800e-04        4.445246e-26
               97400        1.033180e-04        4.587818e-26
               97500        1.032760e-04        3.914051e-26
               97600        1.027170e-04        3.930193e-26
               97700        1.054200e-04        4.208972e-26
               97800        1.042670e-04        4.205738e-26
               97900        1.041880e-04        4.208479e-26
               98000        1.010080e-04        4.208479e-26
               98100        1.036390e-04        4.439535e-26
               98200        1.052140e-04        4.439535e-26
               98300        1.021460e-04        4.439535e-26
               98400        1.017880e-04        4.460396e-26
               98500        1.013550e-04        4.459844e-26
               98600        1.012480e-04        4.459844e-26
               98700        1.017770e-04        4.219571e-26
               98800        1.040570e-04        4.221839e-26
               98900        1.055840e-04        4.219256e-26
               99000        1.014880e-04        4.293051e-26
               99100        1.020570e-04        4.294885e-26
               99200        1.053480e-04        5.167520e-26
               99300        1.046660e-04        5.178624e-26
               99400        1.051470e-04        5.173575e-26
               99500        9.167200e-05        5.077325e-26
               99600        9.160800e-05        5.077325e-26
               99700        9.237000e-05        5.077325e-26
               99800        9.131700e-05        5.041324e-26
               99900        9.241900e-05        5.041324e-26
              100000        9.275500e-05        5.041324e-26
