Period: 100
               Epoch           Time cost                Loss
                 100        2.198410e-04        1.208000e+05
                 200        1.639530e-04        1.035447e+05
                 300        1.625940e-04        8.224969e+04
                 400        1.948780e-04        6.916604e+04
                 500        1.891450e-04        6.176511e+04
                 600        1.674530e-04        5.757705e+04
                 700        1.582480e-04        5.153986e+04
                 800        1.487300e-04        4.344953e+04
                 900        1.928130e-04        3.861853e+04
                1000        1.996990e-04        3.469782e+04
                1100        1.756060e-04        3.140020e+04
                1200        1.643490e-04        2.932074e+04
                1300        1.580000e-04        2.695694e+04
                1400        2.200310e-04        2.377226e+04
                1500        2.273360e-04        2.165242e+04
                1600        2.177730e-04        1.922899e+04
                1700        1.349730e-04        1.877491e+04
                1800        1.275060e-04        1.725736e+04
                1900        1.267980e-04        1.524527e+04
                2000        1.277160e-04        1.459759e+04
                2100        1.274230e-04        1.349849e+04
                2200        1.829180e-04        1.123873e+04
                2300        2.106370e-04        9.978548e+03
                2400        2.087850e-04        9.299382e+03
                2500        1.847960e-04        8.328759e+03
                2600        1.851870e-04        7.696641e+03
                2700        1.878410e-04        6.992891e+03
                2800        1.746940e-04        6.380098e+03
                2900        1.885460e-04        5.807720e+03
                3000        1.756270e-04        5.103930e+03
                3100        1.457810e-04        5.022195e+03
                3200        1.456420e-04        4.364845e+03
                3300        1.463480e-04        3.899102e+03
                3400        1.459270e-04        3.542059e+03
                3500        1.460380e-04        3.507153e+03
                3600        1.462950e-04        3.146482e+03
                3700        1.687300e-04        2.932298e+03
                3800        1.691950e-04        2.412590e+03
                3900        1.312460e-04        2.301292e+03
                4000        1.285840e-04        2.010320e+03
                4100        1.285670e-04        1.968844e+03
                4200        1.285390e-04        1.864515e+03
                4300        1.283270e-04        1.601812e+03
                4400        1.288170e-04        1.547673e+03
                4500        1.344610e-04        1.438681e+03
                4600        1.279740e-04        1.397263e+03
                4700        1.288160e-04        1.235805e+03
                4800        1.284570e-04        1.060221e+03
                4900        1.281980e-04        9.256140e+02
                5000        1.480960e-04        8.140557e+02
                5100        1.344710e-04        8.082648e+02
                5200        1.283640e-04        7.498971e+02
                5300        1.288300e-04        6.780982e+02
                5400        1.288220e-04        6.259870e+02
                5500        1.284850e-04        5.313183e+02
                5600        1.324330e-04        5.018075e+02
                5700        1.283450e-04        4.478357e+02
                5800        1.284690e-04        4.392388e+02
                5900        1.281140e-04        4.232933e+02
                6000        1.277790e-04        3.995518e+02
                6100        1.287610e-04        3.385563e+02
                6200        1.675240e-04        3.387118e+02
                6300        1.330150e-04        3.060136e+02
                6400        1.310690e-04        2.893939e+02
                6500        1.310770e-04        2.937418e+02
                6600        1.302380e-04        2.618272e+02
                6700        1.292510e-04        2.371741e+02
                6800        1.292970e-04        2.052899e+02
                6900        1.284480e-04        1.783262e+02
                7000        1.281470e-04        1.701580e+02
                7100        1.282020e-04        1.564687e+02
                7200        1.282170e-04        1.480733e+02
                7300        1.278020e-04        1.252338e+02
                7400        1.282620e-04        1.038079e+02
                7500        1.279890e-04        9.670936e+01
                7600        1.276950e-04        9.252918e+01
                7700        1.279210e-04        8.337463e+01
                7800        1.308360e-04        7.779413e+01
                7900        1.284890e-04        7.356584e+01
                8000        1.280330e-04        6.871651e+01
                8100        1.285020e-04        6.621767e+01
                8200        1.299040e-04        5.905996e+01
                8300        1.281380e-04        5.606573e+01
                8400        1.282910e-04        5.486961e+01
                8500        1.287350e-04        4.973691e+01
                8600        1.285160e-04        4.553440e+01
                8700        1.287450e-04        4.359764e+01
                8800        1.279130e-04        4.061316e+01
                8900        1.397850e-04        3.949754e+01
                9000        1.352070e-04        3.352046e+01
                9100        1.596270e-04        3.141903e+01
                9200        1.615850e-04        2.951853e+01
                9300        1.647350e-04        2.710673e+01
                9400        1.368540e-04        2.503581e+01
                9500        1.436950e-04        2.333816e+01
                9600        1.397850e-04        2.258876e+01
                9700        1.409060e-04        2.073010e+01
                9800        1.376190e-04        1.874269e+01
                9900        1.355910e-04        1.928693e+01
               10000        1.324050e-04        1.697963e+01
               10100        1.312570e-04        1.524613e+01
               10200        1.307400e-04        1.393626e+01
               10300        1.313590e-04        1.248644e+01
               10400        1.303900e-04        1.240891e+01
               10500        1.302330e-04        1.209247e+01
               10600        1.286270e-04        1.112450e+01
               10700        1.300190e-04        9.956585e+00
               10800        1.298080e-04        9.365087e+00
               10900        1.353990e-04        8.285143e+00
               11000        1.289560e-04        8.416148e+00
               11100        1.289000e-04        7.710919e+00
               11200        1.293960e-04        7.149782e+00
               11300        1.290880e-04        6.893102e+00
               11400        1.289710e-04        6.417687e+00
               11500        1.288540e-04        5.769099e+00
               11600        1.291680e-04        5.180424e+00
               11700        1.287000e-04        5.544178e+00
               11800        1.283040e-04        5.035496e+00
               11900        1.280370e-04        4.693486e+00
               12000        1.313390e-04        4.101169e+00
               12100        1.282030e-04        3.912050e+00
               12200        1.289250e-04        3.908442e+00
               12300        1.286530e-04        3.519386e+00
               12400        1.289870e-04        3.065677e+00
               12500        1.286230e-04        2.767038e+00
               12600        1.282530e-04        2.574929e+00
               12700        1.287060e-04        2.677556e+00
               12800        1.284500e-04        2.318964e+00
               12900        1.282820e-04        2.205832e+00
               13000        1.287240e-04        2.038387e+00
               13100        1.334740e-04        1.829144e+00
               13200        1.299050e-04        1.719797e+00
               13300        1.289420e-04        1.786781e+00
               13400        1.290120e-04        1.669909e+00
               13500        1.285580e-04        1.508813e+00
               13600        1.288730e-04        1.347983e+00
               13700        1.289990e-04        1.298450e+00
               13800        1.293580e-04        1.217472e+00
               13900        1.295080e-04        1.203334e+00
               14000        1.296390e-04        1.104684e+00
               14100        1.286420e-04        1.028421e+00
               14200        1.312690e-04        9.839869e-01
               14300        1.299690e-04        1.002542e+00
               14400        1.294160e-04        9.217597e-01
               14500        1.297440e-04        8.959462e-01
               14600        1.288940e-04        8.641179e-01
               14700        1.289370e-04        7.738195e-01
               14800        1.498320e-04        6.613874e-01
               14900        1.489340e-04        6.538379e-01
               15000        1.490210e-04        6.216331e-01
               15100        1.492370e-04        5.700712e-01
               15200        1.491320e-04        5.609200e-01
               15300        1.517540e-04        5.498981e-01
               15400        1.495230e-04        4.863656e-01
               15500        1.500600e-04        4.425186e-01
               15600        1.356050e-04        3.923677e-01
               15700        1.494270e-04        3.558984e-01
               15800        1.493610e-04        3.507417e-01
               15900        1.296830e-04        3.367560e-01
               16000        1.295490e-04        3.025286e-01
               16100        1.377250e-04        2.574502e-01
               16200        1.496030e-04        2.662417e-01
               16300        1.491860e-04        2.553199e-01
               16400        1.511400e-04        2.409336e-01
               16500        1.503760e-04        2.201813e-01
               16600        1.498210e-04        2.172216e-01
               16700        1.500660e-04        2.104467e-01
               16800        1.490190e-04        1.910034e-01
               16900        1.471050e-04        1.806467e-01
               17000        1.496390e-04        1.644507e-01
               17100        1.500860e-04        1.456540e-01
               17200        1.484230e-04        1.413574e-01
               17300        1.502570e-04        1.328457e-01
               17400        1.510100e-04        1.236835e-01
               17500        1.665580e-04        1.050937e-01
               17600        1.667610e-04        1.030981e-01
               17700        1.538440e-04        9.469656e-02
               17800        1.662640e-04        9.294386e-02
               17900        1.620090e-04        8.570148e-02
               18000        1.937640e-04        7.806129e-02
               18100        1.784010e-04        7.101354e-02
               18200        1.952640e-04        7.436863e-02
               18300        1.974620e-04        6.712944e-02
               18400        1.337710e-04        6.133077e-02
               18500        1.327330e-04        5.643050e-02
               18600        1.319680e-04        5.342154e-02
               18700        1.313520e-04        4.829113e-02
               18800        1.297610e-04        4.358435e-02
               18900        1.839400e-04        4.028630e-02
               19000        1.841250e-04        3.783460e-02
               19100        1.680180e-04        3.699481e-02
               19200        1.838950e-04        3.346411e-02
               19300        1.894590e-04        2.996090e-02
               19400        1.677530e-04        2.998608e-02
               19500        1.675810e-04        2.827754e-02
               19600        1.672120e-04        2.730024e-02
               19700        1.585140e-04        2.375332e-02
               19800        1.482300e-04        2.287723e-02
               19900        1.479270e-04        2.106040e-02
               20000        1.470130e-04        1.900149e-02
               20100        1.478400e-04        1.844072e-02
               20200        1.478620e-04        1.745511e-02
               20300        1.469780e-04        1.647551e-02
               20400        1.473860e-04        1.633708e-02
               20500        1.475380e-04        1.497854e-02
               20600        1.473740e-04        1.391700e-02
               20700        1.475480e-04        1.263631e-02
               20800        1.476970e-04        1.178230e-02
               20900        1.466780e-04        1.077589e-02
               21000        1.481940e-04        9.688154e-03
               21100        1.372310e-04        9.488347e-03
               21200        1.473270e-04        9.092431e-03
               21300        1.465800e-04        8.032391e-03
               21400        1.376920e-04        7.574092e-03
               21500        1.478640e-04        6.904648e-03
               21600        1.369950e-04        6.314631e-03
               21700        1.474040e-04        6.463397e-03
               21800        1.476750e-04        5.640079e-03
               21900        1.477520e-04        5.327668e-03
               22000        1.476320e-04        4.815003e-03
               22100        1.478060e-04        4.463219e-03
               22200        1.473070e-04        4.311438e-03
               22300        1.474930e-04        4.090090e-03
               22400        1.474290e-04        3.882808e-03
               22500        1.492400e-04        3.521822e-03
               22600        1.373810e-04        3.176848e-03
               22700        1.467200e-04        3.132021e-03
               22800        1.467950e-04        2.875112e-03
               22900        1.470920e-04        2.644436e-03
               23000        1.469050e-04        2.407293e-03
               23100        1.476780e-04        2.216505e-03
               23200        1.471320e-04        2.297676e-03
               23300        1.368430e-04        1.939473e-03
               23400        1.471170e-04        1.790132e-03
               23500        1.471090e-04        1.746420e-03
               23600        1.496970e-04        1.670899e-03
               23700        1.472070e-04        1.581379e-03
               23800        1.371890e-04        1.461857e-03
               23900        1.475110e-04        1.365706e-03
               24000        1.477780e-04        1.209199e-03
               24100        1.471050e-04        1.198189e-03
               24200        1.472130e-04        1.151584e-03
               24300        1.272870e-04        1.143256e-03
               24400        1.471580e-04        9.921805e-04
               24500        1.483680e-04        9.452362e-04
               24600        1.862160e-04        8.989135e-04
               24700        1.580400e-04        8.465494e-04
               24800        1.520960e-04        8.173134e-04
               24900        1.501220e-04        7.569319e-04
               25000        1.383490e-04        7.223538e-04
               25100        1.488500e-04        6.929884e-04
               25200        1.477930e-04        6.800553e-04
               25300        1.485010e-04        6.451951e-04
               25400        1.506400e-04        5.803047e-04
               25500        1.422830e-04        5.522166e-04
               25600        1.464900e-04        5.161451e-04
               25700        1.591870e-04        5.012712e-04
               25800        1.434860e-04        4.616099e-04
               25900        1.353890e-04        4.371206e-04
               26000        1.477100e-04        3.745833e-04
               26100        1.941180e-04        3.880219e-04
               26200        1.921240e-04        3.452978e-04
               26300        1.980750e-04        3.398933e-04
               26400        1.966280e-04        3.280124e-04
               26500        1.806430e-04        2.957319e-04
               26600        1.740730e-04        2.840989e-04
               26700        1.726090e-04        2.817291e-04
               26800        1.746560e-04        2.613802e-04
               26900        1.768000e-04        2.519547e-04
               27000        1.755940e-04        2.471203e-04
               27100        1.744180e-04        2.238808e-04
               27200        1.724610e-04        2.232809e-04
               27300        1.715270e-04        2.047067e-04
               27400        1.753900e-04        2.033339e-04
               27500        1.869940e-04        1.721339e-04
               27600        1.283040e-04        1.699256e-04
               27700        1.288370e-04        1.634134e-04
               27800        1.282230e-04        1.419498e-04
               27900        1.282170e-04        1.309578e-04
               28000        1.275330e-04        1.241701e-04
               28100        1.281740e-04        1.341427e-04
               28200        1.277600e-04        1.187419e-04
               28300        1.293140e-04        1.106658e-04
               28400        1.286870e-04        1.047236e-04
               28500        1.287520e-04        9.746114e-05
               28600        1.331300e-04        9.458015e-05
               28700        1.279920e-04        8.686562e-05
               28800        1.276480e-04        8.018121e-05
               28900        1.281930e-04        7.320484e-05
               29000        1.279970e-04        6.596469e-05
               29100        1.276900e-04        6.849011e-05
               29200        1.275680e-04        5.858699e-05
               29300        1.278950e-04        5.608207e-05
               29400        1.278470e-04        5.631341e-05
               29500        1.282430e-04        4.959851e-05
               29600        1.279460e-04        4.813470e-05
               29700        1.285430e-04        4.566975e-05
               29800        1.282830e-04        4.593380e-05
               29900        1.282440e-04        4.202309e-05
               30000        1.282440e-04        4.073362e-05
               30100        1.282030e-04        3.807431e-05
               30200        1.280930e-04        3.477109e-05
               30300        1.276840e-04        3.491618e-05
               30400        1.275370e-04        3.359878e-05
               30500        1.283340e-04        3.160290e-05
               30600        1.281120e-04        2.900827e-05
               30700        1.285970e-04        2.681830e-05
               30800        1.280620e-04        2.413730e-05
               30900        1.278930e-04        2.171871e-05
               31000        1.280490e-04        2.111472e-05
               31100        1.281320e-04        2.182346e-05
               31200        1.280660e-04        2.114246e-05
               31300        1.278750e-04        1.996048e-05
               31400        1.282200e-04        1.807977e-05
               31500        1.295920e-04        1.759018e-05
               31600        1.285400e-04        1.549393e-05
               31700        1.280130e-04        1.381498e-05
               31800        1.280160e-04        1.286650e-05
               31900        1.283290e-04        1.237232e-05
               32000        1.289950e-04        1.187589e-05
               32100        1.284020e-04        1.138985e-05
               32200        1.281110e-04        1.048167e-05
               32300        1.282470e-04        1.034287e-05
               32400        1.278670e-04        1.019354e-05
               32500        1.287110e-04        9.946722e-06
               32600        1.282040e-04        8.804617e-06
               32700        1.285680e-04        8.729557e-06
               32800        1.290200e-04        7.774265e-06
               32900        1.291550e-04        7.692963e-06
               33000        1.282230e-04        7.426581e-06
               33100        1.292080e-04        7.165800e-06
               33200        1.283730e-04        6.487602e-06
               33300        1.280640e-04        5.656971e-06
               33400        1.281050e-04        5.717366e-06
               33500        1.283570e-04        5.445873e-06
               33600        1.282710e-04        5.093976e-06
               33700        1.318370e-04        4.942528e-06
               33800        1.322730e-04        4.560322e-06
               33900        1.347150e-04        4.461579e-06
               34000        1.379870e-04        4.124877e-06
               34100        1.313250e-04        3.925885e-06
               34200        1.329370e-04        3.658579e-06
               34300        1.368970e-04        3.574367e-06
               34400        1.374870e-04        3.434629e-06
               34500        1.399910e-04        3.285633e-06
               34600        1.376660e-04        2.871304e-06
               34700        1.366690e-04        2.654260e-06
               34800        1.330580e-04        2.683098e-06
               34900        1.297980e-04        2.407393e-06
               35000        1.302120e-04        2.266377e-06
               35100        1.307320e-04        2.267909e-06
               35200        1.326230e-04        2.101728e-06
               35300        1.304510e-04        2.012905e-06
               35400        1.295680e-04        1.941124e-06
               35500        1.293970e-04        2.033322e-06
               35600        1.301580e-04        1.799702e-06
               35700        1.288120e-04        1.636122e-06
               35800        1.289100e-04        1.568640e-06
               35900        1.284030e-04        1.439447e-06
               36000        1.287680e-04        1.284001e-06
               36100        1.292040e-04        1.112291e-06
               36200        1.288360e-04        1.103408e-06
               36300        1.282140e-04        1.079539e-06
               36400        1.284530e-04        1.091536e-06
               36500        1.282580e-04        1.079158e-06
               36600        1.284970e-04        9.536302e-07
               36700        1.273510e-04        8.720917e-07
               36800        1.278330e-04        8.557484e-07
               36900        1.284280e-04        7.782526e-07
               37000        1.282510e-04        7.442819e-07
               37100        1.281470e-04        6.878290e-07
               37200        1.282550e-04        6.641116e-07
               37300        1.281830e-04        6.321311e-07
               37400        1.284190e-04        6.314144e-07
               37500        1.288480e-04        5.742481e-07
               37600        1.294270e-04        5.226498e-07
               37700        1.281750e-04        4.826755e-07
               37800        1.287190e-04        4.836813e-07
               37900        1.282220e-04        4.175908e-07
               38000        1.278950e-04        3.984736e-07
               38100        1.277630e-04        3.817435e-07
               38200        1.276160e-04        3.776464e-07
               38300        1.280370e-04        3.326476e-07
               38400        1.305220e-04        3.248152e-07
               38500        1.288980e-04        3.425812e-07
               38600        1.283280e-04        3.058767e-07
               38700        1.280450e-04        2.946938e-07
               38800        1.282290e-04        2.617054e-07
               38900        1.286690e-04        2.585916e-07
               39000        1.276240e-04        2.179243e-07
               39100        1.276090e-04        2.058874e-07
               39200        1.282180e-04        1.834873e-07
               39300        1.286610e-04        1.725996e-07
               39400        1.277250e-04        1.652673e-07
               39500        1.281100e-04        1.523524e-07
               39600        1.321830e-04        1.605747e-07
               39700        1.281080e-04        1.473363e-07
               39800        1.288350e-04        1.362716e-07
               39900        1.283450e-04        1.317980e-07
               40000        1.277170e-04        1.129466e-07
               40100        1.285380e-04        1.078724e-07
               40200        1.283960e-04        9.448139e-08
               40300        1.286220e-04        9.250291e-08
               40400        1.280040e-04        8.670207e-08
               40500        1.286100e-04        8.544925e-08
               40600        1.283670e-04        7.624505e-08
               40700        1.320170e-04        6.946223e-08
               40800        1.276620e-04        7.058762e-08
               40900        1.280020e-04        6.659462e-08
               41000        1.274840e-04        6.270016e-08
               41100        1.276300e-04        5.838039e-08
               41200        1.284310e-04        5.640071e-08
               41300        1.278210e-04        5.408679e-08
               41400        1.282690e-04        5.014564e-08
               41500        1.278970e-04        4.557304e-08
               41600        1.278420e-04        4.551164e-08
               41700        1.282060e-04        4.518578e-08
               41800        1.280630e-04        4.369045e-08
               41900        1.281890e-04        4.078160e-08
               42000        1.278090e-04        3.455414e-08
               42100        1.275280e-04        3.211253e-08
               42200        1.284070e-04        2.855560e-08
               42300        1.304590e-04        2.605431e-08
               42400        1.331820e-04        2.675704e-08
               42500        1.347730e-04        2.474368e-08
               42600        1.368210e-04        2.408173e-08
               42700        1.324240e-04        2.278865e-08
               42800        1.338620e-04        2.194994e-08
               42900        1.419330e-04        2.038188e-08
               43000        1.371900e-04        1.922843e-08
               43100        1.381190e-04        1.880288e-08
               43200        2.389930e-04        1.733586e-08
               43300        1.364980e-04        1.746807e-08
               43400        1.331910e-04        1.658552e-08
               43500        1.329840e-04        1.475739e-08
               43600        1.307900e-04        1.412629e-08
               43700        1.303240e-04        1.340467e-08
               43800        1.300330e-04        1.352024e-08
               43900        1.298060e-04        1.228625e-08
               44000        1.293920e-04        1.142373e-08
               44100        1.285860e-04        1.021508e-08
               44200        1.289370e-04        9.491603e-09
               44300        1.299610e-04        8.975442e-09
               44400        1.284530e-04        8.454338e-09
               44500        1.288210e-04        8.003716e-09
               44600        1.284860e-04        7.649872e-09
               44700        1.284220e-04        7.462941e-09
               44800        1.286630e-04        7.295579e-09
               44900        1.282880e-04        6.692556e-09
               45000        1.292560e-04        5.983723e-09
               45100        1.286940e-04        5.642611e-09
               45200        1.278460e-04        5.444124e-09
               45300        1.284350e-04        4.977736e-09
               45400        1.280540e-04        4.499520e-09
               45500        1.281920e-04        4.189394e-09
               45600        1.286870e-04        3.675992e-09
               45700        1.285720e-04        3.508674e-09
               45800        1.287880e-04        3.448185e-09
               45900        1.294620e-04        3.272356e-09
               46000        1.289590e-04        3.303253e-09
               46100        1.281590e-04        3.033807e-09
               46200        1.278910e-04        2.797925e-09
               46300        1.284850e-04        2.659045e-09
               46400        1.285820e-04        2.637433e-09
               46500        1.287560e-04        2.499926e-09
               46600        1.289260e-04        2.208250e-09
               46700        1.288420e-04        1.873130e-09
               46800        1.282790e-04        1.748899e-09
               46900        1.287570e-04        1.789506e-09
               47000        1.292470e-04        1.739379e-09
               47100        1.277970e-04        1.627738e-09
               47200        1.316370e-04        1.595504e-09
               47300        1.279180e-04        1.383620e-09
               47400        1.284570e-04        1.374757e-09
               47500        1.282160e-04        1.286791e-09
               47600        1.281300e-04        1.174073e-09
               47700        1.282390e-04        1.097328e-09
               47800        1.279750e-04        1.047209e-09
               47900        1.290840e-04        9.295208e-10
               48000        1.277550e-04        9.138776e-10
               48100        1.278100e-04        8.753072e-10
               48200        1.277730e-04        7.687865e-10
               48300        1.285290e-04        7.659047e-10
               48400        1.286230e-04        7.800686e-10
               48500        1.284780e-04        7.205812e-10
               48600        1.278190e-04        6.865640e-10
               48700        1.280710e-04        6.546663e-10
               48800        1.285370e-04        5.817190e-10
               48900        1.287810e-04        5.700505e-10
               49000        1.275680e-04        5.284511e-10
               49100        1.287850e-04        5.259927e-10
               49200        1.278780e-04        4.984004e-10
               49300        1.277050e-04        4.683763e-10
               49400        1.280060e-04        4.344727e-10
               49500        1.277490e-04        4.047365e-10
               49600        1.281170e-04        3.902959e-10
               49700        1.282920e-04        3.541809e-10
               49800        1.292120e-04        3.427721e-10
               49900        1.280540e-04        3.333358e-10
               50000        1.278730e-04        3.144520e-10
               50100        1.284060e-04        3.013541e-10
               50200        1.279330e-04        2.930720e-10
               50300        1.280760e-04        2.559467e-10
               50400        1.278430e-04        2.607070e-10
               50500        1.282580e-04        2.399769e-10
               50600        1.278270e-04        2.361289e-10
               50700        1.282140e-04        2.015926e-10
               50800        1.283040e-04        1.936526e-10
               50900        1.319920e-04        1.811584e-10
               51000        1.311070e-04        1.753227e-10
               51100        1.334410e-04        1.583158e-10
               51200        1.358830e-04        1.441567e-10
               51300        1.318340e-04        1.370228e-10
               51400        1.332530e-04        1.269870e-10
               51500        1.360770e-04        1.255075e-10
               51600        1.408800e-04        1.174589e-10
               51700        1.374200e-04        1.096547e-10
               51800        1.357330e-04        1.159827e-10
               51900        1.336690e-04        1.076143e-10
               52000        1.314450e-04        1.075768e-10
               52100        1.297920e-04        1.073324e-10
               52200        1.286850e-04        9.107985e-11
               52300        1.281630e-04        8.545694e-11
               52400        1.276310e-04        8.307405e-11
               52500        1.271150e-04        8.062100e-11
               52600        1.320640e-04        7.086575e-11
               52700        1.281640e-04        6.869986e-11
               52800        1.267470e-04        6.587118e-11
               52900        1.266730e-04        6.215809e-11
               53000        1.271130e-04        5.059174e-11
               53100        1.269630e-04        4.884810e-11
               53200        1.271940e-04        4.915911e-11
               53300        1.312210e-04        4.806082e-11
               53400        1.269580e-04        4.351993e-11
               53500        1.264330e-04        4.252833e-11
               53600        1.262690e-04        3.905807e-11
               53700        1.297600e-04        3.636587e-11
               53800        1.329690e-04        3.573553e-11
               53900        1.290360e-04        3.459045e-11
               54000        1.289080e-04        3.324361e-11
               54100        1.284330e-04        3.103859e-11
               54200        1.280430e-04        2.923298e-11
               54300        1.278890e-04        2.817938e-11
               54400        1.264900e-04        2.594337e-11
               54500        1.282960e-04        2.583115e-11
               54600        1.270270e-04        2.378548e-11
               54700        1.273630e-04        2.258506e-11
               54800        1.262400e-04        2.061291e-11
               54900        1.268830e-04        1.881864e-11
               55000        1.266970e-04        1.742332e-11
               55100        1.268400e-04        1.701507e-11
               55200        1.267930e-04        1.643821e-11
               55300        1.262540e-04        1.454939e-11
               55400        1.269810e-04        1.353396e-11
               55500        1.271650e-04        1.355901e-11
               55600        1.269660e-04        1.309888e-11
               55700        1.272600e-04        1.218505e-11
               55800        1.277970e-04        1.204312e-11
               55900        1.269160e-04        1.143394e-11
               56000        1.265900e-04        1.056016e-11
               56100        1.271160e-04        9.870086e-12
               56200        1.265060e-04        8.896880e-12
               56300        1.271060e-04        9.137348e-12
               56400        1.268200e-04        8.594120e-12
               56500        1.273480e-04        7.970043e-12
               56600        1.270020e-04        7.603261e-12
               56700        1.268110e-04        7.043773e-12
               56800        1.258800e-04        6.719397e-12
               56900        1.274160e-04        6.586907e-12
               57000        1.262470e-04        6.417259e-12
               57100        1.295100e-04        5.901187e-12
               57200        1.264460e-04        5.892175e-12
               57300        1.276720e-04        5.256076e-12
               57400        1.266840e-04        4.873125e-12
               57500        1.269790e-04        4.554521e-12
               57600        1.265700e-04        4.549003e-12
               57700        1.263410e-04        4.148208e-12
               57800        1.265960e-04        3.975075e-12
               57900        1.382470e-04        3.851624e-12
               58000        1.272450e-04        3.467517e-12
               58100        1.271390e-04        3.445054e-12
               58200        1.316040e-04        3.157504e-12
               58300        1.267790e-04        3.098981e-12
               58400        1.263840e-04        2.852352e-12
               58500        1.271000e-04        2.692759e-12
               58600        1.270920e-04        2.473791e-12
               58700        1.270170e-04        2.265221e-12
               58800        1.262400e-04        2.126180e-12
               58900        1.271980e-04        1.857646e-12
               59000        1.265530e-04        1.792130e-12
               59100        1.263450e-04        1.664640e-12
               59200        1.261230e-04        1.437688e-12
               59300        1.273200e-04        1.346733e-12
               59400        1.274380e-04        1.373421e-12
               59500        1.295580e-04        1.252475e-12
               59600        1.303040e-04        1.120017e-12
               59700        1.330090e-04        1.045450e-12
               59800        1.318000e-04        9.909013e-13
               59900        1.310470e-04        9.393713e-13
               60000        1.314590e-04        8.444583e-13
               60100        1.327400e-04        8.059369e-13
               60200        1.350750e-04        7.636803e-13
               60300        1.386410e-04        7.761806e-13
               60400        1.345310e-04        7.202882e-13
               60500        1.329680e-04        6.144480e-13
               60600        1.311180e-04        5.601660e-13
               60700        1.308150e-04        5.338266e-13
               60800        1.283510e-04        5.046420e-13
               60900        1.294070e-04        4.525353e-13
               61000        1.285840e-04        4.463433e-13
               61100        1.280030e-04        4.135172e-13
               61200        1.279350e-04        3.849203e-13
               61300        1.278650e-04        3.685272e-13
               61400        1.274930e-04        3.472524e-13
               61500        1.279170e-04        3.371373e-13
               61600        1.264370e-04        3.218834e-13
               61700        1.277000e-04        3.305846e-13
               61800        1.278770e-04        3.131962e-13
               61900        1.263670e-04        2.742513e-13
               62000        1.261990e-04        2.643920e-13
               62100        1.270290e-04        2.397682e-13
               62200        1.268110e-04        2.190853e-13
               62300        1.667050e-04        1.996695e-13
               62400        1.314300e-04        1.944330e-13
               62500        1.378540e-04        1.919154e-13
               62600        1.300230e-04        1.823985e-13
               62700        1.308370e-04        1.772891e-13
               62800        1.288010e-04        1.608131e-13
               62900        1.285570e-04        1.527497e-13
               63000        1.283570e-04        1.360725e-13
               63100        1.280210e-04        1.400592e-13
               63200        1.274070e-04        1.364019e-13
               63300        1.275510e-04        1.210535e-13
               63400        1.270130e-04        1.202559e-13
               63500        1.281060e-04        1.074825e-13
               63600        1.315190e-04        1.070269e-13
               63700        1.268750e-04        9.742694e-14
               63800        1.272940e-04        9.582584e-14
               63900        1.272730e-04        8.849467e-14
               64000        1.272690e-04        8.231181e-14
               64100        1.270210e-04        7.838749e-14
               64200        1.263490e-04        7.426314e-14
               64300        1.276760e-04        7.085749e-14
               64400        1.280630e-04        6.590630e-14
               64500        1.265250e-04        6.010094e-14
               64600        1.266590e-04        5.702515e-14
               64700        1.329940e-04        4.940254e-14
               64800        1.276670e-04        4.749458e-14
               64900        1.268130e-04        4.768357e-14
               65000        1.271890e-04        4.144858e-14
               65100        1.268420e-04        4.012011e-14
               65200        1.278310e-04        3.830367e-14
               65300        1.323190e-04        3.596895e-14
               65400        1.278760e-04        3.584112e-14
               65500        1.261940e-04        3.257852e-14
               65600        1.291600e-04        2.814775e-14
               65700        1.270860e-04        2.644348e-14
               65800        1.273140e-04        2.263560e-14
               65900        1.273200e-04        2.264984e-14
               66000        1.552470e-04        2.230295e-14
               66100        1.351380e-04        2.056064e-14
               66200        1.324490e-04        2.033293e-14
               66300        1.304440e-04        1.940574e-14
               66400        1.350380e-04        1.845175e-14
               66500        1.290990e-04        1.771777e-14
               66600        1.287410e-04        1.746589e-14
               66700        1.280470e-04        1.666311e-14
               66800        1.356650e-04        1.634485e-14
               66900        1.282070e-04        1.481783e-14
               67000        1.272490e-04        1.329570e-14
               67100        1.267660e-04        1.279162e-14
               67200        1.290660e-04        1.177898e-14
               67300        1.270230e-04        1.067945e-14
               67400        1.268550e-04        1.015585e-14
               67500        1.289360e-04        1.011409e-14
               67600        1.265570e-04        9.030439e-15
               67700        1.263860e-04        8.891884e-15
               67800        1.261050e-04        8.408806e-15
               67900        1.265170e-04        8.004069e-15
               68000        1.291520e-04        7.583978e-15
               68100        1.307500e-04        7.361343e-15
               68200        1.336400e-04        7.060220e-15
               68300        1.349080e-04        6.378952e-15
               68400        1.319430e-04        5.558922e-15
               68500        1.329340e-04        5.190826e-15
               68600        1.322540e-04        4.781270e-15
               68700        1.347000e-04        4.475893e-15
               68800        1.394790e-04        4.294668e-15
               68900        1.363670e-04        4.123538e-15
               69000        1.335920e-04        3.785009e-15
               69100        1.314620e-04        3.466129e-15
               69200        1.306310e-04        3.270020e-15
               69300        1.299300e-04        3.327777e-15
               69400        1.302930e-04        2.987001e-15
               69500        1.284180e-04        2.922210e-15
               69600        1.277930e-04        2.798807e-15
               69700        1.275250e-04        2.556470e-15
               69800        1.274180e-04        2.417809e-15
               69900        1.283420e-04        2.228708e-15
               70000        1.313190e-04        2.039144e-15
               70100        1.265450e-04        1.867013e-15
               70200        1.272550e-04        1.742675e-15
               70300        1.271910e-04        1.825895e-15
               70400        1.272040e-04        1.699861e-15
               70500        1.264410e-04        1.484828e-15
               70600        1.263860e-04        1.397537e-15
               70700        1.268630e-04        1.309384e-15
               70800        1.265880e-04        1.278602e-15
               70900        1.261210e-04        1.208244e-15
               71000        1.270710e-04        1.278900e-15
               71100        1.269620e-04        1.192785e-15
               71200        1.268490e-04        1.121357e-15
               71300        1.268190e-04        9.859168e-16
               71400        1.268130e-04        9.793474e-16
               71500        1.272230e-04        8.859462e-16
               71600        1.269800e-04        7.914257e-16
               71700        1.267900e-04        7.712273e-16
               71800        1.271210e-04        7.535231e-16
               71900        1.271960e-04        7.079383e-16
               72000        1.262350e-04        6.801370e-16
               72100        1.263850e-04        5.793234e-16
               72200        1.265320e-04        5.509154e-16
               72300        1.262170e-04        4.917353e-16
               72400        1.274170e-04        4.553398e-16
               72500        1.265000e-04        3.818764e-16
               72600        1.268150e-04        3.765298e-16
               72700        1.258420e-04        3.653597e-16
               72800        1.267200e-04        3.287831e-16
               72900        1.265100e-04        3.185389e-16
               73000        1.274400e-04        2.918960e-16
               73100        1.270150e-04        2.859642e-16
               73200        1.272260e-04        2.752717e-16
               73300        1.263520e-04        2.789140e-16
               73400        1.268830e-04        2.655301e-16
               73500        1.267500e-04        2.442120e-16
               73600        1.276050e-04        2.392892e-16
               73700        1.267660e-04        2.258599e-16
               73800        1.263290e-04        2.027352e-16
               73900        1.265760e-04        1.936143e-16
               74000        1.269410e-04        1.826304e-16
               74100        1.264170e-04        1.693880e-16
               74200        1.264410e-04        1.751889e-16
               74300        1.270440e-04        1.631862e-16
               74400        1.273720e-04        1.504975e-16
               74500        1.301150e-04        1.460235e-16
               74600        1.268350e-04        1.299774e-16
               74700        1.262580e-04        1.230682e-16
               74800        1.272320e-04        1.158019e-16
               74900        1.271820e-04        1.050333e-16
               75000        1.274610e-04        1.023087e-16
               75100        1.268520e-04        9.544294e-17
               75200        1.264730e-04        8.623933e-17
               75300        1.259710e-04        8.209328e-17
               75400        1.263090e-04        7.597758e-17
               75500        1.267920e-04        7.771434e-17
               75600        1.262510e-04        7.064355e-17
               75700        1.265650e-04        7.219968e-17
               75800        1.260750e-04        6.887501e-17
               75900        1.262290e-04        6.285648e-17
               76000        1.263890e-04        5.964552e-17
               76100        1.273620e-04        5.943250e-17
               76200        1.266760e-04        5.808407e-17
               76300        1.265060e-04        5.300020e-17
               76400        1.268590e-04        5.061045e-17
               76500        1.267090e-04        4.734465e-17
               76600        1.271290e-04        4.728199e-17
               76700        1.289440e-04        4.317824e-17
               76800        1.282480e-04        4.145523e-17
               76900        1.327410e-04        3.675792e-17
               77000        1.340800e-04        3.504480e-17
               77100        1.300460e-04        3.223146e-17
               77200        1.310400e-04        3.106521e-17
               77300        1.347490e-04        2.778740e-17
               77400        1.348420e-04        2.407038e-17
               77500        1.372860e-04        2.338110e-17
               77600        1.343810e-04        2.276928e-17
               77700        1.330650e-04        2.184505e-17
               77800        1.300650e-04        2.043536e-17
               77900        1.290530e-04        1.949887e-17
               78000        1.286600e-04        1.833349e-17
               78100        1.286840e-04        1.674126e-17
               78200        1.281900e-04        1.625314e-17
               78300        1.294620e-04        1.532692e-17
               78400        1.286150e-04        1.589487e-17
               78500        1.274900e-04        1.374274e-17
               78600        1.273340e-04        1.342866e-17
               78700        1.269200e-04        1.288352e-17
               78800        1.265980e-04        1.183943e-17
               78900        1.275730e-04        1.096201e-17
               79000        1.267920e-04        9.993173e-18
               79100        1.270700e-04        9.867165e-18
               79200        1.269190e-04        8.982552e-18
               79300        1.269790e-04        8.561266e-18
               79400        1.261290e-04        7.682186e-18
               79500        1.262360e-04        7.256926e-18
               79600        1.265670e-04        6.737874e-18
               79700        1.270410e-04        6.154994e-18
               79800        1.277230e-04        6.113416e-18
               79900        1.271450e-04        6.032498e-18
               80000        1.268440e-04        5.574688e-18
               80100        1.271490e-04        5.346416e-18
               80200        1.271070e-04        4.995866e-18
               80300        1.269140e-04        4.441505e-18
               80400        1.267460e-04        4.345007e-18
               80500        1.266050e-04        4.154063e-18
               80600        1.266600e-04        3.914568e-18
               80700        1.268830e-04        3.308497e-18
               80800        1.264460e-04        3.299783e-18
               80900        1.260190e-04        3.010763e-18
               81000        1.287050e-04        2.991142e-18
               81100        1.337260e-04        2.707519e-18
               81200        1.643490e-04        2.555505e-18
               81300        1.345030e-04        2.380756e-18
               81400        1.302100e-04        2.292287e-18
               81500        1.301080e-04        2.116893e-18
               81600        1.283770e-04        2.004390e-18
               81700        1.283380e-04        2.103668e-18
               81800        1.288720e-04        1.709581e-18
               81900        1.270040e-04        1.683414e-18
               82000        1.273150e-04        1.530291e-18
               82100        1.267890e-04        1.493920e-18
               82200        1.271840e-04        1.410502e-18
               82300        1.266400e-04        1.379467e-18
               82400        1.272340e-04        1.345062e-18
               82500        1.267120e-04        1.225951e-18
               82600        1.270210e-04        1.060753e-18
               82700        1.274590e-04        1.070580e-18
               82800        1.269810e-04        1.038402e-18
               82900        1.263020e-04        9.386283e-19
               83000        1.268480e-04        8.902226e-19
               83100        1.273310e-04        8.154802e-19
               83200        1.263980e-04        7.664488e-19
               83300        1.269120e-04        7.107855e-19
               83400        1.263360e-04        6.754009e-19
               83500        1.268420e-04        6.423457e-19
               83600        1.268140e-04        5.714212e-19
               83700        1.262090e-04        5.973635e-19
               83800        1.267830e-04        5.592826e-19
               83900        1.262600e-04        5.349233e-19
               84000        1.266530e-04        4.652405e-19
               84100        1.274470e-04        4.497749e-19
               84200        1.264500e-04        4.441426e-19
               84300        1.263510e-04        4.157049e-19
               84400        1.261100e-04        3.722352e-19
               84500        1.266300e-04        3.464670e-19
               84600        1.263270e-04        3.355910e-19
               84700        1.266670e-04        3.165103e-19
               84800        1.261440e-04        2.855744e-19
               84900        1.266940e-04        2.708618e-19
               85000        1.268500e-04        2.534710e-19
               85100        1.268750e-04        2.480276e-19
               85200        1.271660e-04        2.232656e-19
               85300        1.298050e-04        2.260960e-19
               85400        1.301170e-04        1.917557e-19
               85500        1.374450e-04        1.921466e-19
               85600        1.347710e-04        1.867114e-19
               85700        1.314590e-04        1.698286e-19
               85800        1.320760e-04        1.707987e-19
               85900        1.343830e-04        1.624561e-19
               86000        1.357610e-04        1.451363e-19
               86100        1.424180e-04        1.426810e-19
               86200        1.349570e-04        1.287857e-19
               86300        1.333300e-04        1.215606e-19
               86400        1.301340e-04        1.145273e-19
               86500        1.356590e-04        1.053032e-19
               86600        1.293260e-04        1.016453e-19
               86700        1.285650e-04        9.312790e-20
               86800        1.297720e-04        8.826479e-20
               86900        1.285990e-04        8.513617e-20
               87000        1.285570e-04        8.599040e-20
               87100        1.290460e-04        7.712196e-20
               87200        1.277500e-04        7.228901e-20
               87300        1.276840e-04        6.805771e-20
               87400        1.283280e-04        6.264668e-20
               87500        1.270620e-04        6.019346e-20
               87600        1.269280e-04        5.387443e-20
               87700        1.268570e-04        4.876234e-20
               87800        1.271070e-04        4.755892e-20
               87900        1.276510e-04        4.510527e-20
               88000        1.275270e-04        4.214343e-20
               88100        1.267200e-04        3.889964e-20
               88200        1.271150e-04        3.628763e-20
               88300        1.264540e-04        3.462042e-20
               88400        1.268550e-04        3.297241e-20
               88500        1.332620e-04        3.159443e-20
               88600        1.306050e-04        3.031607e-20
               88700        1.331790e-04        2.789389e-20
               88800        1.282660e-04        2.671470e-20
               88900        1.276230e-04        2.405340e-20
               89000        1.271940e-04        2.180441e-20
               89100        1.265670e-04        2.239803e-20
               89200        1.267410e-04        2.003782e-20
               89300        1.269160e-04        1.901702e-20
               89400        1.267170e-04        1.827216e-20
               89500        1.262200e-04        1.737301e-20
               89600        1.266510e-04        1.618865e-20
               89700        1.264350e-04        1.587119e-20
               89800        1.339370e-04        1.499603e-20
               89900        1.287380e-04        1.401759e-20
               90000        1.279540e-04        1.308606e-20
               90100        1.282520e-04        1.150929e-20
               90200        1.273180e-04        1.056328e-20
               90300        1.283250e-04        9.485738e-21
               90400        1.272820e-04        9.496662e-21
               90500        1.273330e-04        9.306818e-21
               90600        1.266150e-04        8.937359e-21
               90700        1.262820e-04        7.668923e-21
               90800        1.268780e-04        7.317252e-21
               90900        1.324540e-04        7.059991e-21
               91000        1.276790e-04        6.707231e-21
               91100        1.278630e-04        6.040373e-21
               91200        1.272570e-04        5.899715e-21
               91300        1.263070e-04        5.281963e-21
               91400        1.276300e-04        5.402651e-21
               91500        1.266970e-04        5.275702e-21
               91600        1.275630e-04        5.063794e-21
               91700        1.266720e-04        4.646595e-21
               91800        1.265930e-04        4.329459e-21
               91900        1.270290e-04        3.961512e-21
               92000        1.267460e-04        3.517009e-21
               92100        1.299360e-04        3.205773e-21
               92200        1.267110e-04        3.323576e-21
               92300        1.268750e-04        3.313399e-21
               92400        1.272740e-04        2.711517e-21
               92500        1.267000e-04        2.890685e-21
               92600        1.268000e-04        2.725108e-21
               92700        1.268680e-04        2.575863e-21
               92800        1.265940e-04        2.272123e-21
               92900        1.261830e-04        2.078408e-21
               93000        1.263830e-04        1.944159e-21
               93100        1.263000e-04        2.019871e-21
               93200        1.267220e-04        1.916435e-21
               93300        1.360050e-04        1.874538e-21
               93400        1.271470e-04        1.670883e-21
               93500        1.262230e-04        1.580278e-21
               93600        1.264180e-04        1.469414e-21
               93700        1.266030e-04        1.436512e-21
               93800        1.274850e-04        1.353341e-21
               93900        1.299030e-04        1.320526e-21
               94000        1.288000e-04        1.298821e-21
               94100        1.322170e-04        1.208154e-21
               94200        1.338830e-04        1.143812e-21
               94300        1.307080e-04        1.076841e-21
               94400        1.317100e-04        1.025199e-21
               94500        1.345710e-04        9.541315e-22
               94600        1.358790e-04        9.444574e-22
               94700        1.391000e-04        8.752091e-22
               94800        1.346160e-04        8.344365e-22
               94900        1.324990e-04        8.435534e-22
               95000        1.315360e-04        7.778330e-22
               95100        1.299650e-04        7.375584e-22
               95200        1.293920e-04        7.190082e-22
               95300        1.287940e-04        7.089667e-22
               95400        1.279140e-04        6.445875e-22
               95500        1.286690e-04        6.046720e-22
               95600        1.279220e-04        5.709208e-22
               95700        1.270820e-04        5.451412e-22
               95800        1.277510e-04        5.148361e-22
               95900        1.272020e-04        4.731133e-22
               96000        1.274410e-04        4.567796e-22
               96100        1.269800e-04        4.253820e-22
               96200        1.265460e-04        3.877052e-22
               96300        1.268340e-04        3.818281e-22
               96400        1.269040e-04        3.544580e-22
               96500        1.269270e-04        3.331239e-22
               96600        1.276120e-04        3.233359e-22
               96700        1.273060e-04        2.766495e-22
               96800        1.271390e-04        2.841312e-22
               96900        1.270050e-04        2.691534e-22
               97000        1.272600e-04        2.459923e-22
               97100        1.268500e-04        2.465874e-22
               97200        1.270670e-04        2.396357e-22
               97300        1.261910e-04        2.271125e-22
               97400        1.267250e-04        2.212994e-22
               97500        1.281140e-04        2.195997e-22
               97600        1.264250e-04        2.086018e-22
               97700        1.265530e-04        1.990526e-22
               97800        1.259930e-04        1.861357e-22
               97900        1.266180e-04        1.739022e-22
               98000        1.261030e-04        1.668132e-22
               98100        1.266480e-04        1.548654e-22
               98200        1.263220e-04        1.497468e-22
               98300        1.281080e-04        1.440131e-22
               98400        1.270490e-04        1.355178e-22
               98500        1.268480e-04        1.270359e-22
               98600        1.304820e-04        1.224041e-22
               98700        1.272480e-04        1.137711e-22
               98800        1.261460e-04        1.142714e-22
               98900        1.266050e-04        1.093403e-22
               99000        1.266970e-04        1.037111e-22
               99100        1.266640e-04        9.408500e-23
               99200        1.262760e-04        8.835572e-23
               99300        1.266770e-04        8.487220e-23
               99400        1.266940e-04        8.163056e-23
               99500        1.269990e-04        7.954751e-23
               99600        1.268080e-04        7.324269e-23
               99700        1.298030e-04        6.781096e-23
               99800        1.267010e-04        6.610651e-23
               99900        1.266190e-04        5.667788e-23
              100000        1.262540e-04        5.292235e-23
