Period: 100
               Epoch           Time cost                Loss
                 100        1.925950e-04        3.110375e+04
                 200        7.899900e-05        3.110375e+04
                 300        9.868000e-05        1.988923e+04
                 400        5.987000e-05        1.988781e+04
                 500        6.945900e-05        8.962482e+03
                 600        6.893800e-05        8.962482e+03
                 700        8.059500e-05        4.841463e+03
                 800        5.971700e-05        2.316855e+03
                 900        5.913400e-05        2.316851e+03
                1000        5.896500e-05        1.320344e+03
                1100        5.851600e-05        6.819554e+02
                1200        5.926200e-05        6.819633e+02
                1300        5.849300e-05        2.834360e+02
                1400        5.912000e-05        2.834358e+02
                1500        6.043100e-05        1.801610e+02
                1600        5.822100e-05        1.801735e+02
                1700        5.898100e-05        1.036976e+02
                1800        5.816400e-05        1.036972e+02
                1900        5.950500e-05        6.147037e+01
                2000        6.008300e-05        2.744533e+01
                2100        6.412200e-05        2.744533e+01
                2200        6.639800e-05        1.403207e+01
                2300        6.467100e-05        1.402920e+01
                2400        6.517500e-05        7.588387e+00
                2500        5.891800e-05        3.413556e+00
                2600        4.846700e-05        3.413554e+00
                2700        5.366100e-05        1.749196e+00
                2800        4.817300e-05        1.749196e+00
                2900        5.344700e-05        1.110593e+00
                3000        4.808400e-05        1.110593e+00
                3100        5.256200e-05        5.793085e-01
                3200        4.842600e-05        5.792937e-01
                3300        5.217500e-05        3.013075e-01
                3400        4.870100e-05        3.013075e-01
                3500        5.248200e-05        1.446187e-01
                3600        4.883600e-05        7.497105e-02
                3700        5.233800e-05        7.500491e-02
                3800        4.859700e-05        4.178562e-02
                3900        5.226000e-05        4.178589e-02
                4000        4.870200e-05        2.618898e-02
                4100        5.359500e-05        2.618635e-02
                4200        4.945400e-05        1.108625e-02
                4300        5.519300e-05        7.829224e-03
                4400        6.176600e-05        3.407522e-03
                4500        6.541600e-05        2.162039e-03
                4600        6.678900e-05        1.069371e-03
                4700        6.447800e-05        6.113048e-04
                4800        6.485400e-05        2.940492e-04
                4900        5.300200e-05        1.498507e-04
                5000        4.858400e-05        8.641777e-05
                5100        5.239800e-05        4.351711e-05
                5200        4.844700e-05        2.305857e-05
                5300        5.253200e-05        1.202300e-05
                5400        4.843700e-05        7.073292e-06
                5500        5.241400e-05        4.138265e-06
                5600        4.824300e-05        2.802359e-06
                5700        5.249100e-05        1.196914e-06
                5800        4.853600e-05        3.143102e-07
                5900        5.204400e-05        1.367399e-07
                6000        4.856700e-05        1.368095e-07
                6100        5.236000e-05        7.118156e-08
                6200        4.888600e-05        3.482759e-08
                6300        5.182900e-05        3.482759e-08
                6400        4.887000e-05        1.732982e-08
                6500        5.221600e-05        8.441381e-09
                6600        4.820100e-05        8.441381e-09
                6700        5.350500e-05        8.441381e-09
                6800        6.408800e-05        2.463251e-09
                6900        6.620900e-05        1.715675e-09
                7000        4.870600e-05        6.225931e-10
                7100        5.507400e-05        3.823837e-10
                7200        6.417600e-05        1.522714e-10
                7300        6.548500e-05        8.462943e-11
                7400        4.894500e-05        4.207005e-11
                7500        4.907100e-05        2.615374e-11
                7600        6.196900e-05        1.335222e-11
                7700        6.310800e-05        5.623446e-12
                7800        6.398600e-05        3.123279e-12
                7900        4.886400e-05        1.592940e-12
                8000        5.554800e-05        8.696825e-13
                8100        6.334900e-05        3.922712e-13
                8200        7.084200e-05        2.547442e-13
                8300        6.230800e-05        1.084129e-13
                8400        6.470600e-05        6.606359e-14
                8500        4.930200e-05        2.317708e-14
                8600        5.540200e-05        8.980749e-15
                8700        6.113000e-05        8.976942e-15
                8800        6.166100e-05        4.239601e-15
                8900        6.431300e-05        1.764216e-15
                9000        6.289200e-05        7.921299e-16
                9100        6.327200e-05        7.920247e-16
                9200        6.429800e-05        4.155636e-16
                9300        4.906300e-05        4.156451e-16
                9400        7.774000e-05        4.155636e-16
                9500        5.794700e-05        1.652444e-16
                9600        5.791700e-05        7.352585e-17
                9700        5.824700e-05        7.352585e-17
                9800        5.814300e-05        3.510851e-17
                9900        5.876800e-05        1.969059e-17
               10000        5.958000e-05        8.374071e-18
               10100        6.636400e-05        4.161842e-18
               10200        5.851100e-05        4.160824e-18
               10300        5.620200e-05        2.303065e-18
               10400        7.569900e-05        2.301097e-18
               10500        6.096800e-05        1.141692e-18
               10600        6.129400e-05        1.141692e-18
               10700        6.386500e-05        6.881178e-19
               10800        6.779400e-05        6.879551e-19
               10900        7.764800e-05        2.624670e-19
               11000        6.714000e-05        1.091989e-19
               11100        5.272400e-05        1.092057e-19
               11200        5.569700e-05        5.083004e-20
               11300        6.837500e-05        5.083449e-20
               11400        6.605800e-05        2.607311e-20
               11500        6.457400e-05        1.257824e-20
               11600        6.743000e-05        1.257825e-20
               11700        6.553700e-05        7.147989e-21
               11800        7.180200e-05        4.531538e-21
               11900        7.275900e-05        1.563984e-21
               12000        6.942500e-05        7.558214e-22
               12100        6.999500e-05        4.029124e-22
               12200        7.145700e-05        2.185210e-22
               12300        6.726400e-05        1.119275e-22
               12400        6.605900e-05        6.902501e-23
               12500        6.908600e-05        3.987920e-23
               12600        6.601500e-05        2.253954e-23
               12700        6.478700e-05        1.725696e-23
               12800        6.869600e-05        1.035466e-23
               12900        6.821100e-05        5.635874e-24
               13000        6.657300e-05        3.210113e-24
               13100        6.493100e-05        1.525628e-24
               13200        6.502400e-05        7.492837e-25
               13300        6.608800e-05        4.726069e-25
               13400        6.765100e-05        3.291153e-25
               13500        6.678200e-05        3.291153e-25
               13600        6.391600e-05        2.062575e-25
               13700        6.575100e-05        2.062575e-25
               13800        6.602300e-05        9.564584e-26
               13900        5.141900e-05        7.067072e-26
               14000        5.696900e-05        7.067072e-26
               14100        6.534400e-05        7.317970e-26
               14200        6.696700e-05        7.317970e-26
               14300        6.734600e-05        7.625679e-26
               14400        6.658900e-05        6.942531e-26
               14500        6.782500e-05        6.869383e-26
               14600        6.486600e-05        5.618962e-26
               14700        6.851200e-05        8.190886e-26
               14800        6.602000e-05        7.183476e-26
               14900        6.518300e-05        6.504053e-26
               15000        6.721100e-05        5.177729e-26
               15100        6.414600e-05        6.288482e-26
               15200        6.639400e-05        6.288482e-26
               15300        6.650600e-05        7.082629e-26
               15400        5.131500e-05        6.341894e-26
               15500        5.685900e-05        6.341894e-26
               15600        6.911800e-05        7.582146e-26
               15700        6.616500e-05        7.441733e-26
               15800        6.705200e-05        7.441733e-26
               15900        6.692700e-05        6.875485e-26
               16000        6.717700e-05        6.837734e-26
               16100        6.641600e-05        6.837734e-26
               16200        6.577900e-05        5.825141e-26
               16300        6.914000e-05        5.825295e-26
               16400        6.769800e-05        5.969432e-26
               16500        6.255300e-05        6.114685e-26
               16600        6.511800e-05        5.597326e-26
               16700        6.472400e-05        5.839081e-26
               16800        6.504200e-05        4.659742e-26
               16900        6.468900e-05        4.659742e-26
               17000        6.497100e-05        7.429783e-26
               17100        6.495600e-05        5.658943e-26
               17200        6.563700e-05        5.658943e-26
               17300        6.744400e-05        6.925043e-26
               17400        6.692000e-05        6.457698e-26
               17500        6.512300e-05        6.457698e-26
               17600        6.636900e-05        6.477676e-26
               17700        6.592400e-05        6.250038e-26
               17800        6.531800e-05        6.527557e-26
               17900        6.442800e-05        6.061935e-26
               18000        6.512100e-05        7.112404e-26
               18100        6.487800e-05        7.163392e-26
               18200        6.390600e-05        9.102017e-26
               18300        6.691100e-05        7.892526e-26
               18400        6.378100e-05        6.256559e-26
               18500        4.824800e-05        5.802295e-26
               18600        5.591600e-05        5.802295e-26
               18700        6.492200e-05        6.116428e-26
               18800        4.950300e-05        5.295638e-26
               18900        5.528300e-05        5.295638e-26
               19000        6.538300e-05        5.288260e-26
               19100        6.577700e-05        5.562636e-26
               19200        6.471600e-05        5.562636e-26
               19300        6.421000e-05        5.974465e-26
               19400        6.701900e-05        6.267489e-26
               19500        6.724000e-05        8.727406e-26
               19600        6.548800e-05        7.423921e-26
               19700        6.430500e-05        9.089167e-26
               19800        6.524700e-05        6.401186e-26
               19900        6.524700e-05        7.387709e-26
               20000        6.509900e-05        6.414999e-26
               20100        6.673000e-05        6.024561e-26
               20200        6.617800e-05        6.566789e-26
               20300        6.420600e-05        6.690706e-26
               20400        6.358700e-05        5.418304e-26
               20500        6.780700e-05        4.578583e-26
               20600        7.202500e-05        4.675538e-26
               20700        6.417800e-05        4.599821e-26
               20800        6.247900e-05        5.313009e-26
               20900        6.211600e-05        5.229122e-26
               21000        6.303400e-05        4.764093e-26
               21100        6.505500e-05        5.173100e-26
               21200        6.201600e-05        5.625540e-26
               21300        6.656300e-05        4.988130e-26
               21400        6.417700e-05        5.702592e-26
               21500        6.307500e-05        4.954144e-26
               21600        4.914200e-05        7.017955e-26
               21700        5.246000e-05        7.334568e-26
               21800        6.337200e-05        6.708417e-26
               21900        6.255800e-05        6.901716e-26
               22000        6.304800e-05        6.870944e-26
               22100        6.535800e-05        6.722228e-26
               22200        6.913400e-05        7.267203e-26
               22300        6.507900e-05        5.569044e-26
               22400        6.440100e-05        7.187240e-26
               22500        6.301900e-05        5.501680e-26
               22600        6.288700e-05        6.722635e-26
               22700        6.315300e-05        7.441288e-26
               22800        6.571300e-05        8.313711e-26
               22900        7.096900e-05        9.143798e-26
               23000        6.347900e-05        7.326386e-26
               23100        7.454500e-05        6.319471e-26
               23200        5.760100e-05        7.374896e-26
               23300        5.323500e-05        6.458951e-26
               23400        6.484800e-05        6.742986e-26
               23500        6.354300e-05        7.069911e-26
               23600        6.271700e-05        7.677444e-26
               23700        6.422700e-05        8.448440e-26
               23800        6.281400e-05        6.488279e-26
               23900        6.430900e-05        6.253164e-26
               24000        6.197700e-05        6.624714e-26
               24100        6.441400e-05        6.828888e-26
               24200        6.501800e-05        5.511509e-26
               24300        6.370600e-05        7.902228e-26
               24400        5.396900e-05        6.226289e-26
               24500        4.814700e-05        7.375891e-26
               24600        4.996300e-05        7.122549e-26
               24700        4.819100e-05        8.846069e-26
               24800        4.883500e-05        8.773852e-26
               24900        4.787700e-05        8.154857e-26
               25000        5.383700e-05        8.154857e-26
               25100        6.297800e-05        6.603450e-26
               25200        6.196500e-05        6.206555e-26
               25300        6.421900e-05        5.903131e-26
               25400        6.450800e-05        5.903844e-26
               25500        6.292100e-05        6.277877e-26
               25600        6.151700e-05        7.680566e-26
               25700        6.392800e-05        7.503239e-26
               25800        4.903000e-05        6.093834e-26
               25900        5.930400e-05        6.591640e-26
               26000        6.486500e-05        6.998323e-26
               26100        6.571500e-05        5.483603e-26
               26200        6.609500e-05        4.792826e-26
               26300        4.867100e-05        5.329156e-26
               26400        5.713100e-05        5.844824e-26
               26500        6.160700e-05        4.910987e-26
               26600        6.662300e-05        6.276837e-26
               26700        6.299300e-05        7.324700e-26
               26800        4.821500e-05        7.159730e-26
               26900        5.694100e-05        7.158783e-26
               27000        6.281500e-05        6.082040e-26
               27100        6.445200e-05        7.773582e-26
               27200        6.188100e-05        5.936992e-26
               27300        6.111800e-05        6.152468e-26
               27400        6.323600e-05        6.735289e-26
               27500        6.527200e-05        6.179872e-26
               27600        6.312600e-05        5.203406e-26
               27700        4.720800e-05        5.096010e-26
               27800        5.638400e-05        6.171881e-26
               27900        6.473400e-05        6.178775e-26
               28000        6.484900e-05        5.959931e-26
               28100        4.838900e-05        5.340591e-26
               28200        5.720400e-05        5.347296e-26
               28300        6.266000e-05        5.449439e-26
               28400        6.251800e-05        6.491738e-26
               28500        6.247700e-05        6.421194e-26
               28600        6.349800e-05        6.986527e-26
               28700        6.792200e-05        7.445570e-26
               28800        6.398500e-05        7.239537e-26
               28900        6.374500e-05        5.890461e-26
               29000        6.502200e-05        7.351578e-26
               29100        6.396900e-05        6.723364e-26
               29200        6.387300e-05        7.820409e-26
               29300        6.411600e-05        7.262418e-26
               29400        4.827400e-05        5.736608e-26
               29500        5.698600e-05        6.757742e-26
               29600        6.447300e-05        5.188409e-26
               29700        6.594600e-05        5.188409e-26
               29800        6.414500e-05        4.820059e-26
               29900        6.444800e-05        4.703851e-26
               30000        6.389200e-05        4.703851e-26
               30100        6.654200e-05        4.534948e-26
               30200        6.296000e-05        4.613196e-26
               30300        6.687400e-05        6.886958e-26
               30400        6.596300e-05        4.920636e-26
               30500        6.273200e-05        4.920216e-26
               30600        6.589100e-05        5.175232e-26
               30700        6.157300e-05        5.737206e-26
               30800        6.755100e-05        6.986978e-26
               30900        6.424500e-05        8.064906e-26
               31000        6.585300e-05        6.357897e-26
               31100        6.460500e-05        7.195408e-26
               31200        6.442600e-05        7.195408e-26
               31300        4.852000e-05        7.138886e-26
               31400        5.712500e-05        7.159054e-26
               31500        6.193500e-05        7.159054e-26
               31600        6.305900e-05        5.937489e-26
               31700        6.227900e-05        5.937489e-26
               31800        6.392700e-05        5.410819e-26
               31900        6.283500e-05        6.649926e-26
               32000        6.360100e-05        6.649575e-26
               32100        4.783100e-05        5.782265e-26
               32200        5.775300e-05        5.240247e-26
               32300        6.252200e-05        5.094709e-26
               32400        6.341900e-05        4.507208e-26
               32500        6.258800e-05        7.586557e-26
               32600        4.834700e-05        7.285663e-26
               32700        5.721800e-05        5.518592e-26
               32800        6.375500e-05        5.991691e-26
               32900        6.204000e-05        5.500537e-26
               33000        5.668600e-05        5.952952e-26
               33100        4.784500e-05        5.952952e-26
               33200        5.373500e-05        5.710124e-26
               33300        4.784800e-05        4.495826e-26
               33400        5.335300e-05        4.477229e-26
               33500        4.870300e-05        5.955455e-26
               33600        5.614000e-05        6.297066e-26
               33700        6.354100e-05        5.640748e-26
               33800        6.323500e-05        5.300455e-26
               33900        6.274200e-05        4.581504e-26
               34000        6.290100e-05        5.349537e-26
               34100        4.793500e-05        5.078045e-26
               34200        5.758000e-05        4.355811e-26
               34300        6.311700e-05        6.222454e-26
               34400        6.416300e-05        7.200575e-26
               34500        6.333300e-05        5.904563e-26
               34600        6.424800e-05        5.904563e-26
               34700        6.387000e-05        6.152004e-26
               34800        6.522200e-05        7.085460e-26
               34900        6.400400e-05        8.376688e-26
               35000        6.449500e-05        6.023035e-26
               35100        6.377900e-05        6.363154e-26
               35200        6.619900e-05        6.363154e-26
               35300        6.397900e-05        5.567238e-26
               35400        6.528200e-05        5.828744e-26
               35500        6.292100e-05        5.824632e-26
               35600        5.232700e-05        4.914632e-26
               35700        5.707300e-05        5.421918e-26
               35800        5.738400e-05        7.295813e-26
               35900        5.537800e-05        9.057112e-26
               36000        5.445600e-05        6.661109e-26
               36100        5.528800e-05        6.761366e-26
               36200        5.546100e-05        7.089184e-26
               36300        5.435800e-05        7.561461e-26
               36400        5.631900e-05        6.160552e-26
               36500        5.685100e-05        6.353894e-26
               36600        4.838200e-05        6.472474e-26
               36700        7.596500e-05        4.990927e-26
               36800        4.864400e-05        4.990927e-26
               36900        7.667600e-05        6.278527e-26
               37000        5.448800e-05        6.378095e-26
               37100        5.525500e-05        6.920988e-26
               37200        5.449900e-05        6.650178e-26
               37300        6.565500e-05        6.525456e-26
               37400        5.436900e-05        5.529495e-26
               37500        5.482500e-05        6.193776e-26
               37600        5.517700e-05        6.193776e-26
               37700        4.812400e-05        6.238094e-26
               37800        7.698000e-05        7.266762e-26
               37900        6.414600e-05        7.182233e-26
               38000        5.613000e-05        5.430902e-26
               38100        5.455800e-05        6.887160e-26
               38200        5.708400e-05        6.887160e-26
               38300        5.701000e-05        6.878476e-26
               38400        7.546300e-05        4.898027e-26
               38500        6.467700e-05        5.684227e-26
               38600        6.518700e-05        6.258615e-26
               38700        6.270900e-05        5.562928e-26
               38800        6.396300e-05        5.338808e-26
               38900        6.372500e-05        5.243261e-26
               39000        6.311900e-05        5.306427e-26
               39100        6.376000e-05        7.482945e-26
               39200        6.092800e-05        5.972184e-26
               39300        7.028500e-05        6.112702e-26
               39400        7.054500e-05        7.150581e-26
               39500        6.943500e-05        6.021901e-26
               39600        6.791400e-05        4.954028e-26
               39700        6.856600e-05        5.730980e-26
               39800        6.571400e-05        5.985891e-26
               39900        6.377300e-05        6.680423e-26
               40000        6.518200e-05        7.789009e-26
               40100        6.761300e-05        7.181687e-26
               40200        6.245100e-05        6.554202e-26
               40300        1.036350e-04        5.775305e-26
               40400        6.352300e-05        6.560356e-26
               40500        6.367100e-05        6.142157e-26
               40600        6.478800e-05        6.106650e-26
               40700        6.515000e-05        5.895937e-26
               40800        6.176000e-05        6.738521e-26
               40900        6.152100e-05        7.446274e-26
               41000        6.291800e-05        6.968909e-26
               41100        6.348900e-05        5.920737e-26
               41200        6.472400e-05        6.080330e-26
               41300        6.193100e-05        7.012161e-26
               41400        6.312900e-05        6.331214e-26
               41500        6.272700e-05        6.331214e-26
               41600        6.063300e-05        7.130186e-26
               41700        6.385500e-05        7.282109e-26
               41800        6.115100e-05        8.305539e-26
               41900        6.355100e-05        6.118764e-26
               42000        6.270700e-05        5.020567e-26
               42100        6.147000e-05        4.707983e-26
               42200        6.108100e-05        4.758911e-26
               42300        6.166900e-05        4.753784e-26
               42400        6.338100e-05        5.665919e-26
               42500        6.282200e-05        5.014187e-26
               42600        6.346800e-05        7.342207e-26
               42700        6.142800e-05        5.520950e-26
               42800        6.345300e-05        4.827339e-26
               42900        6.203100e-05        4.827339e-26
               43000        6.212600e-05        5.948595e-26
               43100        6.455700e-05        5.999191e-26
               43200        6.426800e-05        5.946631e-26
               43300        6.543800e-05        6.261267e-26
               43400        6.506300e-05        7.437033e-26
               43500        6.737500e-05        7.034905e-26
               43600        6.879100e-05        6.610340e-26
               43700        6.671600e-05        5.987070e-26
               43800        6.458500e-05        5.314634e-26
               43900        6.524200e-05        5.313135e-26
               44000        6.561300e-05        6.233898e-26
               44100        6.493600e-05        7.256925e-26
               44200        6.590500e-05        6.138503e-26
               44300        6.559500e-05        7.608546e-26
               44400        6.361400e-05        6.598699e-26
               44500        6.322300e-05        6.413920e-26
               44600        6.261600e-05        4.605096e-26
               44700        6.460800e-05        4.827668e-26
               44800        4.790700e-05        5.087388e-26
               44900        5.577900e-05        4.895424e-26
               45000        4.899800e-05        4.953272e-26
               45100        5.541200e-05        5.624178e-26
               45200        6.332800e-05        5.487863e-26
               45300        6.189700e-05        6.011958e-26
               45400        6.294000e-05        7.362129e-26
               45500        6.254700e-05        7.158376e-26
               45600        6.349900e-05        7.011992e-26
               45700        4.869200e-05        6.743811e-26
               45800        5.586200e-05        7.474609e-26
               45900        6.310100e-05        5.482126e-26
               46000        6.453700e-05        5.539163e-26
               46100        6.360400e-05        5.955409e-26
               46200        6.339400e-05        8.956479e-26
               46300        4.809100e-05        9.846029e-26
               46400        5.573400e-05        7.511383e-26
               46500        6.167500e-05        6.646756e-26
               46600        6.205300e-05        7.364479e-26
               46700        6.352800e-05        7.015704e-26
               46800        4.851100e-05        7.813131e-26
               46900        7.308800e-05        7.412870e-26
               47000        6.313400e-05        6.212231e-26
               47100        6.087700e-05        5.815179e-26
               47200        5.975500e-05        5.875290e-26
               47300        6.155000e-05        5.864773e-26
               47400        5.954700e-05        8.429637e-26
               47500        6.242600e-05        5.836936e-26
               47600        6.601900e-05        5.840214e-26
               47700        6.294600e-05        5.239682e-26
               47800        6.310500e-05        5.008385e-26
               47900        6.027400e-05        5.307757e-26
               48000        6.311200e-05        5.688460e-26
               48100        6.255200e-05        5.832707e-26
               48200        6.082700e-05        4.986111e-26
               48300        6.102800e-05        4.935975e-26
               48400        6.052500e-05        4.860041e-26
               48500        6.118800e-05        3.603213e-26
               48600        4.871700e-05        4.517102e-26
               48700        5.614400e-05        5.156557e-26
               48800        6.063200e-05        5.473170e-26
               48900        6.324900e-05        5.473170e-26
               49000        6.410900e-05        6.397218e-26
               49100        6.642900e-05        6.527679e-26
               49200        6.321800e-05        5.476885e-26
               49300        6.565200e-05        6.468630e-26
               49400        5.593200e-05        4.833239e-26
               49500        4.921100e-05        5.020036e-26
               49600        5.340600e-05        4.788894e-26
               49700        4.949600e-05        5.240122e-26
               49800        5.355700e-05        5.240122e-26
               49900        4.899400e-05        6.045799e-26
               50000        5.635000e-05        5.686551e-26
               50100        6.353000e-05        6.293656e-26
               50200        6.289700e-05        6.380505e-26
               50300        6.375600e-05        6.380234e-26
               50400        6.197500e-05        6.333715e-26
               50500        6.433500e-05        6.022425e-26
               50600        6.354500e-05        6.125615e-26
               50700        6.424400e-05        6.125615e-26
               50800        4.861600e-05        5.966969e-26
               50900        5.754600e-05        6.121367e-26
               51000        6.728900e-05        5.830302e-26
               51100        6.172000e-05        4.952982e-26
               51200        6.360300e-05        4.809121e-26
               51300        4.869500e-05        5.171052e-26
               51400        5.595700e-05        5.171052e-26
               51500        6.104800e-05        4.906291e-26
               51600        6.280600e-05        4.906291e-26
               51700        6.297700e-05        6.212215e-26
               51800        6.434500e-05        5.709751e-26
               51900        6.235300e-05        5.687142e-26
               52000        6.132000e-05        5.281305e-26
               52100        4.869500e-05        5.432912e-26
               52200        5.584900e-05        5.204095e-26
               52300        6.127700e-05        5.200894e-26
               52400        6.170000e-05        5.306892e-26
               52500        6.249400e-05        4.740858e-26
               52600        6.306600e-05        5.073760e-26
               52700        6.231400e-05        5.203314e-26
               52800        6.272200e-05        5.609659e-26
               52900        6.202700e-05        5.574493e-26
               53000        6.163900e-05        7.465601e-26
               53100        6.375800e-05        6.965198e-26
               53200        6.144800e-05        6.375454e-26
               53300        6.290800e-05        6.755342e-26
               53400        4.863100e-05        4.578472e-26
               53500        5.594000e-05        5.885670e-26
               53600        6.104900e-05        5.884651e-26
               53700        6.624800e-05        6.173132e-26
               53800        6.336500e-05        6.080280e-26
               53900        6.354500e-05        5.907068e-26
               54000        4.927200e-05        5.535698e-26
               54100        5.531800e-05        5.738137e-26
               54200        6.119400e-05        6.477866e-26
               54300        5.369900e-05        7.068577e-26
               54400        4.964300e-05        6.689051e-26
               54500        5.670100e-05        7.068913e-26
               54600        6.254800e-05        6.997869e-26
               54700        6.200100e-05        5.451193e-26
               54800        6.196200e-05        4.442012e-26
               54900        6.431800e-05        5.017280e-26
               55000        6.517800e-05        5.017280e-26
               55100        6.214800e-05        4.945781e-26
               55200        6.363200e-05        5.451600e-26
               55300        6.183700e-05        6.568102e-26
               55400        6.247500e-05        6.339818e-26
               55500        6.492500e-05        6.620469e-26
               55600        6.654100e-05        7.471759e-26
               55700        6.359000e-05        7.694609e-26
               55800        4.855500e-05        4.958063e-26
               55900        5.482300e-05        4.722762e-26
               56000        6.319500e-05        5.424578e-26
               56100        5.930600e-05        6.260673e-26
               56200        6.165700e-05        7.981689e-26
               56300        6.218700e-05        6.898822e-26
               56400        6.250100e-05        6.898822e-26
               56500        6.168000e-05        6.909172e-26
               56600        6.231100e-05        4.943215e-26
               56700        6.299900e-05        6.458812e-26
               56800        6.153400e-05        7.456829e-26
               56900        6.354800e-05        6.432440e-26
               57000        6.320600e-05        5.384977e-26
               57100        7.344500e-05        5.301189e-26
               57200        6.069700e-05        4.726636e-26
               57300        6.274900e-05        5.555042e-26
               57400        6.183400e-05        5.070380e-26
               57500        6.394600e-05        5.867446e-26
               57600        4.962700e-05        6.458003e-26
               57700        5.655800e-05        5.596496e-26
               57800        5.478500e-05        4.464075e-26
               57900        4.874300e-05        4.254359e-26
               58000        5.341700e-05        4.619046e-26
               58100        4.848700e-05        5.027114e-26
               58200        5.352200e-05        5.167337e-26
               58300        4.828800e-05        5.514651e-26
               58400        5.522100e-05        5.244313e-26
               58500        6.179300e-05        5.871812e-26
               58600        6.312800e-05        5.869919e-26
               58700        6.462300e-05        5.410112e-26
               58800        6.462800e-05        5.124875e-26
               58900        6.313600e-05        5.805773e-26
               59000        6.366100e-05        6.440687e-26
               59100        6.213000e-05        6.543176e-26
               59200        6.704000e-05        6.723848e-26
               59300        6.407900e-05        6.098986e-26
               59400        6.522600e-05        7.101424e-26
               59500        6.338900e-05        7.509288e-26
               59600        6.347500e-05        6.469116e-26
               59700        6.565200e-05        7.073922e-26
               59800        6.181900e-05        7.119868e-26
               59900        6.243900e-05        6.407240e-26
               60000        6.186300e-05        6.407240e-26
               60100        6.260100e-05        6.884075e-26
               60200        4.915600e-05        7.603448e-26
               60300        5.664200e-05        8.200662e-26
               60400        6.249500e-05        6.343858e-26
               60500        6.097500e-05        5.053743e-26
               60600        6.039300e-05        4.679823e-26
               60700        6.306600e-05        6.491627e-26
               60800        6.518800e-05        5.790492e-26
               60900        6.175800e-05        5.790492e-26
               61000        6.288500e-05        5.793252e-26
               61100        6.145500e-05        5.000013e-26
               61200        6.235300e-05        4.896386e-26
               61300        6.407000e-05        4.790401e-26
               61400        6.535700e-05        4.504499e-26
               61500        6.439200e-05        4.032614e-26
               61600        6.379600e-05        4.826185e-26
               61700        6.376900e-05        5.306170e-26
               61800        6.561000e-05        5.306170e-26
               61900        6.393200e-05        5.201050e-26
               62000        6.538900e-05        5.728099e-26
               62100        6.262800e-05        7.044428e-26
               62200        6.103500e-05        7.271321e-26
               62300        6.231800e-05        6.991029e-26
               62400        6.528600e-05        7.434789e-26
               62500        4.924000e-05        6.729938e-26
               62600        5.772200e-05        6.144376e-26
               62700        6.138200e-05        6.369777e-26
               62800        6.181500e-05        7.063062e-26
               62900        6.389800e-05        9.153740e-26
               63000        6.211700e-05        6.841412e-26
               63100        6.183700e-05        5.264655e-26
               63200        6.176000e-05        5.263027e-26
               63300        6.411900e-05        5.183450e-26
               63400        6.148700e-05        5.263278e-26
               63500        5.390800e-05        6.399709e-26
               63600        5.676400e-05        7.333721e-26
               63700        5.627400e-05        7.026093e-26
               63800        5.460300e-05        7.893540e-26
               63900        5.595000e-05        7.295317e-26
               64000        5.616100e-05        6.745220e-26
               64100        5.624500e-05        7.559597e-26
               64200        5.664600e-05        6.158663e-26
               64300        5.456700e-05        6.869546e-26
               64400        5.595200e-05        7.532114e-26
               64500        5.599200e-05        6.895330e-26
               64600        5.642400e-05        7.231693e-26
               64700        5.666800e-05        6.843482e-26
               64800        4.907700e-05        5.030122e-26
               64900        7.363000e-05        5.368573e-26
               65000        5.436000e-05        5.029283e-26
               65100        5.609000e-05        5.952748e-26
               65200        8.938500e-05        4.987626e-26
               65300        5.476200e-05        6.177371e-26
               65400        5.669700e-05        6.116955e-26
               65500        5.351500e-05        5.683152e-26
               65600        6.727100e-05        6.412756e-26
               65700        5.764800e-05        7.111175e-26
               65800        5.039900e-05        7.471152e-26
               65900        7.549100e-05        6.109666e-26
               66000        5.804400e-05        5.240572e-26
               66100        6.277000e-05        5.240572e-26
               66200        7.388500e-05        4.551178e-26
               66300        6.397900e-05        6.560671e-26
               66400        6.162500e-05        6.082362e-26
               66500        5.789100e-05        6.082362e-26
               66600        5.129100e-05        6.829885e-26
               66700        5.447300e-05        6.281852e-26
               66800        5.050200e-05        6.284952e-26
               66900        6.517900e-05        6.520494e-26
               67000        6.727000e-05        8.183390e-26
               67100        6.512900e-05        6.645721e-26
               67200        7.282400e-05        5.888260e-26
               67300        7.044100e-05        6.284674e-26
               67400        7.344300e-05        6.736335e-26
               67500        7.023600e-05        6.439835e-26
               67600        5.813300e-05        5.191085e-26
               67700        6.450600e-05        6.461931e-26
               67800        6.367600e-05        5.041252e-26
               67900        6.353400e-05        4.821532e-26
               68000        6.228700e-05        5.399761e-26
               68100        5.033000e-05        6.299528e-26
               68200        5.504800e-05        5.196260e-26
               68300        6.422900e-05        6.056031e-26
               68400        6.340100e-05        5.524696e-26
               68500        6.598500e-05        5.778006e-26
               68600        6.591300e-05        5.116016e-26
               68700        6.355800e-05        5.672148e-26
               68800        6.837900e-05        6.131699e-26
               68900        5.151100e-05        6.320189e-26
               69000        5.743300e-05        5.605625e-26
               69100        6.254500e-05        5.007260e-26
               69200        6.277100e-05        5.028066e-26
               69300        4.920700e-05        5.485103e-26
               69400        5.517300e-05        4.914233e-26
               69500        6.486300e-05        5.501706e-26
               69600        6.310700e-05        4.944211e-26
               69700        6.393400e-05        5.405271e-26
               69800        6.314900e-05        5.223521e-26
               69900        6.362300e-05        5.304119e-26
               70000        6.551500e-05        6.464587e-26
               70100        6.317200e-05        6.007795e-26
               70200        6.560900e-05        5.276179e-26
               70300        6.611000e-05        5.274602e-26
               70400        4.973400e-05        5.451959e-26
               70500        6.248700e-05        5.453546e-26
               70600        6.531900e-05        5.304991e-26
               70700        6.470200e-05        5.560184e-26
               70800        5.056900e-05        5.559354e-26
               70900        5.661200e-05        5.945350e-26
               71000        6.256300e-05        6.800527e-26
               71100        6.405200e-05        6.612069e-26
               71200        5.002000e-05        8.023751e-26
               71300        5.602500e-05        8.029854e-26
               71400        6.448800e-05        7.757877e-26
               71500        6.385300e-05        6.677148e-26
               71600        6.493200e-05        6.278800e-26
               71700        6.376300e-05        7.694993e-26
               71800        6.507100e-05        7.193392e-26
               71900        5.248200e-05        5.903117e-26
               72000        5.706600e-05        5.903117e-26
               72100        6.218100e-05        5.853193e-26
               72200        6.124400e-05        6.241470e-26
               72300        5.009500e-05        6.078730e-26
               72400        5.424700e-05        5.919119e-26
               72500        4.955400e-05        5.919119e-26
               72600        5.440200e-05        7.779698e-26
               72700        4.953500e-05        6.171734e-26
               72800        5.592900e-05        5.261873e-26
               72900        6.710200e-05        5.060434e-26
               73000        4.955600e-05        5.025749e-26
               73100        5.757600e-05        5.025749e-26
               73200        6.623100e-05        7.646808e-26
               73300        6.491700e-05        7.778180e-26
               73400        6.513200e-05        7.778890e-26
               73500        6.344300e-05        6.607671e-26
               73600        6.693900e-05        6.287922e-26
               73700        6.241400e-05        6.313133e-26
               73800        6.442800e-05        5.537235e-26
               73900        6.614800e-05        5.707501e-26
               74000        6.747000e-05        6.368977e-26
               74100        6.336800e-05        5.372268e-26
               74200        5.489000e-05        4.967470e-26
               74300        4.958000e-05        6.762527e-26
               74400        5.368300e-05        8.083207e-26
               74500        4.897400e-05        7.281943e-26
               74600        5.334600e-05        7.442673e-26
               74700        4.956400e-05        7.719961e-26
               74800        5.572100e-05        7.719961e-26
               74900        6.096000e-05        7.647191e-26
               75000        6.324400e-05        7.698670e-26
               75100        6.430300e-05        5.292860e-26
               75200        6.488500e-05        5.536855e-26
               75300        6.509200e-05        5.536855e-26
               75400        6.473400e-05        7.754368e-26
               75500        6.513900e-05        7.890291e-26
               75600        6.328900e-05        6.412176e-26
               75700        6.649200e-05        6.889044e-26
               75800        6.397900e-05        6.984268e-26
               75900        6.711200e-05        8.113361e-26
               76000        4.976000e-05        7.446725e-26
               76100        5.643700e-05        7.877472e-26
               76200        6.319500e-05        7.877472e-26
               76300        6.638800e-05        6.611865e-26
               76400        6.383800e-05        6.559016e-26
               76500        4.973100e-05        5.665883e-26
               76600        5.666500e-05        5.070290e-26
               76700        6.468600e-05        5.288925e-26
               76800        4.993400e-05        5.363611e-26
               76900        5.694700e-05        6.532227e-26
               77000        6.513100e-05        6.532227e-26
               77100        6.272200e-05        6.820645e-26
               77200        6.411900e-05        7.279770e-26
               77300        6.395400e-05        5.855431e-26
               77400        6.444000e-05        5.855431e-26
               77500        6.338200e-05        6.047840e-26
               77600        6.421900e-05        6.036576e-26
               77700        6.386100e-05        5.883066e-26
               77800        6.348900e-05        6.630258e-26
               77900        6.236800e-05        6.630258e-26
               78000        6.324100e-05        6.481416e-26
               78100        6.355400e-05        5.484419e-26
               78200        5.030400e-05        4.982045e-26
               78300        5.687500e-05        4.142350e-26
               78400        6.566700e-05        4.142350e-26
               78500        4.972600e-05        5.083053e-26
               78600        5.672900e-05        5.507676e-26
               78700        6.546300e-05        5.788507e-26
               78800        6.406000e-05        5.790582e-26
               78900        6.568800e-05        5.944861e-26
               79000        6.284800e-05        5.484328e-26
               79100        6.550400e-05        4.690877e-26
               79200        6.434300e-05        4.690877e-26
               79300        5.496100e-05        4.397126e-26
               79400        5.022400e-05        4.827968e-26
               79500        5.288500e-05        4.449596e-26
               79600        4.908700e-05        5.460135e-26
               79700        5.337900e-05        5.990657e-26
               79800        4.979500e-05        7.608148e-26
               79900        5.311300e-05        6.621343e-26
               80000        5.003900e-05        5.969996e-26
               80100        5.557500e-05        5.568879e-26
               80200        6.159100e-05        8.125030e-26
               80300        6.667100e-05        8.125030e-26
               80400        6.361300e-05        7.504976e-26
               80500        6.657500e-05        6.682075e-26
               80600        6.218700e-05        6.682075e-26
               80700        6.333400e-05        5.111220e-26
               80800        6.431000e-05        4.635062e-26
               80900        6.549000e-05        6.322090e-26
               81000        6.700400e-05        5.628240e-26
               81100        5.637500e-05        5.628240e-26
               81200        5.654700e-05        5.586098e-26
               81300        7.296400e-05        5.627280e-26
               81400        7.707900e-05        5.633354e-26
               81500        6.277100e-05        5.793410e-26
               81600        6.315500e-05        5.621772e-26
               81700        6.249500e-05        6.725189e-26
               81800        5.001100e-05        7.890970e-26
               81900        5.711300e-05        7.742673e-26
               82000        6.554600e-05        8.448898e-26
               82100        6.454400e-05        9.008063e-26
               82200        6.390300e-05        7.396384e-26
               82300        6.616500e-05        6.148490e-26
               82400        6.491000e-05        7.376276e-26
               82500        6.301900e-05        6.772553e-26
               82600        6.564800e-05        5.198625e-26
               82700        5.011000e-05        6.085028e-26
               82800        5.497200e-05        6.085028e-26
               82900        6.192500e-05        6.754020e-26
               83000        6.289900e-05        5.635545e-26
               83100        6.510800e-05        6.177919e-26
               83200        6.316000e-05        5.461631e-26
               83300        6.468300e-05        5.611510e-26
               83400        6.451100e-05        5.791557e-26
               83500        4.997600e-05        5.477876e-26
               83600        5.539100e-05        5.475351e-26
               83700        6.604600e-05        5.407139e-26
               83800        5.593100e-05        5.306485e-26
               83900        5.030700e-05        6.724508e-26
               84000        5.314300e-05        7.627275e-26
               84100        4.965200e-05        7.779469e-26
               84200        5.328100e-05        7.138529e-26
               84300        5.048700e-05        6.799944e-26
               84400        5.468600e-05        6.387191e-26
               84500        6.259900e-05        6.886201e-26
               84600        6.448900e-05        6.886201e-26
               84700        6.357200e-05        7.279807e-26
               84800        6.277500e-05        7.149254e-26
               84900        6.405100e-05        6.820101e-26
               85000        6.441600e-05        7.666038e-26
               85100        6.453300e-05        7.666038e-26
               85200        6.358600e-05        8.548171e-26
               85300        6.325800e-05        7.817458e-26
               85400        6.456200e-05        6.193918e-26
               85500        6.288000e-05        5.016737e-26
               85600        6.379900e-05        5.016737e-26
               85700        6.457700e-05        5.693141e-26
               85800        6.451200e-05        6.585498e-26
               85900        6.602500e-05        6.585498e-26
               86000        6.397000e-05        6.523617e-26
               86100        6.237600e-05        5.505817e-26
               86200        6.485200e-05        5.505817e-26
               86300        6.275000e-05        5.136614e-26
               86400        6.411500e-05        5.746250e-26
               86500        6.419800e-05        5.746250e-26
               86600        6.369600e-05        5.048269e-26
               86700        6.658100e-05        4.895882e-26
               86800        6.682600e-05        4.895882e-26
               86900        6.535400e-05        5.941433e-26
               87000        6.541800e-05        6.622045e-26
               87100        6.581000e-05        5.732362e-26
               87200        6.277600e-05        5.908246e-26
               87300        6.438200e-05        5.131733e-26
               87400        6.282000e-05        5.215423e-26
               87500        6.374200e-05        5.215423e-26
               87600        6.322000e-05        5.215423e-26
               87700        6.512700e-05        7.081227e-26
               87800        6.582900e-05        6.216610e-26
               87900        6.769900e-05        6.216610e-26
               88000        6.473200e-05        5.639677e-26
               88100        6.651000e-05        4.706946e-26
               88200        6.230200e-05        5.762831e-26
               88300        6.486300e-05        4.988947e-26
               88400        6.412900e-05        4.406106e-26
               88500        4.935300e-05        4.818874e-26
               88600        5.743700e-05        5.187893e-26
               88700        6.764000e-05        5.177874e-26
               88800        4.993100e-05        4.886868e-26
               88900        5.752000e-05        5.077701e-26
               89000        6.133500e-05        5.138832e-26
               89100        6.233600e-05        5.250101e-26
               89200        5.462500e-05        5.442116e-26
               89300        4.959600e-05        6.301724e-26
               89400        5.365700e-05        4.464745e-26
               89500        4.935500e-05        4.464745e-26
               89600        5.368700e-05        5.073018e-26
               89700        4.984200e-05        8.432864e-26
               89800        5.363100e-05        7.722888e-26
               89900        5.013800e-05        6.617290e-26
               90000        5.742400e-05        6.677910e-26
               90100        6.438200e-05        5.990013e-26
               90200        6.323000e-05        6.474446e-26
               90300        5.002600e-05        6.303060e-26
               90400        5.815900e-05        7.343581e-26
               90500        6.300500e-05        7.426315e-26
               90600        6.205200e-05        7.426315e-26
               90700        6.551400e-05        9.014134e-26
               90800        6.304100e-05        6.639920e-26
               90900        6.687400e-05        5.582991e-26
               91000        6.481300e-05        6.467355e-26
               91100        6.406000e-05        8.842722e-26
               91200        6.606400e-05        8.842722e-26
               91300        6.966000e-05        7.021346e-26
               91400        5.537700e-05        5.701450e-26
               91500        4.998200e-05        5.880695e-26
               91600        5.386200e-05        6.139565e-26
               91700        4.990300e-05        6.106430e-26
               91800        5.385400e-05        5.632431e-26
               91900        4.854000e-05        5.599254e-26
               92000        5.169400e-05        5.209527e-26
               92100        5.192300e-05        5.715270e-26
               92200        5.188700e-05        4.678598e-26
               92300        5.221900e-05        6.634132e-26
               92400        5.216200e-05        6.719308e-26
               92500        5.178000e-05        6.396438e-26
               92600        5.859400e-05        6.263935e-26
               92700        8.437700e-05        6.311635e-26
               92800        1.032710e-04        5.959770e-26
               92900        1.033690e-04        5.984056e-26
               93000        8.496300e-05        5.569832e-26
               93100        8.565900e-05        6.649102e-26
               93200        8.580400e-05        6.075399e-26
               93300        8.576200e-05        6.308275e-26
               93400        8.510500e-05        6.308275e-26
               93500        8.551700e-05        7.801021e-26
               93600        8.542700e-05        5.123466e-26
               93700        8.597400e-05        6.606535e-26
               93800        8.586200e-05        7.063648e-26
               93900        8.025300e-05        7.456719e-26
               94000        8.502500e-05        5.861844e-26
               94100        7.015000e-05        4.929226e-26
               94200        8.791100e-05        4.929226e-26
               94300        8.202700e-05        5.767597e-26
               94400        5.922200e-05        5.767597e-26
               94500        5.190200e-05        6.238909e-26
               94600        4.950000e-05        6.031498e-26
               94700        5.279500e-05        5.706500e-26
               94800        5.295700e-05        6.972663e-26
               94900        4.636100e-05        7.057858e-26
               95000        4.682600e-05        7.209334e-26
               95100        5.524300e-05        6.233537e-26
               95200        5.302900e-05        5.430768e-26
               95300        5.219500e-05        5.390934e-26
               95400        5.291900e-05        6.916221e-26
               95500        5.245400e-05        6.916221e-26
               95600        5.238700e-05        7.766763e-26
               95700        5.322300e-05        6.416685e-26
               95800        5.247700e-05        6.416685e-26
               95900        5.303500e-05        5.915122e-26
               96000        4.767900e-05        5.944625e-26
               96100        5.253300e-05        6.351330e-26
               96200        5.073200e-05        6.428251e-26
               96300        5.307400e-05        7.568829e-26
               96400        5.273400e-05        6.160844e-26
               96500        5.214400e-05        4.636000e-26
               96600        5.230100e-05        6.832522e-26
               96700        5.283200e-05        6.832522e-26
               96800        5.204200e-05        5.266128e-26
               96900        5.188500e-05        5.169637e-26
               97000        4.576500e-05        5.814593e-26
               97100        5.229700e-05        6.484937e-26
               97200        5.279800e-05        5.972450e-26
               97300        5.191000e-05        4.532538e-26
               97400        5.223600e-05        4.628218e-26
               97500        5.224400e-05        5.983460e-26
               97600        5.152000e-05        6.236555e-26
               97700        5.176200e-05        6.218077e-26
               97800        5.124600e-05        5.291461e-26
               97900        5.170300e-05        5.391837e-26
               98000        5.157800e-05        7.009275e-26
               98100        5.171400e-05        6.432905e-26
               98200        5.197300e-05        5.566543e-26
               98300        5.266100e-05        6.965579e-26
               98400        5.133600e-05        6.514553e-26
               98500        5.196000e-05        5.564075e-26
               98600        5.184000e-05        6.492546e-26
               98700        5.207000e-05        6.811604e-26
               98800        5.196800e-05        6.659244e-26
               98900        4.557600e-05        6.159437e-26
               99000        5.203000e-05        6.519137e-26
               99100        5.241800e-05        6.303774e-26
               99200        5.188700e-05        7.679199e-26
               99300        5.178200e-05        6.798545e-26
               99400        5.216600e-05        6.177923e-26
               99500        5.232500e-05        5.975317e-26
               99600        5.135400e-05        6.422775e-26
               99700        5.138400e-05        7.500515e-26
               99800        5.164900e-05        7.865028e-26
               99900        4.681300e-05        7.317438e-26
              100000        5.248700e-05        9.274139e-26
