Period: 100
               Epoch           Time cost                Loss
                 100        2.259220e-04        7.507991e+05
                 200        1.709800e-04        6.872344e+05
                 300        2.057520e-04        6.418470e+05
                 400        1.657540e-04        5.210005e+05
                 500        1.915860e-04        4.360994e+05
                 600        1.996540e-04        4.361060e+05
                 700        1.949010e-04        3.701515e+05
                 800        1.932320e-04        3.701515e+05
                 900        1.913040e-04        3.310502e+05
                1000        1.912340e-04        3.310502e+05
                1100        2.026500e-04        2.939944e+05
                1200        1.994210e-04        2.939944e+05
                1300        2.047360e-04        2.539273e+05
                1400        1.987430e-04        2.539273e+05
                1500        1.987450e-04        2.314163e+05
                1600        1.973560e-04        2.314158e+05
                1700        2.067180e-04        2.005341e+05
                1800        1.853000e-04        2.005305e+05
                1900        1.929500e-04        1.821750e+05
                2000        1.900820e-04        1.821750e+05
                2100        1.846460e-04        1.593897e+05
                2200        2.053050e-04        1.593897e+05
                2300        1.912430e-04        1.392046e+05
                2400        1.934440e-04        1.392046e+05
                2500        2.064950e-04        1.221303e+05
                2600        1.938930e-04        1.221296e+05
                2700        1.935310e-04        1.051395e+05
                2800        1.943590e-04        1.051377e+05
                2900        1.918920e-04        9.496493e+04
                3000        1.944950e-04        9.496377e+04
                3100        1.901010e-04        8.122627e+04
                3200        1.916730e-04        8.122662e+04
                3300        1.894220e-04        7.310647e+04
                3400        2.182380e-04        7.310647e+04
                3500        1.934250e-04        6.339914e+04
                3600        1.949740e-04        6.339906e+04
                3700        1.781830e-04        5.618329e+04
                3800        1.913050e-04        5.069986e+04
                3900        1.950940e-04        5.069986e+04
                4000        1.895410e-04        4.329174e+04
                4100        1.930350e-04        4.329185e+04
                4200        2.020250e-04        3.850588e+04
                4300        1.905850e-04        3.850588e+04
                4400        1.887640e-04        3.243819e+04
                4500        1.879790e-04        3.243819e+04
                4600        1.917090e-04        2.955147e+04
                4700        1.917480e-04        2.955147e+04
                4800        1.903310e-04        2.632510e+04
                4900        1.903220e-04        2.632500e+04
                5000        1.910030e-04        2.372498e+04
                5100        1.925700e-04        2.372498e+04
                5200        1.863880e-04        2.022202e+04
                5300        1.914530e-04        2.022202e+04
                5400        1.900610e-04        1.817277e+04
                5500        1.865940e-04        1.817277e+04
                5600        2.078750e-04        1.631702e+04
                5700        1.966870e-04        1.631702e+04
                5800        2.911760e-04        1.459700e+04
                5900        1.912450e-04        1.459700e+04
                6000        1.917660e-04        1.277341e+04
                6100        1.881040e-04        1.277348e+04
                6200        1.937430e-04        1.107371e+04
                6300        1.890350e-04        1.107367e+04
                6400        1.933440e-04        9.626479e+03
                6500        1.881280e-04        9.626479e+03
                6600        1.899600e-04        8.361692e+03
                6700        1.887950e-04        8.361692e+03
                6800        1.913670e-04        7.373953e+03
                6900        1.893560e-04        7.373894e+03
                7000        1.893160e-04        6.044233e+03
                7100        1.917990e-04        6.044233e+03
                7200        1.907270e-04        5.373188e+03
                7300        1.903960e-04        5.373166e+03
                7400        1.916740e-04        4.814729e+03
                7500        1.886340e-04        4.814729e+03
                7600        1.950700e-04        4.144836e+03
                7700        2.853710e-04        3.866073e+03
                7800        1.795550e-04        3.866099e+03
                7900        1.792720e-04        3.269116e+03
                8000        1.790100e-04        3.269116e+03
                8100        1.807140e-04        2.821431e+03
                8200        1.938300e-04        2.821431e+03
                8300        2.037760e-04        2.449199e+03
                8400        1.960730e-04        2.449199e+03
                8500        1.955640e-04        2.145160e+03
                8600        2.128960e-04        2.145151e+03
                8700        1.940960e-04        1.797365e+03
                8800        1.930130e-04        1.797365e+03
                8900        1.870580e-04        1.530164e+03
                9000        1.829540e-04        1.530207e+03
                9100        1.804080e-04        1.355990e+03
                9200        1.853950e-04        1.355990e+03
                9300        1.812370e-04        1.234862e+03
                9400        1.827450e-04        1.234862e+03
                9500        1.996560e-04        1.058661e+03
                9600        1.878810e-04        1.058661e+03
                9700        1.953300e-04        9.454792e+02
                9800        1.900680e-04        9.454756e+02
                9900        1.932110e-04        8.310679e+02
               10000        1.919740e-04        8.310679e+02
               10100        1.929810e-04        7.346757e+02
               10200        1.975240e-04        7.346757e+02
               10300        1.925260e-04        6.226547e+02
               10400        1.921240e-04        6.226547e+02
               10500        2.166660e-04        5.723857e+02
               10600        1.946880e-04        5.723863e+02
               10700        1.931340e-04        4.945852e+02
               10800        1.895810e-04        4.945852e+02
               10900        1.973280e-04        4.331279e+02
               11000        1.892080e-04        4.331249e+02
               11100        1.887920e-04        3.626988e+02
               11200        1.953800e-04        3.626988e+02
               11300        1.922700e-04        3.231059e+02
               11400        1.962430e-04        3.231060e+02
               11500        2.044810e-04        2.898651e+02
               11600        1.978520e-04        2.898651e+02
               11700        2.013040e-04        2.546301e+02
               11800        1.966690e-04        2.546298e+02
               11900        1.953320e-04        2.163776e+02
               12000        1.933520e-04        2.163776e+02
               12100        1.928750e-04        1.938845e+02
               12200        1.901260e-04        1.938845e+02
               12300        2.113460e-04        1.630054e+02
               12400        1.935670e-04        1.630054e+02
               12500        1.940150e-04        1.431220e+02
               12600        1.946610e-04        1.431221e+02
               12700        1.938280e-04        1.284514e+02
               12800        1.924600e-04        1.284515e+02
               12900        1.916210e-04        1.073329e+02
               13000        1.917750e-04        1.073350e+02
               13100        1.960050e-04        9.117609e+01
               13200        1.914780e-04        9.117584e+01
               13300        2.035130e-04        8.181645e+01
               13400        2.194780e-04        8.181645e+01
               13500        1.816670e-04        7.021242e+01
               13600        1.904110e-04        7.021242e+01
               13700        1.962850e-04        6.207385e+01
               13800        1.948590e-04        6.207391e+01
               13900        1.928070e-04        5.624042e+01
               14000        1.936960e-04        5.624042e+01
               14100        1.946180e-04        5.050632e+01
               14200        1.907720e-04        5.050632e+01
               14300        1.920030e-04        4.481896e+01
               14400        1.939190e-04        4.481896e+01
               14500        1.929240e-04        3.969554e+01
               14600        1.926440e-04        3.969554e+01
               14700        1.930750e-04        3.334167e+01
               14800        2.071400e-04        3.334167e+01
               14900        1.915810e-04        2.847727e+01
               15000        1.921740e-04        2.847727e+01
               15100        1.920350e-04        2.496166e+01
               15200        1.964950e-04        2.496166e+01
               15300        2.211870e-04        2.148892e+01
               15400        1.837090e-04        2.148890e+01
               15500        2.206920e-04        1.922288e+01
               15600        1.911810e-04        1.922289e+01
               15700        1.920340e-04        1.665631e+01
               15800        1.916720e-04        1.481165e+01
               15900        1.943410e-04        1.481165e+01
               16000        1.921050e-04        1.301423e+01
               16100        1.935770e-04        1.301423e+01
               16200        1.928110e-04        1.126787e+01
               16300        1.949290e-04        1.126798e+01
               16400        1.927740e-04        9.963443e+00
               16500        1.901870e-04        9.963402e+00
               16600        2.176070e-04        8.717485e+00
               16700        1.953090e-04        8.717485e+00
               16800        2.045600e-04        7.852487e+00
               16900        1.932700e-04        7.852487e+00
               17000        1.929230e-04        7.044475e+00
               17100        1.913310e-04        7.044475e+00
               17200        2.032700e-04        6.510783e+00
               17300        1.936250e-04        6.510674e+00
               17400        1.946370e-04        5.546448e+00
               17500        1.924940e-04        5.546536e+00
               17600        1.917580e-04        4.904346e+00
               17700        2.175460e-04        4.904346e+00
               17800        1.915400e-04        4.286450e+00
               17900        1.921290e-04        4.286364e+00
               18000        1.939450e-04        3.665752e+00
               18100        1.916000e-04        3.665752e+00
               18200        1.936010e-04        3.130490e+00
               18300        1.936050e-04        3.130463e+00
               18400        1.890690e-04        2.693836e+00
               18500        1.901420e-04        2.693850e+00
               18600        1.937280e-04        2.427002e+00
               18700        1.953870e-04        2.427002e+00
               18800        1.960400e-04        2.069188e+00
               18900        1.895190e-04        2.069191e+00
               19000        1.970330e-04        1.828824e+00
               19100        2.181740e-04        1.828824e+00
               19200        1.967630e-04        1.565149e+00
               19300        1.946100e-04        1.565145e+00
               19400        2.036510e-04        1.358824e+00
               19500        1.916810e-04        1.358823e+00
               19600        1.916330e-04        1.204535e+00
               19700        1.940330e-04        1.204531e+00
               19800        1.935050e-04        1.080927e+00
               19900        1.907680e-04        1.080926e+00
               20000        1.929920e-04        9.339870e-01
               20100        1.906630e-04        9.339870e-01
               20200        1.936900e-04        8.389272e-01
               20300        1.901400e-04        8.389272e-01
               20400        1.970190e-04        7.114665e-01
               20500        1.930230e-04        7.114665e-01
               20600        1.940680e-04        6.339853e-01
               20700        1.901890e-04        6.340510e-01
               20800        1.950090e-04        5.473542e-01
               20900        2.094230e-04        5.473542e-01
               21000        2.261970e-04        4.737989e-01
               21100        2.164860e-04        4.738013e-01
               21200        1.896430e-04        4.027302e-01
               21300        1.916670e-04        4.027302e-01
               21400        1.834360e-04        3.619640e-01
               21500        1.927530e-04        3.619608e-01
               21600        2.197630e-04        3.228617e-01
               21700        1.913260e-04        3.228618e-01
               21800        1.916370e-04        2.775031e-01
               21900        1.804030e-04        2.775031e-01
               22000        1.919900e-04        2.495416e-01
               22100        1.918240e-04        2.495415e-01
               22200        1.896400e-04        2.078163e-01
               22300        1.904330e-04        2.078163e-01
               22400        1.944740e-04        1.867724e-01
               22500        1.930630e-04        1.867724e-01
               22600        1.995110e-04        1.635984e-01
               22700        2.175390e-04        1.635984e-01
               22800        1.867460e-04        1.511149e-01
               22900        1.928010e-04        1.511149e-01
               23000        2.327050e-04        1.379843e-01
               23100        1.843640e-04        1.379843e-01
               23200        1.885510e-04        1.206848e-01
               23300        2.233260e-04        1.206843e-01
               23400        1.929040e-04        1.028520e-01
               23500        1.912750e-04        1.028519e-01
               23600        1.867950e-04        8.728611e-02
               23700        1.948390e-04        8.728614e-02
               23800        2.179010e-04        7.591580e-02
               23900        1.943320e-04        7.591579e-02
               24000        1.958350e-04        6.639683e-02
               24100        1.894990e-04        6.639683e-02
               24200        1.923020e-04        6.167366e-02
               24300        1.932420e-04        6.167363e-02
               24400        1.894540e-04        5.196858e-02
               24500        1.908290e-04        5.196872e-02
               24600        1.926120e-04        4.675657e-02
               24700        1.792150e-04        4.675657e-02
               24800        1.937550e-04        4.102864e-02
               24900        2.396970e-04        4.102864e-02
               25000        1.986570e-04        3.543905e-02
               25100        1.923840e-04        3.543904e-02
               25200        1.882750e-04        3.090763e-02
               25300        1.907870e-04        3.090763e-02
               25400        1.906270e-04        2.652818e-02
               25500        1.940110e-04        2.652818e-02
               25600        1.932430e-04        2.275726e-02
               25700        1.909570e-04        2.275725e-02
               25800        1.893740e-04        2.049852e-02
               25900        1.952750e-04        2.049852e-02
               26000        1.919370e-04        1.789340e-02
               26100        1.952920e-04        1.789340e-02
               26200        1.925280e-04        1.587070e-02
               26300        1.923390e-04        1.587066e-02
               26400        1.936330e-04        1.404213e-02
               26500        1.951470e-04        1.404213e-02
               26600        1.996760e-04        1.265903e-02
               26700        1.973410e-04        1.265903e-02
               26800        2.046240e-04        1.152117e-02
               26900        2.018060e-04        1.152113e-02
               27000        2.047240e-04        1.033356e-02
               27100        1.929130e-04        1.033356e-02
               27200        1.926520e-04        9.098059e-03
               27300        1.964260e-04        9.098059e-03
               27400        1.936170e-04        7.910286e-03
               27500        1.930320e-04        7.910286e-03
               27600        1.840990e-04        6.896617e-03
               27700        1.819440e-04        6.896622e-03
               27800        1.903130e-04        5.977205e-03
               27900        1.931100e-04        5.977203e-03
               28000        1.903330e-04        5.130109e-03
               28100        1.895020e-04        5.130088e-03
               28200        1.943210e-04        4.547744e-03
               28300        1.939620e-04        4.547743e-03
               28400        1.928010e-04        4.098443e-03
               28500        1.924240e-04        4.098439e-03
               28600        1.820870e-04        3.676659e-03
               28700        1.952260e-04        3.676659e-03
               28800        2.231130e-04        3.174885e-03
               28900        1.968520e-04        3.174885e-03
               29000        1.816630e-04        2.788792e-03
               29100        1.824330e-04        2.788792e-03
               29200        1.833990e-04        2.452551e-03
               29300        1.802570e-04        2.452551e-03
               29400        1.818650e-04        2.112734e-03
               29500        1.841280e-04        2.112734e-03
               29600        1.939610e-04        1.789320e-03
               29700        1.939100e-04        1.789320e-03
               29800        1.916840e-04        1.594393e-03
               29900        1.914910e-04        1.594392e-03
               30000        1.930120e-04        1.388355e-03
               30100        1.914320e-04        1.388351e-03
               30200        1.918630e-04        1.252193e-03
               30300        1.797320e-04        1.252196e-03
               30400        1.814230e-04        1.169006e-03
               30500        1.833360e-04        1.169006e-03
               30600        1.863530e-04        1.032172e-03
               30700        1.846560e-04        1.032147e-03
               30800        1.831300e-04        9.341449e-04
               30900        1.930180e-04        9.341451e-04
               31000        1.930270e-04        8.101199e-04
               31100        1.920800e-04        8.101209e-04
               31200        1.906940e-04        7.253749e-04
               31300        1.921450e-04        7.253749e-04
               31400        1.928280e-04        6.314364e-04
               31500        1.933170e-04        6.314364e-04
               31600        1.918270e-04        5.569449e-04
               31700        1.906500e-04        5.569919e-04
               31800        1.924810e-04        4.861409e-04
               31900        1.947100e-04        4.861409e-04
               32000        1.827970e-04        4.387256e-04
               32100        1.815260e-04        4.387256e-04
               32200        1.830750e-04        3.862656e-04
               32300        1.815440e-04        3.862656e-04
               32400        1.841260e-04        3.376185e-04
               32500        1.859980e-04        3.376204e-04
               32600        1.895440e-04        2.796655e-04
               32700        1.910390e-04        2.796686e-04
               32800        1.997630e-04        2.517540e-04
               32900        1.932980e-04        2.517540e-04
               33000        1.982900e-04        2.206120e-04
               33100        1.964610e-04        2.206114e-04
               33200        2.024160e-04        1.873879e-04
               33300        1.937230e-04        1.873879e-04
               33400        1.929640e-04        1.606469e-04
               33500        1.913240e-04        1.606470e-04
               33600        1.821920e-04        1.433803e-04
               33700        1.855860e-04        1.433804e-04
               33800        1.814600e-04        1.263799e-04
               33900        1.975890e-04        1.263799e-04
               34000        1.949040e-04        1.112509e-04
               34100        1.946360e-04        1.112510e-04
               34200        1.910760e-04        9.724368e-05
               34300        1.930390e-04        9.724749e-05
               34400        1.928620e-04        8.634493e-05
               34500        1.983720e-04        8.634842e-05
               34600        1.912830e-04        7.453764e-05
               34700        1.816910e-04        7.453764e-05
               34800        1.862900e-04        6.678303e-05
               34900        1.808520e-04        6.678303e-05
               35000        1.844370e-04        5.982336e-05
               35100        1.815520e-04        5.982255e-05
               35200        1.924690e-04        5.196570e-05
               35300        1.915900e-04        5.196623e-05
               35400        1.962480e-04        4.479051e-05
               35500        1.901930e-04        4.479051e-05
               35600        1.941410e-04        3.852679e-05
               35700        1.934360e-04        3.852615e-05
               35800        1.924550e-04        3.670185e-05
               35900        1.931680e-04        3.670185e-05
               36000        1.902040e-04        3.264160e-05
               36100        1.985650e-04        3.264160e-05
               36200        1.957700e-04        2.744760e-05
               36300        1.951460e-04        2.744760e-05
               36400        1.843090e-04        2.422325e-05
               36500        1.841760e-04        2.422325e-05
               36600        1.903090e-04        2.143374e-05
               36700        1.835430e-04        2.143374e-05
               36800        1.857680e-04        1.880216e-05
               36900        1.784320e-04        1.880217e-05
               37000        1.834740e-04        1.661282e-05
               37100        1.864540e-04        1.661281e-05
               37200        1.845430e-04        1.451489e-05
               37300        1.800040e-04        1.451487e-05
               37400        1.846760e-04        1.243112e-05
               37500        1.833000e-04        1.243112e-05
               37600        1.810800e-04        1.113841e-05
               37700        1.814840e-04        1.113841e-05
               37800        1.808390e-04        1.011467e-05
               37900        1.852100e-04        1.011467e-05
               38000        1.861850e-04        8.311067e-06
               38100        1.824850e-04        8.311048e-06
               38200        1.830830e-04        7.325811e-06
               38300        1.951140e-04        7.325811e-06
               38400        2.013000e-04        6.464876e-06
               38500        1.879570e-04        6.464870e-06
               38600        1.872070e-04        5.779437e-06
               38700        1.944500e-04        5.779438e-06
               38800        2.085740e-04        4.983495e-06
               38900        1.838300e-04        4.983462e-06
               39000        1.806270e-04        4.481118e-06
               39100        1.823700e-04        4.481112e-06
               39200        1.858170e-04        3.775764e-06
               39300        1.837790e-04        3.775959e-06
               39400        1.874600e-04        3.506418e-06
               39500        1.934540e-04        3.506436e-06
               39600        1.928500e-04        3.026777e-06
               39700        1.915620e-04        3.026777e-06
               39800        1.955310e-04        2.546353e-06
               39900        1.943310e-04        2.546353e-06
               40000        1.944650e-04        2.311762e-06
               40100        1.935070e-04        2.311762e-06
               40200        1.951030e-04        2.084076e-06
               40300        1.848360e-04        2.084076e-06
               40400        2.027650e-04        1.783970e-06
               40500        2.486550e-04        1.784011e-06
               40600        1.832930e-04        1.554503e-06
               40700        1.811510e-04        1.554504e-06
               40800        1.807510e-04        1.387514e-06
               40900        1.812430e-04        1.387514e-06
               41000        1.831630e-04        1.196881e-06
               41100        2.062120e-04        1.196881e-06
               41200        1.823910e-04        1.077722e-06
               41300        1.820690e-04        1.077733e-06
               41400        1.928800e-04        9.538964e-07
               41500        1.942440e-04        9.538949e-07
               41600        1.924630e-04        8.369392e-07
               41700        1.924810e-04        8.369392e-07
               41800        1.699670e-04        6.998417e-07
               41900        1.739740e-04        6.998406e-07
               42000        1.913250e-04        6.351490e-07
               42100        1.917940e-04        6.351500e-07
               42200        1.929100e-04        5.907067e-07
               42300        1.889470e-04        5.907039e-07
               42400        1.996020e-04        5.016213e-07
               42500        1.850020e-04        5.016190e-07
               42600        1.950840e-04        4.371767e-07
               42700        1.867170e-04        4.371767e-07
               42800        1.859410e-04        3.877430e-07
               42900        1.848740e-04        3.877470e-07
               43000        1.816560e-04        3.278455e-07
               43100        1.854610e-04        3.278455e-07
               43200        1.807850e-04        2.806705e-07
               43300        1.957050e-04        2.806705e-07
               43400        1.889480e-04        2.473107e-07
               43500        1.923290e-04        2.473107e-07
               43600        1.886140e-04        2.209324e-07
               43700        1.932980e-04        2.209320e-07
               43800        1.941830e-04        1.892448e-07
               43900        1.825680e-04        1.892448e-07
               44000        1.904660e-04        1.704625e-07
               44100        1.848700e-04        1.704625e-07
               44200        1.836100e-04        1.466637e-07
               44300        1.829680e-04        1.466638e-07
               44400        1.847000e-04        1.295948e-07
               44500        1.944030e-04        1.295931e-07
               44600        1.832720e-04        1.118165e-07
               44700        1.861710e-04        1.118165e-07
               44800        1.854030e-04        9.563702e-08
               44900        1.811910e-04        9.563702e-08
               45000        1.816770e-04        8.673046e-08
               45100        1.938350e-04        8.673046e-08
               45200        1.822380e-04        7.247746e-08
               45300        1.906880e-04        7.247746e-08
               45400        2.180800e-04        6.476551e-08
               45500        1.965390e-04        6.476551e-08
               45600        1.896010e-04        5.836063e-08
               45700        1.919350e-04        5.836245e-08
               45800        1.817510e-04        4.985952e-08
               45900        1.815390e-04        4.985952e-08
               46000        1.826260e-04        4.323664e-08
               46100        1.830770e-04        4.323654e-08
               46200        1.820580e-04        3.803990e-08
               46300        1.859700e-04        3.803990e-08
               46400        2.217290e-04        3.503277e-08
               46500        1.881170e-04        3.503277e-08
               46600        1.844240e-04        3.150387e-08
               46700        1.819510e-04        3.150380e-08
               46800        1.849220e-04        2.751172e-08
               46900        1.845610e-04        2.751172e-08
               47000        1.940010e-04        2.462514e-08
               47100        1.948510e-04        2.462514e-08
               47200        1.912720e-04        2.060328e-08
               47300        1.916300e-04        2.060342e-08
               47400        2.022080e-04        1.841659e-08
               47500        1.847450e-04        1.841659e-08
               47600        1.867630e-04        1.615083e-08
               47700        1.794820e-04        1.615092e-08
               47800        1.821440e-04        1.449196e-08
               47900        1.818560e-04        1.449196e-08
               48000        1.824050e-04        1.265347e-08
               48100        1.918210e-04        1.265295e-08
               48200        1.825130e-04        1.114602e-08
               48300        1.842710e-04        1.114627e-08
               48400        2.095690e-04        9.654317e-09
               48500        1.822560e-04        9.654317e-09
               48600        1.815410e-04        8.223116e-09
               48700        1.883960e-04        8.223067e-09
               48800        1.819400e-04        7.113892e-09
               48900        1.933340e-04        7.114203e-09
               49000        2.121430e-04        6.218495e-09
               49100        1.924160e-04        6.218496e-09
               49200        1.911890e-04        5.537615e-09
               49300        1.941830e-04        5.537525e-09
               49400        1.914120e-04        4.688722e-09
               49500        1.839830e-04        4.688722e-09
               49600        1.809290e-04        4.217152e-09
               49700        1.892980e-04        4.217152e-09
               49800        1.836850e-04        3.725969e-09
               49900        1.852590e-04        3.725996e-09
               50000        1.861640e-04        3.287293e-09
               50100        1.879000e-04        3.287290e-09
               50200        1.882210e-04        2.860594e-09
               50300        1.972800e-04        2.860594e-09
               50400        1.902350e-04        2.559481e-09
               50500        1.838910e-04        2.559468e-09
               50600        1.834070e-04        2.281647e-09
               50700        1.965510e-04        2.281658e-09
               50800        1.963280e-04        2.054824e-09
               50900        1.920470e-04        2.054819e-09
               51000        1.932590e-04        1.767075e-09
               51100        1.903140e-04        1.767084e-09
               51200        1.933030e-04        1.574581e-09
               51300        1.933510e-04        1.574608e-09
               51400        1.977320e-04        1.398822e-09
               51500        1.840510e-04        1.398821e-09
               51600        1.859240e-04        1.221764e-09
               51700        1.827620e-04        1.221748e-09
               51800        1.885390e-04        1.070517e-09
               51900        1.838830e-04        1.070517e-09
               52000        1.822300e-04        9.148371e-10
               52100        1.847590e-04        9.148365e-10
               52200        1.812550e-04        8.037218e-10
               52300        1.887650e-04        8.037218e-10
               52400        1.841580e-04        7.411677e-10
               52500        1.912050e-04        7.411677e-10
               52600        1.856350e-04        6.370549e-10
               52700        1.855600e-04        6.370542e-10
               52800        1.846760e-04        5.761311e-10
               52900        1.807340e-04        5.761311e-10
               53000        1.811730e-04        5.127112e-10
               53100        1.803210e-04        5.127112e-10
               53200        2.094900e-04        4.585742e-10
               53300        1.864270e-04        4.585742e-10
               53400        1.853660e-04        4.057902e-10
               53500        1.899040e-04        4.057902e-10
               53600        1.862510e-04        3.625249e-10
               53700        2.214160e-04        3.625249e-10
               53800        1.823830e-04        3.167114e-10
               53900        1.927630e-04        3.167114e-10
               54000        1.796950e-04        2.814427e-10
               54100        1.912420e-04        2.814427e-10
               54200        2.020370e-04        2.534233e-10
               54300        1.882900e-04        2.534233e-10
               54400        1.826400e-04        2.252200e-10
               54500        1.832630e-04        2.252200e-10
               54600        1.571160e-04        1.954985e-10
               54700        1.696500e-04        1.954967e-10
               54800        1.801810e-04        1.654213e-10
               54900        1.812720e-04        1.654188e-10
               55000        1.805340e-04        1.451678e-10
               55100        1.944550e-04        1.451678e-10
               55200        2.253590e-04        1.276080e-10
               55300        1.920740e-04        1.276080e-10
               55400        1.913230e-04        1.143660e-10
               55500        2.100710e-04        1.143659e-10
               55600        1.790460e-04        1.013936e-10
               55700        1.841200e-04        1.013936e-10
               55800        1.801260e-04        8.863140e-11
               55900        1.828410e-04        8.863140e-11
               56000        1.871360e-04        7.954217e-11
               56100        1.883600e-04        7.954217e-11
               56200        1.852910e-04        7.030120e-11
               56300        2.327610e-04        7.030120e-11
               56400        2.181720e-04        6.020665e-11
               56500        2.048310e-04        6.020693e-11
               56600        2.139700e-04        5.122661e-11
               56700        1.856110e-04        5.122899e-11
               56800        1.855000e-04        4.373759e-11
               56900        1.863890e-04        4.373881e-11
               57000        1.889910e-04        3.780364e-11
               57100        1.837790e-04        3.780364e-11
               57200        2.156470e-04        3.421527e-11
               57300        1.982560e-04        3.421527e-11
               57400        1.911750e-04        3.034258e-11
               57500        1.936890e-04        3.034258e-11
               57600        1.968160e-04        2.729149e-11
               57700        1.834330e-04        2.729188e-11
               57800        2.113850e-04        2.383247e-11
               57900        1.859510e-04        2.383246e-11
               58000        1.810060e-04        2.132126e-11
               58100        1.849020e-04        2.132126e-11
               58200        1.867260e-04        1.867471e-11
               58300        1.834310e-04        1.867471e-11
               58400        1.983910e-04        1.765588e-11
               58500        1.877910e-04        1.765588e-11
               58600        1.904640e-04        1.527631e-11
               58700        1.883420e-04        1.527631e-11
               58800        1.918740e-04        1.322269e-11
               58900        2.099780e-04        1.322271e-11
               59000        1.897040e-04        1.158221e-11
               59100        1.828890e-04        1.158221e-11
               59200        1.824730e-04        1.065533e-11
               59300        1.837450e-04        1.065533e-11
               59400        1.931750e-04        9.186384e-12
               59500        1.998910e-04        9.186384e-12
               59600        1.807470e-04        7.921047e-12
               59700        1.840330e-04        7.921047e-12
               59800        1.848690e-04        6.898385e-12
               59900        1.849000e-04        6.898387e-12
               60000        1.823630e-04        6.039729e-12
               60100        1.912690e-04        6.039729e-12
               60200        2.515490e-04        5.402065e-12
               60300        1.881270e-04        5.402065e-12
               60400        1.791920e-04        4.663683e-12
               60500        1.808130e-04        4.663683e-12
               60600        1.807720e-04        4.129329e-12
               60700        1.804100e-04        4.129329e-12
               60800        1.878650e-04        3.696477e-12
               60900        1.866680e-04        3.696486e-12
               61000        1.814860e-04        3.148654e-12
               61100        1.852670e-04        3.148684e-12
               61200        1.825710e-04        2.783692e-12
               61300        1.842540e-04        2.783692e-12
               61400        1.807130e-04        2.396716e-12
               61500        1.837320e-04        2.396716e-12
               61600        1.800870e-04        1.987424e-12
               61700        1.855680e-04        1.987424e-12
               61800        1.801840e-04        1.709891e-12
               61900        1.775440e-04        1.709942e-12
               62000        1.852830e-04        1.469205e-12
               62100        1.627530e-04        1.469203e-12
               62200        1.822350e-04        1.263049e-12
               62300        2.040210e-04        1.263048e-12
               62400        1.870390e-04        1.141153e-12
               62500        1.812450e-04        1.141178e-12
               62600        1.780340e-04        1.039900e-12
               62700        1.905070e-04        1.039907e-12
               62800        1.801110e-04        9.080853e-13
               62900        1.794890e-04        9.080853e-13
               63000        1.834660e-04        8.036317e-13
               63100        1.856960e-04        8.036317e-13
               63200        1.831770e-04        6.885870e-13
               63300        1.820840e-04        6.885878e-13
               63400        1.842160e-04        5.998314e-13
               63500        1.832770e-04        5.998217e-13
               63600        1.866360e-04        5.437812e-13
               63700        2.063190e-04        5.437811e-13
               63800        1.845760e-04        4.768514e-13
               63900        1.845800e-04        4.768522e-13
               64000        1.845260e-04        4.193496e-13
               64100        1.814420e-04        4.193496e-13
               64200        1.913790e-04        3.753455e-13
               64300        2.218120e-04        3.753453e-13
               64400        1.843880e-04        3.253020e-13
               64500        1.838350e-04        3.253003e-13
               64600        1.826980e-04        2.927548e-13
               64700        1.835370e-04        2.927543e-13
               64800        1.858380e-04        2.633250e-13
               64900        2.089870e-04        2.633249e-13
               65000        1.892210e-04        2.318951e-13
               65100        1.814560e-04        2.318951e-13
               65200        1.837960e-04        2.039083e-13
               65300        1.816990e-04        2.039083e-13
               65400        1.819370e-04        1.757509e-13
               65500        1.820440e-04        1.757509e-13
               65600        1.898120e-04        1.611117e-13
               65700        1.837820e-04        1.611117e-13
               65800        1.868740e-04        1.427793e-13
               65900        1.809600e-04        1.427796e-13
               66000        2.153760e-04        1.266754e-13
               66100        1.827830e-04        1.266755e-13
               66200        2.134320e-04        1.062756e-13
               66300        1.822980e-04        1.062756e-13
               66400        1.858590e-04        9.215735e-14
               66500        1.826680e-04        9.215735e-14
               66600        1.834520e-04        8.051578e-14
               66700        1.806860e-04        8.051579e-14
               66800        1.803110e-04        7.213461e-14
               66900        1.831530e-04        7.213461e-14
               67000        1.852800e-04        6.554242e-14
               67100        1.864810e-04        6.554254e-14
               67200        1.804230e-04        5.918079e-14
               67300        1.830660e-04        5.918079e-14
               67400        1.810770e-04        4.945687e-14
               67500        1.924050e-04        4.945807e-14
               67600        1.932140e-04        4.275857e-14
               67700        1.938340e-04        4.275857e-14
               67800        1.959670e-04        3.841452e-14
               67900        1.888010e-04        3.841452e-14
               68000        1.852820e-04        3.234586e-14
               68100        1.956950e-04        3.234545e-14
               68200        1.834250e-04        2.856277e-14
               68300        1.813390e-04        2.856277e-14
               68400        1.898520e-04        2.439755e-14
               68500        1.847360e-04        2.439755e-14
               68600        1.861520e-04        2.181204e-14
               68700        1.906650e-04        2.181242e-14
               68800        1.867030e-04        1.889240e-14
               68900        2.007340e-04        1.889277e-14
               69000        1.907880e-04        1.642475e-14
               69100        1.919400e-04        1.642474e-14
               69200        1.964300e-04        1.507617e-14
               69300        1.904550e-04        1.507625e-14
               69400        1.827200e-04        1.325701e-14
               69500        1.802280e-04        1.325701e-14
               69600        1.826210e-04        1.188383e-14
               69700        1.858970e-04        1.188383e-14
               69800        1.851810e-04        1.066011e-14
               69900        1.901120e-04        1.066011e-14
               70000        2.280710e-04        9.668225e-15
               70100        1.878850e-04        9.668225e-15
               70200        1.823410e-04        8.632439e-15
               70300        1.844040e-04        8.632435e-15
               70400        1.905460e-04        7.658250e-15
               70500        1.942090e-04        7.658250e-15
               70600        1.952360e-04        6.608894e-15
               70700        1.877110e-04        6.608967e-15
               70800        1.966550e-04        5.880779e-15
               70900        1.834280e-04        5.880779e-15
               71000        1.793650e-04        4.812512e-15
               71100        1.813170e-04        4.812512e-15
               71200        1.803460e-04        4.306717e-15
               71300        1.968120e-04        4.306711e-15
               71400        1.817680e-04        3.824683e-15
               71500        1.800670e-04        3.824683e-15
               71600        1.842600e-04        3.229094e-15
               71700        1.793410e-04        3.229094e-15
               71800        1.890300e-04        2.901495e-15
               71900        1.859370e-04        2.901483e-15
               72000        2.030940e-04        2.503572e-15
               72100        1.817850e-04        2.503572e-15
               72200        1.798590e-04        2.273182e-15
               72300        1.842840e-04        2.273182e-15
               72400        1.825380e-04        1.952364e-15
               72500        1.835480e-04        1.952332e-15
               72600        1.777290e-04        1.714878e-15
               72700        1.844500e-04        1.714879e-15
               72800        1.805980e-04        1.479371e-15
               72900        1.867270e-04        1.479384e-15
               73000        1.820030e-04        1.336567e-15
               73100        1.825720e-04        1.336538e-15
               73200        1.880310e-04        1.147240e-15
               73300        1.911880e-04        1.147268e-15
               73400        1.838330e-04        1.016474e-15
               73500        1.901130e-04        1.016474e-15
               73600        1.900190e-04        9.029094e-16
               73700        1.909230e-04        9.029149e-16
               73800        1.881920e-04        7.740279e-16
               73900        1.842520e-04        7.740279e-16
               74000        1.817810e-04        6.365475e-16
               74100        1.857250e-04        6.365475e-16
               74200        1.809740e-04        5.570403e-16
               74300        1.861000e-04        5.570400e-16
               74400        1.810160e-04        5.046160e-16
               74500        1.921850e-04        5.046171e-16
               74600        1.922940e-04        4.349591e-16
               74700        1.923770e-04        4.349590e-16
               74800        1.891090e-04        3.776069e-16
               74900        1.917200e-04        3.776069e-16
               75000        1.854550e-04        3.240324e-16
               75100        1.837340e-04        3.240324e-16
               75200        1.842310e-04        3.015970e-16
               75300        1.829960e-04        3.015970e-16
               75400        1.811060e-04        2.606309e-16
               75500        1.836380e-04        2.605792e-16
               75600        1.815380e-04        2.327661e-16
               75700        1.849620e-04        2.327645e-16
               75800        2.079450e-04        1.991281e-16
               75900        2.490230e-04        1.991284e-16
               76000        1.861000e-04        1.749277e-16
               76100        1.886440e-04        1.749325e-16
               76200        1.864290e-04        1.568264e-16
               76300        1.910740e-04        1.568256e-16
               76400        1.820940e-04        1.396969e-16
               76500        1.850630e-04        1.396969e-16
               76600        1.816730e-04        1.235723e-16
               76700        1.951070e-04        1.235725e-16
               76800        1.912430e-04        1.110625e-16
               76900        1.932840e-04        1.110628e-16
               77000        1.846880e-04        9.433209e-17
               77100        1.834270e-04        9.433279e-17
               77200        1.965850e-04        8.175396e-17
               77300        1.836570e-04        8.175457e-17
               77400        1.917450e-04        7.098720e-17
               77500        1.902540e-04        7.098747e-17
               77600        1.829040e-04        6.443196e-17
               77700        2.021310e-04        6.443165e-17
               77800        1.870740e-04        5.591968e-17
               77900        1.891180e-04        5.591972e-17
               78000        1.834080e-04        5.049899e-17
               78100        1.867780e-04        5.049899e-17
               78200        1.858980e-04        4.388665e-17
               78300        1.842310e-04        4.388684e-17
               78400        1.830820e-04        3.879057e-17
               78500        1.815930e-04        3.879175e-17
               78600        1.863560e-04        3.421326e-17
               78700        1.859740e-04        3.421326e-17
               78800        1.865240e-04        3.105542e-17
               78900        1.881530e-04        3.105542e-17
               79000        1.651400e-04        2.577967e-17
               79100        1.703310e-04        2.578002e-17
               79200        1.851690e-04        2.228225e-17
               79300        1.807750e-04        2.228226e-17
               79400        2.222140e-04        1.970370e-17
               79500        1.871520e-04        1.970370e-17
               79600        1.907320e-04        1.705243e-17
               79700        2.078440e-04        1.705257e-17
               79800        1.851940e-04        1.541988e-17
               79900        1.794100e-04        1.541988e-17
               80000        1.839800e-04        1.356021e-17
               80100        1.901970e-04        1.356021e-17
               80200        1.946930e-04        1.201919e-17
               80300        1.944730e-04        1.201919e-17
               80400        1.934860e-04        1.077685e-17
               80500        1.866080e-04        1.077685e-17
               80600        1.834580e-04        9.574644e-18
               80700        1.830020e-04        9.574733e-18
               80800        1.850020e-04        8.475582e-18
               80900        1.842150e-04        8.475582e-18
               81000        1.798360e-04        7.391201e-18
               81100        1.890630e-04        7.391201e-18
               81200        1.964000e-04        6.562406e-18
               81300        1.860510e-04        6.562413e-18
               81400        2.334480e-04        5.630260e-18
               81500        1.892500e-04        5.630260e-18
               81600        2.213790e-04        4.939372e-18
               81700        1.895290e-04        4.939372e-18
               81800        1.863910e-04        4.434039e-18
               81900        1.875600e-04        4.434014e-18
               82000        1.803910e-04        3.646648e-18
               82100        1.843580e-04        3.646654e-18
               82200        1.831580e-04        3.372130e-18
               82300        1.932780e-04        3.372155e-18
               82400        2.190740e-04        2.917380e-18
               82500        1.875790e-04        2.917380e-18
               82600        1.881140e-04        2.917380e-18
               82700        1.824970e-04        2.256896e-18
               82800        1.845400e-04        2.018480e-18
               82900        1.824680e-04        2.018479e-18
               83000        1.813890e-04        1.753111e-18
               83100        1.837990e-04        1.753063e-18
               83200        1.828120e-04        1.550792e-18
               83300        1.954670e-04        1.550792e-18
               83400        1.836560e-04        1.346841e-18
               83500        1.906030e-04        1.346841e-18
               83600        1.901820e-04        1.196907e-18
               83700        1.848530e-04        1.196907e-18
               83800        1.799460e-04        1.067323e-18
               83900        1.838160e-04        1.067323e-18
               84000        1.891710e-04        9.252097e-19
               84100        1.845140e-04        9.252113e-19
               84200        2.042460e-04        8.152323e-19
               84300        1.909470e-04        8.152334e-19
               84400        2.358010e-04        7.457298e-19
               84500        1.871680e-04        7.457016e-19
               84600        1.807190e-04        6.609790e-19
               84700        1.862000e-04        6.609790e-19
               84800        1.884660e-04        5.734806e-19
               84900        1.867690e-04        5.734692e-19
               85000        1.818000e-04        4.783100e-19
               85100        1.908410e-04        4.783027e-19
               85200        1.848610e-04        4.272626e-19
               85300        1.863570e-04        4.272626e-19
               85400        2.355600e-04        3.779727e-19
               85500        1.831240e-04        3.779727e-19
               85600        1.832740e-04        3.346877e-19
               85700        1.914670e-04        3.346875e-19
               85800        1.824930e-04        2.855732e-19
               85900        1.795620e-04        2.855732e-19
               86000        1.831000e-04        2.358709e-19
               86100        1.952800e-04        2.358709e-19
               86200        1.848100e-04        2.207102e-19
               86300        1.863510e-04        2.207091e-19
               86400        2.470520e-04        2.019864e-19
               86500        1.841320e-04        2.019863e-19
               86600        1.849880e-04        1.814719e-19
               86700        1.808740e-04        1.814745e-19
               86800        1.878860e-04        1.608706e-19
               86900        1.844230e-04        1.608711e-19
               87000        1.927880e-04        1.405050e-19
               87100        1.932750e-04        1.405049e-19
               87200        1.927870e-04        1.278915e-19
               87300        1.939790e-04        1.278915e-19
               87400        2.052020e-04        1.102349e-19
               87500        1.892930e-04        1.102342e-19
               87600        1.837230e-04        9.819797e-20
               87700        1.834870e-04        9.819797e-20
               87800        1.800590e-04        8.673660e-20
               87900        1.843000e-04        8.673660e-20
               88000        1.849820e-04        7.433482e-20
               88100        1.830200e-04        7.433518e-20
               88200        1.848380e-04        6.399990e-20
               88300        2.005030e-04        6.399999e-20
               88400        1.898930e-04        5.898275e-20
               88500        1.884560e-04        5.898263e-20
               88600        1.942450e-04        5.277608e-20
               88700        1.979580e-04        5.277608e-20
               88800        1.836430e-04        4.805976e-20
               88900        1.861400e-04        4.805976e-20
               89000        1.962890e-04        4.157610e-20
               89100        1.852450e-04        4.157642e-20
               89200        2.191440e-04        3.546977e-20
               89300        2.155030e-04        3.547058e-20
               89400        1.857860e-04        3.209075e-20
               89500        1.842870e-04        3.209075e-20
               89600        1.842020e-04        2.748281e-20
               89700        1.854250e-04        2.748266e-20
               89800        1.821410e-04        2.360094e-20
               89900        2.066140e-04        2.360070e-20
               90000        1.876580e-04        2.069274e-20
               90100        1.793970e-04        2.069274e-20
               90200        1.856980e-04        1.812606e-20
               90300        2.472390e-04        1.812629e-20
               90400        1.880560e-04        1.573847e-20
               90500        1.845210e-04        1.573847e-20
               90600        1.798820e-04        1.379471e-20
               90700        1.782600e-04        1.379394e-20
               90800        1.817250e-04        1.177461e-20
               90900        1.843760e-04        1.177433e-20
               91000        1.902550e-04        1.059085e-20
               91100        2.106110e-04        1.059086e-20
               91200        2.109410e-04        9.213991e-21
               91300        1.876500e-04        9.213954e-21
               91400        1.886090e-04        8.087478e-21
               91500        1.948950e-04        8.087510e-21
               91600        1.894020e-04        6.832522e-21
               91700        1.869450e-04        6.832679e-21
               91800        1.878410e-04        5.798505e-21
               91900        1.932560e-04        5.798500e-21
               92000        1.983190e-04        5.076531e-21
               92100        1.897540e-04        5.076531e-21
               92200        1.941480e-04        4.553826e-21
               92300        1.901150e-04        4.553826e-21
               92400        1.848220e-04        4.023852e-21
               92500        1.944340e-04        4.023851e-21
               92600        2.071440e-04        3.512874e-21
               92700        2.091400e-04        3.512747e-21
               92800        2.069890e-04        2.983647e-21
               92900        1.935760e-04        2.983647e-21
               93000        1.868620e-04        2.554501e-21
               93100        1.932350e-04        2.554491e-21
               93200        1.976870e-04        2.227269e-21
               93300        2.034530e-04        2.227269e-21
               93400        1.976860e-04        1.921176e-21
               93500        1.640780e-04        1.921172e-21
               93600        1.881720e-04        1.616533e-21
               93700        2.101460e-04        1.616526e-21
               93800        2.019200e-04        1.465203e-21
               93900        1.853630e-04        1.465203e-21
               94000        1.863070e-04        1.261002e-21
               94100        2.101970e-04        1.260999e-21
               94200        1.826520e-04        1.113816e-21
               94300        1.962140e-04        1.113816e-21
               94400        1.834240e-04        9.831332e-22
               94500        1.842910e-04        9.831332e-22
               94600        1.844120e-04        8.653041e-22
               94700        1.886770e-04        8.653041e-22
               94800        1.864790e-04        7.522296e-22
               94900        1.858850e-04        7.522296e-22
               95000        1.896480e-04        6.733224e-22
               95100        1.941350e-04        6.733427e-22
               95200        1.943530e-04        5.620162e-22
               95300        1.979210e-04        5.620130e-22
               95400        1.869570e-04        4.898807e-22
               95500        1.852220e-04        4.898772e-22
               95600        1.872480e-04        4.383361e-22
               95700        1.847220e-04        4.383356e-22
               95800        1.876960e-04        3.941081e-22
               95900        1.883380e-04        3.941093e-22
               96000        1.811480e-04        3.528645e-22
               96100        1.815060e-04        3.528708e-22
               96200        1.905050e-04        3.123075e-22
               96300        2.450970e-04        3.123075e-22
               96400        1.850830e-04        2.836183e-22
               96500        1.840100e-04        2.836247e-22
               96600        1.816380e-04        2.488313e-22
               96700        1.827800e-04        2.488313e-22
               96800        1.838130e-04        2.197499e-22
               96900        1.828970e-04        2.197483e-22
               97000        1.874580e-04        1.957727e-22
               97100        1.866480e-04        1.957727e-22
               97200        1.863100e-04        1.724520e-22
               97300        2.423410e-04        1.724520e-22
               97400        2.062910e-04        1.529634e-22
               97500        1.826860e-04        1.529634e-22
               97600        1.820310e-04        1.363657e-22
               97700        1.632360e-04        1.363657e-22
               97800        1.656880e-04        1.218708e-22
               97900        1.703840e-04        1.218709e-22
               98000        1.566210e-04        1.061755e-22
               98100        1.543550e-04        1.061755e-22
               98200        1.593450e-04        9.115671e-23
               98300        1.617500e-04        9.115671e-23
               98400        1.674320e-04        8.065661e-23
               98500        1.937930e-04        8.065661e-23
               98600        1.738180e-04        7.330353e-23
               98700        2.036570e-04        7.330454e-23
               98800        1.820190e-04        6.724579e-23
               98900        1.791050e-04        6.724579e-23
               99000        1.937070e-04        5.952148e-23
               99100        1.836290e-04        5.952148e-23
               99200        2.224740e-04        5.198106e-23
               99300        1.892440e-04        5.198096e-23
               99400        1.583430e-04        4.455095e-23
               99500        1.823780e-04        4.455095e-23
               99600        1.837720e-04        3.965608e-23
               99700        1.824700e-04        3.965608e-23
               99800        2.192660e-04        3.581854e-23
               99900        1.931040e-04        3.581854e-23
              100000        1.980730e-04        3.183749e-23
