Period: 100
               Epoch           Time cost                Loss
                 100        2.235720e-04        1.386653e+05
                 200        1.473200e-04        1.240838e+05
                 300        1.467440e-04        1.065024e+05
                 400        1.853640e-04        1.002357e+05
                 500        1.855890e-04        9.442796e+04
                 600        1.748070e-04        8.995951e+04
                 700        2.119440e-04        8.715943e+04
                 800        1.842980e-04        8.439955e+04
                 900        2.023430e-04        8.439983e+04
                1000        1.562600e-04        7.458233e+04
                1100        2.387120e-04        7.458054e+04
                1200        1.588970e-04        7.287113e+04
                1300        2.148030e-04        5.799362e+04
                1400        2.228860e-04        5.800988e+04
                1500        1.817670e-04        5.568164e+04
                1600        1.996710e-04        5.568598e+04
                1700        1.591190e-04        5.568598e+04
                1800        1.601090e-04        4.555864e+04
                1900        1.527610e-04        4.557845e+04
                2000        1.986840e-04        3.887078e+04
                2100        1.532780e-04        3.886664e+04
                2200        1.662790e-04        3.575430e+04
                2300        1.700990e-04        3.575188e+04
                2400        1.792750e-04        3.311162e+04
                2500        2.079220e-04        3.310933e+04
                2600        2.135070e-04        2.831777e+04
                2700        1.666670e-04        2.831777e+04
                2800        1.869410e-04        2.808040e+04
                2900        1.817950e-04        2.807768e+04
                3000        2.477040e-04        2.345443e+04
                3100        2.286590e-04        2.356260e+04
                3200        2.468070e-04        2.400768e+04
                3300        2.359690e-04        2.024637e+04
                3400        1.604830e-04        2.023115e+04
                3500        2.057960e-04        1.874384e+04
                3600        1.657030e-04        1.872862e+04
                3700        2.001070e-04        1.440685e+04
                3800        1.770960e-04        1.442052e+04
                3900        1.894490e-04        1.307442e+04
                4000        1.795560e-04        1.161501e+04
                4100        2.040970e-04        1.161436e+04
                4200        2.265240e-04        1.041816e+04
                4300        2.302250e-04        1.046929e+04
                4400        2.171750e-04        9.572273e+03
                4500        2.300300e-04        9.574759e+03
                4600        2.473580e-04        9.573617e+03
                4700        2.535780e-04        9.574759e+03
                4800        2.233960e-04        8.485724e+03
                4900        1.672400e-04        8.485920e+03
                5000        2.137980e-04        8.483370e+03
                5100        1.992970e-04        7.180207e+03
                5200        1.670000e-04        7.180841e+03
                5300        1.932770e-04        7.180115e+03
                5400        1.832770e-04        6.143216e+03
                5500        2.054210e-04        6.140449e+03
                5600        1.693850e-04        4.883372e+03
                5700        1.985130e-04        4.797146e+03
                5800        1.690500e-04        4.793579e+03
                5900        1.969810e-04        4.314410e+03
                6000        1.707560e-04        4.085244e+03
                6100        1.974200e-04        4.073932e+03
                6200        1.723310e-04        3.413528e+03
                6300        1.950110e-04        3.413528e+03
                6400        1.640570e-04        2.862391e+03
                6500        1.853970e-04        2.423159e+03
                6600        1.675690e-04        2.423213e+03
                6700        1.826320e-04        2.423159e+03
                6800        1.479100e-04        2.423208e+03
                6900        2.212200e-04        2.307768e+03
                7000        1.498270e-04        2.307741e+03
                7100        2.126760e-04        2.307768e+03
                7200        1.730090e-04        1.994280e+03
                7300        1.799360e-04        1.994091e+03
                7400        1.899950e-04        1.994036e+03
                7500        2.306820e-04        1.843039e+03
                7600        2.360270e-04        1.843068e+03
                7700        2.378800e-04        1.843068e+03
                7800        2.553350e-04        1.735651e+03
                7900        1.531500e-04        1.735642e+03
                8000        2.122350e-04        1.735642e+03
                8100        1.466730e-04        1.735642e+03
                8200        2.125980e-04        1.547319e+03
                8300        1.491370e-04        1.550017e+03
                8400        2.257950e-04        1.205856e+03
                8500        1.742510e-04        1.206525e+03
                8600        2.422360e-04        1.177083e+03
                8700        1.576700e-04        1.016987e+03
                8800        2.015830e-04        1.018208e+03
                8900        1.550080e-04        9.835188e+02
                9000        2.197210e-04        8.664737e+02
                9100        1.870160e-04        8.671871e+02
                9200        1.947710e-04        8.506019e+02
                9300        2.241620e-04        6.505311e+02
                9400        2.519670e-04        6.507212e+02
                9500        2.268190e-04        6.458397e+02
                9600        2.395670e-04        5.990288e+02
                9700        1.925560e-04        5.988077e+02
                9800        2.549860e-04        5.610908e+02
                9900        2.240680e-04        4.756653e+02
               10000        2.766600e-04        4.759669e+02
               10100        2.036140e-04        4.414558e+02
               10200        1.884450e-04        4.236745e+02
               10300        2.498070e-04        4.229318e+02
               10400        2.388110e-04        4.025849e+02
               10500        2.263830e-04        3.695520e+02
               10600        1.634320e-04        3.697695e+02
               10700        2.224110e-04        3.160027e+02
               10800        1.571510e-04        3.144524e+02
               10900        2.036000e-04        2.806389e+02
               11000        1.941620e-04        2.810953e+02
               11100        1.770650e-04        2.671901e+02
               11200        2.854390e-04        2.349734e+02
               11300        1.759130e-04        2.357207e+02
               11400        2.614090e-04        2.318743e+02
               11500        2.502300e-04        2.315405e+02
               11600        2.414740e-04        1.998627e+02
               11700        2.247860e-04        2.008691e+02
               11800        2.541760e-04        2.000697e+02
               11900        1.697440e-04        1.946685e+02
               12000        2.024060e-04        1.841073e+02
               12100        1.489010e-04        1.840792e+02
               12200        2.069030e-04        1.840680e+02
               12300        1.526330e-04        1.841076e+02
               12400        1.802690e-04        1.591775e+02
               12500        2.017790e-04        1.592118e+02
               12600        2.283570e-04        1.593164e+02
               12700        1.992280e-04        1.510860e+02
               12800        2.144100e-04        1.510777e+02
               12900        1.847840e-04        1.510765e+02
               13000        1.836990e-04        1.263177e+02
               13100        2.005520e-04        1.266892e+02
               13200        1.661720e-04        1.203437e+02
               13300        1.851300e-04        1.009002e+02
               13400        1.978570e-04        1.009667e+02
               13500        1.736160e-04        1.003581e+02
               13600        1.908540e-04        9.329253e+01
               13700        1.665920e-04        9.324306e+01
               13800        1.887430e-04        8.672553e+01
               13900        1.830160e-04        8.000189e+01
               14000        1.971460e-04        7.999757e+01
               14100        1.723580e-04        7.999757e+01
               14200        1.973680e-04        8.000203e+01
               14300        1.572200e-04        7.147276e+01
               14400        2.110620e-04        7.136942e+01
               14500        1.600310e-04        6.769000e+01
               14600        2.175690e-04        6.497317e+01
               14700        1.919920e-04        6.495529e+01
               14800        2.304290e-04        5.874657e+01
               14900        2.437630e-04        5.874657e+01
               15000        2.104560e-04        4.971650e+01
               15100        1.750850e-04        4.343103e+01
               15200        1.810140e-04        4.341314e+01
               15300        1.634950e-04        4.343103e+01
               15400        1.882180e-04        4.343103e+01
               15500        1.710960e-04        3.935348e+01
               15600        1.866860e-04        3.935511e+01
               15700        1.683520e-04        3.943269e+01
               15800        1.925500e-04        3.736419e+01
               15900        1.720370e-04        3.659481e+01
               16000        1.962940e-04        3.168548e+01
               16100        1.738150e-04        3.168519e+01
               16200        1.981920e-04        3.168820e+01
               16300        1.680060e-04        3.123182e+01
               16400        1.979740e-04        2.889533e+01
               16500        1.650030e-04        2.701882e+01
               16600        2.101010e-04        2.615196e+01
               16700        2.887410e-04        2.615196e+01
               16800        2.621990e-04        2.615196e+01
               16900        1.626330e-04        2.400038e+01
               17000        2.159900e-04        2.100028e+01
               17100        1.544920e-04        2.100006e+01
               17200        2.142380e-04        2.100028e+01
               17300        1.874880e-04        2.006954e+01
               17400        2.254460e-04        1.882464e+01
               17500        2.265790e-04        1.876149e+01
               17600        2.410370e-04        1.882077e+01
               17700        1.814140e-04        1.733703e+01
               17800        1.920890e-04        1.717241e+01
               17900        1.705510e-04        1.715862e+01
               18000        1.702160e-04        1.698725e+01
               18100        2.048740e-04        1.460928e+01
               18200        2.258670e-04        1.462091e+01
               18300        2.225040e-04        1.385783e+01
               18400        2.236880e-04        1.365532e+01
               18500        2.289870e-04        1.367468e+01
               18600        2.453870e-04        1.352504e+01
               18700        2.438410e-04        1.354445e+01
               18800        1.721730e-04        1.268093e+01
               18900        1.480660e-04        1.268036e+01
               19000        2.012970e-04        1.268093e+01
               19100        1.635140e-04        1.268093e+01
               19200        2.142010e-04        1.268093e+01
               19300        1.733780e-04        1.268036e+01
               19400        2.079740e-04        1.131900e+01
               19500        1.605660e-04        1.131363e+01
               19600        2.282760e-04        1.012605e+01
               19700        1.553880e-04        1.012625e+01
               19800        2.137370e-04        1.012578e+01
               19900        1.903080e-04        1.012627e+01
               20000        2.457800e-04        1.012605e+01
               20100        1.556310e-04        9.270011e+00
               20200        2.088480e-04        9.277342e+00
               20300        1.661390e-04        8.557174e+00
               20400        2.031410e-04        7.774634e+00
               20500        1.676090e-04        7.754859e+00
               20600        1.758900e-04        7.382652e+00
               20700        1.956770e-04        7.327845e+00
               20800        2.335790e-04        6.708773e+00
               20900        2.390980e-04        6.711702e+00
               21000        2.377460e-04        6.005071e+00
               21100        2.504860e-04        5.691792e+00
               21200        1.748730e-04        5.901156e+00
               21300        2.328450e-04        5.901409e+00
               21400        2.526980e-04        5.865850e+00
               21500        2.396700e-04        5.085723e+00
               21600        1.604930e-04        4.962002e+00
               21700        2.160190e-04        4.538282e+00
               21800        1.531550e-04        4.509593e+00
               21900        2.018510e-04        4.530559e+00
               22000        1.860810e-04        3.898341e+00
               22100        2.366770e-04        3.914163e+00
               22200        2.192990e-04        3.829255e+00
               22300        2.363590e-04        3.580523e+00
               22400        2.418620e-04        3.572002e+00
               22500        2.443630e-04        3.314157e+00
               22600        2.414310e-04        3.048442e+00
               22700        1.758710e-04        3.036743e+00
               22800        2.097410e-04        2.696645e+00
               22900        1.726000e-04        2.563903e+00
               23000        2.064140e-04        2.570594e+00
               23100        2.091530e-04        2.367211e+00
               23200        2.243770e-04        2.214128e+00
               23300        2.275060e-04        2.212645e+00
               23400        2.546370e-04        2.189628e+00
               23500        2.083980e-04        2.117016e+00
               23600        1.957210e-04        1.964105e+00
               23700        1.803280e-04        1.960058e+00
               23800        2.497090e-04        1.846524e+00
               23900        1.491950e-04        1.717109e+00
               24000        1.684550e-04        1.723603e+00
               24100        2.236560e-04        1.643662e+00
               24200        1.648030e-04        1.428941e+00
               24300        1.755450e-04        1.429036e+00
               24400        1.731130e-04        1.428941e+00
               24500        1.766270e-04        1.429112e+00
               24600        1.648150e-04        1.298541e+00
               24700        1.867610e-04        1.298583e+00
               24800        2.466790e-04        1.298684e+00
               24900        2.036580e-04        1.298541e+00
               25000        2.213070e-04        1.301942e+00
               25100        1.915180e-04        1.117326e+00
               25200        2.464030e-04        1.118470e+00
               25300        1.668830e-04        1.095465e+00
               25400        2.496830e-04        9.661408e-01
               25500        2.325790e-04        9.643297e-01
               25600        2.411970e-04        9.067454e-01
               25700        1.794100e-04        7.759625e-01
               25800        2.361410e-04        7.792712e-01
               25900        1.733870e-04        7.388379e-01
               26000        2.503680e-04        7.136753e-01
               26100        1.511720e-04        7.185967e-01
               26200        2.735600e-04        6.917585e-01
               26300        2.396960e-04        6.541361e-01
               26400        2.401050e-04        6.568048e-01
               26500        2.169950e-04        6.226124e-01
               26600        2.548560e-04        5.820036e-01
               26700        1.948820e-04        5.847650e-01
               26800        1.509560e-04        5.100470e-01
               26900        2.413530e-04        4.850652e-01
               27000        1.687210e-04        4.819457e-01
               27100        2.800590e-04        4.668961e-01
               27200        1.437740e-04        4.490355e-01
               27300        2.315350e-04        4.491272e-01
               27400        1.391890e-04        4.000258e-01
               27500        2.294000e-04        3.518964e-01
               27600        1.335080e-04        3.519414e-01
               27700        2.235400e-04        3.518833e-01
               27800        1.785830e-04        3.403761e-01
               27900        2.289010e-04        3.404039e-01
               28000        1.408310e-04        3.403761e-01
               28100        2.337330e-04        3.403761e-01
               28200        1.409100e-04        2.870252e-01
               28300        2.323130e-04        2.870173e-01
               28400        1.425970e-04        2.722088e-01
               28500        2.255830e-04        2.542594e-01
               28600        1.460970e-04        2.542982e-01
               28700        2.244220e-04        2.250327e-01
               28800        1.805110e-04        2.169945e-01
               28900        2.278370e-04        2.169509e-01
               29000        1.992390e-04        2.169462e-01
               29100        2.016760e-04        2.169945e-01
               29200        2.042900e-04        2.000193e-01
               29300        2.125070e-04        2.000238e-01
               29400        2.373200e-04        2.000193e-01
               29500        2.123020e-04        2.000193e-01
               29600        2.408590e-04        1.792504e-01
               29700        2.423790e-04        1.540010e-01
               29800        2.040300e-04        1.542991e-01
               29900        2.208410e-04        1.464807e-01
               30000        2.282230e-04        1.297639e-01
               30100        2.048720e-04        1.297600e-01
               30200        1.629540e-04        1.308328e-01
               30300        2.044580e-04        1.256579e-01
               30400        1.652120e-04        1.146170e-01
               30500        2.256470e-04        1.146170e-01
               30600        1.761200e-04        1.146131e-01
               30700        2.288590e-04        1.146105e-01
               30800        1.635380e-04        1.087121e-01
               30900        1.743240e-04        1.087121e-01
               31000        1.607060e-04        1.087121e-01
               31100        1.771290e-04        1.108052e-01
               31200        2.049840e-04        1.108201e-01
               31300        2.229640e-04        1.108066e-01
               31400        1.794510e-04        1.110454e-01
               31500        2.224560e-04        1.110284e-01
               31600        1.625700e-04        1.110290e-01
               31700        1.759360e-04        1.030060e-01
               31800        1.608180e-04        1.028826e-01
               31900        1.735820e-04        1.028826e-01
               32000        1.723450e-04        8.994499e-02
               32100        2.223170e-04        8.534524e-02
               32200        1.913290e-04        7.340323e-02
               32300        2.319060e-04        7.303442e-02
               32400        1.934280e-04        6.843906e-02
               32500        2.500280e-04        6.811243e-02
               32600        1.932030e-04        6.204118e-02
               32700        2.023820e-04        6.198093e-02
               32800        2.072450e-04        6.204118e-02
               32900        2.112060e-04        5.282854e-02
               33000        2.096350e-04        5.286794e-02
               33100        2.293500e-04        5.137572e-02
               33200        2.271440e-04        5.032493e-02
               33300        1.969650e-04        5.031992e-02
               33400        2.138180e-04        4.437936e-02
               33500        1.882570e-04        4.170136e-02
               33600        2.174380e-04        4.170136e-02
               33700        2.190280e-04        4.170719e-02
               33800        1.877150e-04        4.170136e-02
               33900        2.071820e-04        3.979588e-02
               34000        1.802570e-04        3.988814e-02
               34100        2.082070e-04        3.627400e-02
               34200        1.800660e-04        3.333622e-02
               34300        2.264940e-04        3.337390e-02
               34400        1.873650e-04        3.317606e-02
               34500        1.660350e-04        3.121872e-02
               34600        2.350490e-04        2.922679e-02
               34700        1.965460e-04        2.918750e-02
               34800        2.492870e-04        2.932713e-02
               34900        2.087270e-04        2.671555e-02
               35000        2.117870e-04        2.442942e-02
               35100        2.246760e-04        2.442942e-02
               35200        2.284470e-04        2.442942e-02
               35300        2.259720e-04        2.441313e-02
               35400        2.260500e-04        2.360819e-02
               35500        2.261770e-04        2.360915e-02
               35600        2.393010e-04        2.360921e-02
               35700        2.294280e-04        2.222289e-02
               35800        2.315750e-04        2.223553e-02
               35900        2.423550e-04        2.222258e-02
               36000        2.312900e-04        2.005210e-02
               36100        2.184580e-04        1.739467e-02
               36200        1.881250e-04        1.740309e-02
               36300        2.126740e-04        1.739467e-02
               36400        1.888730e-04        1.739467e-02
               36500        2.163940e-04        1.712544e-02
               36600        1.863620e-04        1.712497e-02
               36700        2.162290e-04        1.712728e-02
               36800        1.882920e-04        1.613916e-02
               36900        2.182970e-04        1.614975e-02
               37000        1.907390e-04        1.506353e-02
               37100        2.153440e-04        1.323916e-02
               37200        1.875020e-04        1.323968e-02
               37300        2.157990e-04        1.157200e-02
               37400        1.940880e-04        1.097670e-02
               37500        2.149030e-04        1.097670e-02
               37600        2.287120e-04        1.097793e-02
               37700        2.257940e-04        1.097847e-02
               37800        2.088500e-04        1.053200e-02
               37900        2.266570e-04        1.053200e-02
               38000        1.925610e-04        1.053200e-02
               38100        2.537360e-04        9.864259e-03
               38200        2.388010e-04        9.864259e-03
               38300        1.550610e-04        9.864259e-03
               38400        2.258390e-04        9.591347e-03
               38500        1.509930e-04        9.590245e-03
               38600        2.218260e-04        9.589906e-03
               38700        2.087120e-04        9.816924e-03
               38800        2.143440e-04        9.816924e-03
               38900        2.208800e-04        9.816924e-03
               39000        2.278110e-04        9.129825e-03
               39100        2.291940e-04        9.124487e-03
               39200        2.472390e-04        9.128829e-03
               39300        2.094870e-04        9.128829e-03
               39400        2.562990e-04        8.343811e-03
               39500        2.190010e-04        8.339611e-03
               39600        2.673390e-04        7.766994e-03
               39700        2.325190e-04        7.738034e-03
               39800        2.614150e-04        7.802954e-03
               39900        2.226840e-04        7.186427e-03
               40000        2.510060e-04        6.054394e-03
               40100        2.141210e-04        6.053071e-03
               40200        2.428430e-04        6.053586e-03
               40300        2.267270e-04        6.053071e-03
               40400        2.046170e-04        5.581954e-03
               40500        2.406540e-04        5.582029e-03
               40600        2.362310e-04        5.583005e-03
               40700        2.188140e-04        5.427276e-03
               40800        1.942950e-04        5.427273e-03
               40900        2.218670e-04        5.427273e-03
               41000        1.967180e-04        5.427212e-03
               41100        2.345470e-04        5.184650e-03
               41200        2.005140e-04        5.181943e-03
               41300        2.575630e-04        5.183381e-03
               41400        2.296440e-04        4.933602e-03
               41500        2.521470e-04        4.560921e-03
               41600        2.524060e-04        4.237636e-03
               41700        2.554180e-04        3.637389e-03
               41800        2.144430e-04        3.638365e-03
               41900        2.306010e-04        3.527982e-03
               42000        2.391690e-04        3.062886e-03
               42100        2.364390e-04        3.071988e-03
               42200        2.373730e-04        2.961412e-03
               42300        2.084350e-04        2.784672e-03
               42400        2.345970e-04        2.785088e-03
               42500        2.143010e-04        2.654760e-03
               42600        2.517220e-04        2.566281e-03
               42700        1.551960e-04        2.568250e-03
               42800        2.250130e-04        2.407356e-03
               42900        1.583800e-04        2.020886e-03
               43000        2.280590e-04        2.020916e-03
               43100        1.544300e-04        2.020892e-03
               43200        2.365910e-04        1.990914e-03
               43300        2.227880e-04        1.884950e-03
               43400        1.692880e-04        1.885603e-03
               43500        1.928780e-04        1.887748e-03
               43600        1.656190e-04        1.710201e-03
               43700        1.900360e-04        1.710133e-03
               43800        1.806030e-04        1.710201e-03
               43900        2.271120e-04        1.753386e-03
               44000        1.927020e-04        1.454365e-03
               44100        2.277130e-04        1.455215e-03
               44200        1.681550e-04        1.347493e-03
               44300        2.007080e-04        1.341472e-03
               44400        1.594080e-04        1.341363e-03
               44500        1.957040e-04        1.242585e-03
               44600        1.688460e-04        1.212347e-03
               44700        2.227310e-04        1.212960e-03
               44800        2.020200e-04        1.089741e-03
               44900        2.400710e-04        1.092674e-03
               45000        2.129640e-04        9.850575e-04
               45100        2.208360e-04        9.852761e-04
               45200        2.372010e-04        8.774892e-04
               45300        1.655170e-04        8.366868e-04
               45400        2.281040e-04        7.798984e-04
               45500        1.931670e-04        7.799089e-04
               45600        2.294640e-04        7.604762e-04
               45700        1.877100e-04        7.303907e-04
               45800        2.500230e-04        7.301453e-04
               45900        2.491620e-04        6.701142e-04
               46000        1.605070e-04        6.420640e-04
               46100        2.308000e-04        6.421686e-04
               46200        1.933240e-04        5.774845e-04
               46300        2.293300e-04        5.388071e-04
               46400        1.856810e-04        5.005550e-04
               46500        2.407520e-04        4.430989e-04
               46600        2.095350e-04        4.536648e-04
               46700        2.105580e-04        4.489140e-04
               46800        2.126650e-04        3.989656e-04
               46900        2.255260e-04        3.902668e-04
               47000        2.233590e-04        3.902702e-04
               47100        2.151670e-04        3.658655e-04
               47200        1.502310e-04        3.465930e-04
               47300        2.202700e-04        3.466141e-04
               47400        2.404250e-04        3.322337e-04
               47500        2.369910e-04        2.973873e-04
               47600        2.630900e-04        2.846734e-04
               47700        1.971910e-04        2.695452e-04
               47800        2.206150e-04        2.558218e-04
               47900        1.871870e-04        2.367421e-04
               48000        2.170550e-04        2.304473e-04
               48100        2.187420e-04        1.985489e-04
               48200        2.213500e-04        1.779504e-04
               48300        1.886660e-04        1.779490e-04
               48400        2.092040e-04        1.797704e-04
               48500        1.840740e-04        1.797334e-04
               48600        2.134800e-04        1.826770e-04
               48700        1.804390e-04        1.661192e-04
               48800        2.082470e-04        1.660981e-04
               48900        1.875870e-04        1.583660e-04
               49000        2.086630e-04        1.583666e-04
               49100        1.858940e-04        1.478686e-04
               49200        2.161340e-04        1.478478e-04
               49300        2.281430e-04        1.458991e-04
               49400        2.329770e-04        1.288342e-04
               49500        2.339820e-04        1.287098e-04
               49600        2.247680e-04        1.232012e-04
               49700        2.250290e-04        1.234298e-04
               49800        2.331390e-04        1.232911e-04
               49900        2.524280e-04        1.226137e-04
               50000        2.458420e-04        1.152648e-04
               50100        2.406730e-04        1.057823e-04
               50200        2.381770e-04        1.057946e-04
               50300        2.421850e-04        1.084381e-04
               50400        2.344010e-04        1.050575e-04
               50500        2.347410e-04        9.923907e-05
               50600        2.422630e-04        8.648622e-05
               50700        2.246130e-04        8.768146e-05
               50800        2.243920e-04        8.240305e-05
               50900        2.272840e-04        8.313015e-05
               51000        2.439510e-04        8.313108e-05
               51100        2.385520e-04        7.239624e-05
               51200        2.361680e-04        6.638985e-05
               51300        2.454570e-04        6.638831e-05
               51400        2.326780e-04        6.770494e-05
               51500        2.333030e-04        6.427703e-05
               51600        2.364850e-04        6.111075e-05
               51700        2.397440e-04        5.763855e-05
               51800        2.273570e-04        4.994401e-05
               51900        2.284790e-04        4.690859e-05
               52000        2.247890e-04        4.691241e-05
               52100        2.384730e-04        4.506485e-05
               52200        2.286610e-04        4.584664e-05
               52300        2.367450e-04        4.584704e-05
               52400        2.316800e-04        4.019954e-05
               52500        2.304720e-04        3.575488e-05
               52600        2.330180e-04        3.326457e-05
               52700        2.372740e-04        3.081956e-05
               52800        2.369560e-04        2.730723e-05
               52900        2.526210e-04        2.678592e-05
               53000        2.628310e-04        2.678796e-05
               53100        2.401300e-04        2.457539e-05
               53200        2.420250e-04        2.370093e-05
               53300        2.667170e-04        2.368636e-05
               53400        2.221000e-04        2.062428e-05
               53500        2.448990e-04        2.062899e-05
               53600        2.197870e-04        1.960284e-05
               53700        2.614740e-04        1.834681e-05
               53800        2.205890e-04        1.834567e-05
               53900        2.171450e-04        1.782969e-05
               54000        2.209710e-04        1.782969e-05
               54100        2.065240e-04        1.698254e-05
               54200        2.378980e-04        1.699098e-05
               54300        1.608220e-04        1.538743e-05
               54400        2.351820e-04        1.538759e-05
               54500        1.874460e-04        1.530931e-05
               54600        2.293760e-04        1.529965e-05
               54700        2.393610e-04        1.538743e-05
               54800        2.672830e-04        1.530931e-05
               54900        2.529540e-04        1.437862e-05
               55000        2.363870e-04        1.342184e-05
               55100        2.379280e-04        1.315672e-05
               55200        2.461580e-04        1.264837e-05
               55300        2.285700e-04        1.110129e-05
               55400        2.423720e-04        1.057523e-05
               55500        2.504040e-04        1.073452e-05
               55600        2.196790e-04        1.024884e-05
               55700        2.368400e-04        9.561707e-06
               55800        2.320600e-04        9.335147e-06
               55900        2.214120e-04        8.275241e-06
               56000        2.256010e-04        8.275241e-06
               56100        2.226870e-04        7.896604e-06
               56200        2.142050e-04        7.368351e-06
               56300        1.525740e-04        7.123671e-06
               56400        2.318090e-04        7.130023e-06
               56500        1.597930e-04        6.490061e-06
               56600        2.196260e-04        6.490258e-06
               56700        1.476200e-04        6.490061e-06
               56800        2.213800e-04        6.057826e-06
               56900        1.480460e-04        6.060284e-06
               57000        2.212740e-04        5.492755e-06
               57100        2.103950e-04        5.029311e-06
               57200        1.560320e-04        5.035416e-06
               57300        2.293630e-04        4.898850e-06
               57400        1.937400e-04        4.475859e-06
               57500        2.345320e-04        4.642145e-06
               57600        2.170810e-04        4.688177e-06
               57700        2.203810e-04        4.687728e-06
               57800        2.279200e-04        4.287143e-06
               57900        1.497590e-04        3.898596e-06
               58000        2.276090e-04        3.742312e-06
               58100        1.486550e-04        3.810234e-06
               58200        2.231840e-04        3.701689e-06
               58300        1.615310e-04        3.227233e-06
               58400        2.354540e-04        2.989177e-06
               58500        1.517200e-04        2.726186e-06
               58600        2.303620e-04        2.644230e-06
               58700        2.573320e-04        2.386139e-06
               58800        2.631790e-04        2.268808e-06
               58900        2.293500e-04        2.274324e-06
               59000        2.153570e-04        2.223840e-06
               59100        1.904090e-04        2.346707e-06
               59200        2.382860e-04        1.958449e-06
               59300        2.349630e-04        1.947249e-06
               59400        2.268220e-04        1.947249e-06
               59500        2.284530e-04        1.617313e-06
               59600        2.032760e-04        1.593694e-06
               59700        2.226970e-04        1.595072e-06
               59800        1.863290e-04        1.595904e-06
               59900        2.370350e-04        1.460857e-06
               60000        2.213230e-04        1.460828e-06
               60100        2.226540e-04        1.379823e-06
               60200        2.261350e-04        1.379816e-06
               60300        2.125990e-04        1.151149e-06
               60400        2.265250e-04        1.119444e-06
               60500        2.213050e-04        1.069827e-06
               60600        2.696250e-04        1.069313e-06
               60700        1.922350e-04        9.865574e-07
               60800        2.298720e-04        9.659537e-07
               60900        1.912070e-04        9.670511e-07
               61000        2.464880e-04        1.024591e-06
               61100        2.355710e-04        1.018687e-06
               61200        2.103190e-04        9.728778e-07
               61300        2.353020e-04        9.916210e-07
               61400        2.356490e-04        9.925360e-07
               61500        2.251980e-04        9.292526e-07
               61600        2.359430e-04        8.010391e-07
               61700        2.091740e-04        7.967690e-07
               61800        2.192970e-04        7.738924e-07
               61900        2.407600e-04        6.871513e-07
               62000        2.099930e-04        6.886426e-07
               62100        2.216950e-04        6.436907e-07
               62200        2.470180e-04        6.278842e-07
               62300        2.177120e-04        6.252842e-07
               62400        1.942560e-04        6.101159e-07
               62500        1.846940e-04        6.137154e-07
               62600        2.192600e-04        6.131970e-07
               62700        2.333620e-04        5.545958e-07
               62800        2.331870e-04        5.107198e-07
               62900        1.971910e-04        4.743203e-07
               63000        2.268570e-04        4.448252e-07
               63100        1.924970e-04        3.583683e-07
               63200        2.444050e-04        3.556420e-07
               63300        2.346370e-04        3.197517e-07
               63400        2.251520e-04        3.172628e-07
               63500        2.349030e-04        2.799991e-07
               63600        2.364090e-04        2.732336e-07
               63700        2.124810e-04        2.622711e-07
               63800        2.397470e-04        2.521540e-07
               63900        2.403800e-04        2.317760e-07
               64000        2.239410e-04        2.198386e-07
               64100        2.346890e-04        2.282636e-07
               64200        2.205600e-04        1.949213e-07
               64300        2.220820e-04        1.901597e-07
               64400        2.184580e-04        1.737661e-07
               64500        2.137350e-04        1.737661e-07
               64600        1.536710e-04        1.676603e-07
               64700        2.278500e-04        1.642293e-07
               64800        1.576490e-04        1.698447e-07
               64900        2.238880e-04        1.698843e-07
               65000        1.484890e-04        1.600158e-07
               65100        2.164130e-04        1.417860e-07
               65200        1.463490e-04        1.416691e-07
               65300        2.200570e-04        1.424604e-07
               65400        1.761640e-04        1.294061e-07
               65500        2.446130e-04        1.234157e-07
               65600        2.585100e-04        1.131576e-07
               65700        2.296230e-04        1.118574e-07
               65800        2.162710e-04        1.099978e-07
               65900        2.155820e-04        1.094225e-07
               66000        2.413750e-04        1.011676e-07
               66100        2.469480e-04        1.012967e-07
               66200        2.313600e-04        9.906350e-08
               66300        2.274770e-04        8.943374e-08
               66400        2.356090e-04        8.658296e-08
               66500        2.374220e-04        8.055586e-08
               66600        2.488610e-04        8.249458e-08
               66700        2.801740e-04        8.249692e-08
               66800        2.514940e-04        7.599589e-08
               66900        3.023530e-04        7.201869e-08
               67000        2.439010e-04        7.201717e-08
               67100        2.288000e-04        7.066476e-08
               67200        2.236230e-04        6.979795e-08
               67300        2.202790e-04        6.298615e-08
               67400        2.474850e-04        5.883522e-08
               67500        2.503440e-04        4.995019e-08
               67600        2.449670e-04        4.883244e-08
               67700        2.377350e-04        4.884665e-08
               67800        2.066980e-04        4.430889e-08
               67900        2.297300e-04        4.056472e-08
               68000        2.515240e-04        4.055710e-08
               68100        2.454750e-04        3.877652e-08
               68200        2.364130e-04        3.879397e-08
               68300        2.389030e-04        3.909189e-08
               68400        2.394990e-04        3.907789e-08
               68500        2.405080e-04        3.907789e-08
               68600        2.406110e-04        3.407411e-08
               68700        2.479230e-04        3.295194e-08
               68800        2.310910e-04        3.300498e-08
               68900        2.329450e-04        3.237666e-08
               69000        2.348990e-04        3.047548e-08
               69100        2.304870e-04        3.047099e-08
               69200        2.310740e-04        2.948592e-08
               69300        2.290000e-04        2.724529e-08
               69400        2.308000e-04        2.723860e-08
               69500        2.363280e-04        2.623203e-08
               69600        2.320170e-04        2.723860e-08
               69700        2.341550e-04        2.724529e-08
               69800        2.304940e-04        2.410476e-08
               69900        2.304310e-04        2.339531e-08
               70000        2.370710e-04        2.340539e-08
               70100        2.310610e-04        2.350281e-08
               70200        2.289290e-04        2.094547e-08
               70300        2.303350e-04        2.093787e-08
               70400        2.363860e-04        2.041812e-08
               70500        2.403930e-04        1.928683e-08
               70600        2.229040e-04        1.928793e-08
               70700        1.847670e-04        1.889614e-08
               70800        2.110930e-04        1.889512e-08
               70900        1.761830e-04        1.857621e-08
               71000        2.352660e-04        1.730589e-08
               71100        2.207100e-04        1.730224e-08
               71200        1.908840e-04        1.680735e-08
               71300        2.306180e-04        1.681597e-08
               71400        1.888540e-04        1.538347e-08
               71500        2.229560e-04        1.539169e-08
               71600        1.608240e-04        1.397038e-08
               71700        1.877860e-04        1.397080e-08
               71800        1.622090e-04        1.320301e-08
               71900        1.977250e-04        1.320078e-08
               72000        1.798610e-04        1.320301e-08
               72100        2.290320e-04        1.151913e-08
               72200        1.901980e-04        1.135401e-08
               72300        2.324420e-04        9.505133e-09
               72400        1.795690e-04        9.505133e-09
               72500        1.885400e-04        9.723017e-09
               72600        1.611960e-04        9.723017e-09
               72700        1.872100e-04        9.505133e-09
               72800        1.774080e-04        9.378930e-09
               72900        2.242620e-04        9.318284e-09
               73000        1.820140e-04        8.355126e-09
               73100        2.232170e-04        8.432692e-09
               73200        1.603140e-04        7.717139e-09
               73300        1.938680e-04        7.728229e-09
               73400        1.719680e-04        6.941271e-09
               73500        1.877920e-04        6.588995e-09
               73600        1.778360e-04        6.081167e-09
               73700        2.336050e-04        6.205237e-09
               73800        1.927300e-04        5.687636e-09
               73900        2.250400e-04        5.343784e-09
               74000        2.138390e-04        5.158853e-09
               74100        1.987380e-04        4.743755e-09
               74200        2.214590e-04        4.678881e-09
               74300        2.064840e-04        4.332902e-09
               74400        2.120380e-04        4.076382e-09
               74500        2.479680e-04        3.934030e-09
               74600        2.140870e-04        3.593534e-09
               74700        2.320170e-04        3.392095e-09
               74800        2.093810e-04        3.428925e-09
               74900        2.160070e-04        3.212545e-09
               75000        2.081860e-04        3.161074e-09
               75100        2.429790e-04        3.106365e-09
               75200        1.995640e-04        3.039068e-09
               75300        2.122850e-04        2.687154e-09
               75400        2.097680e-04        2.614439e-09
               75500        2.176830e-04        2.460159e-09
               75600        2.525480e-04        2.420659e-09
               75700        2.278320e-04        2.289565e-09
               75800        2.213230e-04        2.014194e-09
               75900        1.915470e-04        1.913585e-09
               76000        2.110150e-04        1.841857e-09
               76100        1.839400e-04        1.805921e-09
               76200        2.356760e-04        1.746677e-09
               76300        1.850940e-04        1.679966e-09
               76400        2.395490e-04        1.647868e-09
               76500        1.485990e-04        1.562830e-09
               76600        2.309210e-04        1.445842e-09
               76700        2.498490e-04        1.426838e-09
               76800        2.503560e-04        1.429470e-09
               76900        2.432730e-04        1.412128e-09
               77000        2.227090e-04        1.330289e-09
               77100        1.883900e-04        1.204398e-09
               77200        2.154650e-04        1.168593e-09
               77300        1.898000e-04        1.113418e-09
               77400        2.188210e-04        1.113342e-09
               77500        1.857690e-04        1.033010e-09
               77600        2.155790e-04        9.515868e-10
               77700        1.858270e-04        9.324616e-10
               77800        2.184380e-04        8.860866e-10
               77900        1.848710e-04        8.621234e-10
               78000        2.154000e-04        8.891069e-10
               78100        1.855720e-04        8.531557e-10
               78200        2.220140e-04        8.581820e-10
               78300        2.415720e-04        7.625620e-10
               78400        2.260320e-04        6.858567e-10
               78500        2.333190e-04        6.821743e-10
               78600        2.264170e-04        7.284712e-10
               78700        2.738570e-04        6.711537e-10
               78800        1.566340e-04        6.699735e-10
               78900        2.301140e-04        5.960594e-10
               79000        1.984050e-04        5.637514e-10
               79100        2.368140e-04        5.637672e-10
               79200        2.176210e-04        5.555345e-10
               79300        2.568590e-04        5.157507e-10
               79400        2.375360e-04        4.916710e-10
               79500        2.515500e-04        4.479890e-10
               79600        2.244800e-04        4.469101e-10
               79700        2.528210e-04        4.102662e-10
               79800        2.216210e-04        3.836189e-10
               79900        2.910450e-04        3.836286e-10
               80000        2.333620e-04        3.667957e-10
               80100        2.120850e-04        3.651499e-10
               80200        2.356060e-04        3.444485e-10
               80300        2.392570e-04        3.444993e-10
               80400        2.378180e-04        3.354048e-10
               80500        2.020920e-04        3.354048e-10
               80600        2.404250e-04        2.887985e-10
               80700        1.988970e-04        2.889752e-10
               80800        2.469490e-04        2.856582e-10
               80900        2.420490e-04        2.858645e-10
               81000        2.349810e-04        2.756432e-10
               81100        2.343790e-04        2.756432e-10
               81200        2.303820e-04        2.649539e-10
               81300        2.255800e-04        2.649708e-10
               81400        2.277110e-04        2.621814e-10
               81500        2.137040e-04        2.512777e-10
               81600        2.185920e-04        2.556246e-10
               81700        2.174730e-04        2.364533e-10
               81800        2.113560e-04        2.288773e-10
               81900        2.203960e-04        2.117934e-10
               82000        2.085150e-04        2.113473e-10
               82100        2.113780e-04        1.893071e-10
               82200        2.385170e-04        1.878506e-10
               82300        2.241810e-04        1.878672e-10
               82400        2.446980e-04        1.828505e-10
               82500        2.369900e-04        1.828500e-10
               82600        2.297890e-04        1.862620e-10
               82700        2.354190e-04        1.862620e-10
               82800        2.138690e-04        1.571708e-10
               82900        2.268150e-04        1.571970e-10
               83000        2.375930e-04        1.376110e-10
               83100        2.101240e-04        1.376003e-10
               83200        2.420290e-04        1.325255e-10
               83300        2.092350e-04        1.325183e-10
               83400        2.051510e-04        1.174630e-10
               83500        1.997440e-04        1.152928e-10
               83600        2.037600e-04        1.071933e-10
               83700        2.084100e-04        1.037302e-10
               83800        2.149190e-04        9.850325e-11
               83900        2.164190e-04        9.411067e-11
               84000        2.480420e-04        8.793069e-11
               84100        2.151890e-04        8.514720e-11
               84200        2.236100e-04        8.070941e-11
               84300        2.301610e-04        7.881255e-11
               84400        2.127060e-04        7.920383e-11
               84500        1.834900e-04        7.702375e-11
               84600        2.183650e-04        7.699521e-11
               84700        1.782080e-04        7.302551e-11
               84800        1.673340e-04        7.302563e-11
               84900        2.390990e-04        6.310207e-11
               85000        2.000190e-04        6.311981e-11
               85100        2.542800e-04        6.318946e-11
               85200        2.220020e-04        6.318639e-11
               85300        2.193980e-04        6.318946e-11
               85400        2.118600e-04        6.168618e-11
               85500        2.324920e-04        6.137261e-11
               85600        2.440090e-04        5.646017e-11
               85700        2.404380e-04        5.063197e-11
               85800        2.330250e-04        4.851690e-11
               85900        2.359480e-04        4.940998e-11
               86000        2.312260e-04        4.811167e-11
               86100        2.355850e-04        4.811167e-11
               86200        2.333830e-04        4.809265e-11
               86300        2.386760e-04        4.246118e-11
               86400        2.315160e-04        4.113685e-11
               86500        2.381010e-04        4.050305e-11
               86600        2.278130e-04        3.891897e-11
               86700        2.336340e-04        3.977170e-11
               86800        2.353040e-04        3.980715e-11
               86900        2.352810e-04        3.605355e-11
               87000        2.324670e-04        3.605355e-11
               87100        2.339960e-04        3.495212e-11
               87200        2.336310e-04        3.468102e-11
               87300        2.323820e-04        3.318026e-11
               87400        2.306030e-04        3.317812e-11
               87500        2.209030e-04        3.172632e-11
               87600        1.735780e-04        2.929704e-11
               87700        2.360560e-04        2.929393e-11
               87800        1.973590e-04        2.756834e-11
               87900        2.461050e-04        2.756536e-11
               88000        2.161920e-04        2.600990e-11
               88100        2.201730e-04        2.601456e-11
               88200        2.161030e-04        2.272453e-11
               88300        2.010040e-04        2.272605e-11
               88400        2.392170e-04        2.326852e-11
               88500        1.570390e-04        2.326978e-11
               88600        2.567200e-04        2.304490e-11
               88700        1.907790e-04        2.305030e-11
               88800        2.293150e-04        2.002074e-11
               88900        1.892000e-04        2.002074e-11
               89000        2.383090e-04        2.007534e-11
               89100        2.116890e-04        1.967923e-11
               89200        2.359280e-04        1.789412e-11
               89300        2.313040e-04        1.789784e-11
               89400        2.304790e-04        1.603879e-11
               89500        2.270180e-04        1.634423e-11
               89600        2.120740e-04        1.634395e-11
               89700        2.128880e-04        1.368915e-11
               89800        2.148390e-04        1.269522e-11
               89900        2.182720e-04        1.327413e-11
               90000        2.131420e-04        1.275585e-11
               90100        2.265190e-04        1.267581e-11
               90200        2.121720e-04        1.161245e-11
               90300        2.199010e-04        1.161246e-11
               90400        1.575660e-04        1.170190e-11
               90500        2.185890e-04        1.083216e-11
               90600        1.577820e-04        1.083216e-11
               90700        2.178870e-04        1.061096e-11
               90800        1.567360e-04        1.061196e-11
               90900        2.188230e-04        1.049388e-11
               91000        1.556900e-04        9.655384e-12
               91100        2.179680e-04        9.611740e-12
               91200        2.070910e-04        8.800266e-12
               91300        2.101110e-04        8.609203e-12
               91400        2.253270e-04        7.773724e-12
               91500        2.170760e-04        7.436084e-12
               91600        2.227570e-04        7.436084e-12
               91700        2.270390e-04        6.723003e-12
               91800        2.171410e-04        6.565264e-12
               91900        2.287850e-04        6.565264e-12
               92000        2.265620e-04        5.695271e-12
               92100        2.191240e-04        5.668293e-12
               92200        2.136380e-04        5.509243e-12
               92300        2.233500e-04        5.510134e-12
               92400        2.345420e-04        5.404035e-12
               92500        2.275210e-04        4.735385e-12
               92600        2.158170e-04        4.734382e-12
               92700        2.391310e-04        4.992038e-12
               92800        3.110200e-04        4.279744e-12
               92900        2.153870e-04        4.167517e-12
               93000        2.260150e-04        4.167223e-12
               93100        2.158280e-04        4.212701e-12
               93200        2.087730e-04        3.684514e-12
               93300        2.122710e-04        3.633084e-12
               93400        2.068380e-04        3.416340e-12
               93500        2.159180e-04        3.208629e-12
               93600        2.140190e-04        3.248390e-12
               93700        2.110260e-04        3.142994e-12
               93800        2.080150e-04        3.191283e-12
               93900        2.149580e-04        3.143467e-12
               94000        2.525650e-04        2.785939e-12
               94100        2.229760e-04        2.786101e-12
               94200        2.147700e-04        2.759973e-12
               94300        2.112630e-04        2.759941e-12
               94400        2.083420e-04        2.571801e-12
               94500        2.111460e-04        2.571789e-12
               94600        2.106280e-04        2.532903e-12
               94700        2.130150e-04        2.532903e-12
               94800        2.141430e-04        2.389017e-12
               94900        2.130480e-04        2.379464e-12
               95000        2.593500e-04        2.193909e-12
               95100        2.029260e-04        2.127378e-12
               95200        2.035750e-04        1.866609e-12
               95300        2.033600e-04        1.709036e-12
               95400        2.049620e-04        1.727167e-12
               95500        2.042160e-04        1.491004e-12
               95600        2.084930e-04        1.491351e-12
               95700        2.081160e-04        1.448055e-12
               95800        2.031400e-04        1.448055e-12
               95900        2.048090e-04        1.311392e-12
               96000        2.135790e-04        1.311392e-12
               96100        2.046830e-04        1.246925e-12
               96200        2.010590e-04        1.246925e-12
               96300        1.991530e-04        1.225670e-12
               96400        2.031730e-04        1.137764e-12
               96500        2.098530e-04        1.039146e-12
               96600        2.028550e-04        1.021677e-12
               96700        2.036320e-04        9.151620e-13
               96800        2.032670e-04        8.653713e-13
               96900        2.032430e-04        8.217242e-13
               97000        2.160140e-04        7.618301e-13
               97100        2.328820e-04        7.961883e-13
               97200        2.316400e-04        7.960763e-13
               97300        2.336000e-04        7.476024e-13
               97400        2.245770e-04        7.476719e-13
               97500        2.336520e-04        7.040794e-13
               97600        2.790970e-04        7.040794e-13
               97700        3.000840e-04        6.755339e-13
               97800        3.038100e-04        6.755342e-13
               97900        2.691620e-04        5.930386e-13
               98000        2.766610e-04        5.929544e-13
               98100        1.828130e-04        6.063339e-13
               98200        1.807230e-04        6.056447e-13
               98300        1.644220e-04        5.215776e-13
               98400        1.535450e-04        5.254107e-13
               98500        1.629570e-04        5.215418e-13
               98600        1.644790e-04        5.278909e-13
               98700        1.640180e-04        5.278909e-13
               98800        1.631760e-04        5.274500e-13
               98900        1.632110e-04        5.278909e-13
               99000        1.630690e-04        4.996017e-13
               99100        1.634750e-04        4.851674e-13
               99200        1.637980e-04        4.595114e-13
               99300        1.623780e-04        4.178204e-13
               99400        1.635230e-04        3.986695e-13
               99500        1.630170e-04        3.824401e-13
               99600        1.535840e-04        3.475050e-13
               99700        1.427600e-04        3.316591e-13
               99800        1.421990e-04        3.036096e-13
               99900        1.430480e-04        2.679635e-13
              100000        1.446760e-04        2.600187e-13
