Period: 100
               Epoch           Time cost                Loss
                 100        1.181730e-04        1.440014e+04
                 200        5.545000e-05        9.034963e+03
                 300        5.428000e-05        5.036434e+03
                 400        5.155000e-05        3.040890e+03
                 500        6.122600e-05        1.780047e+03
                 600        4.721700e-05        1.166255e+03
                 700        4.697600e-05        6.376443e+02
                 800        7.301500e-05        3.001812e+02
                 900        4.780100e-05        1.479961e+02
                1000        4.770500e-05        8.073555e+01
                1100        4.814200e-05        3.836995e+01
                1200        5.009500e-05        1.962315e+01
                1300        4.839200e-05        1.134987e+01
                1400        4.803600e-05        6.047342e+00
                1500        4.771000e-05        3.261965e+00
                1600        4.765000e-05        1.737439e+00
                1700        4.725700e-05        9.956298e-01
                1800        4.864600e-05        5.724396e-01
                1900        4.780100e-05        3.091002e-01
                2000        5.176300e-05        1.466575e-01
                2100        4.721200e-05        7.492096e-02
                2200        4.698300e-05        4.302806e-02
                2300        4.679100e-05        2.428293e-02
                2400        4.693000e-05        1.384448e-02
                2500        4.663200e-05        8.200750e-03
                2600        6.852800e-05        3.025345e-03
                2700        5.642500e-05        1.391884e-03
                2800        6.053600e-05        5.832870e-04
                2900        5.958800e-05        2.934621e-04
                3000        5.925700e-05        1.360018e-04
                3100        5.989400e-05        5.954013e-05
                3200        6.202400e-05        3.411043e-05
                3300        6.252600e-05        2.016319e-05
                3400        5.969000e-05        1.026942e-05
                3500        5.921300e-05        4.717970e-06
                3600        5.903400e-05        3.060163e-06
                3700        6.000700e-05        1.602877e-06
                3800        5.884200e-05        7.502328e-07
                3900        5.958400e-05        4.162987e-07
                4000        5.905300e-05        2.577330e-07
                4100        5.906800e-05        2.577468e-07
                4200        6.156700e-05        6.496106e-08
                4300        5.823000e-05        3.594480e-08
                4400        5.960300e-05        2.096557e-08
                4500        5.975100e-05        1.215546e-08
                4600        6.108500e-05        6.652065e-09
                4700        5.935300e-05        3.327385e-09
                4800        5.995100e-05        1.547074e-09
                4900        5.940000e-05        8.522577e-10
                5000        6.020000e-05        3.552316e-10
                5100        5.934800e-05        2.626759e-10
                5200        5.948100e-05        1.254092e-10
                5300        5.997200e-05        5.379240e-11
                5400        6.003200e-05        2.158738e-11
                5500        5.966700e-05        8.988745e-12
                5600        5.962300e-05        6.145577e-12
                5700        5.958500e-05        2.563397e-12
                5800        5.967000e-05        1.093352e-12
                5900        5.990300e-05        5.676987e-13
                6000        5.957600e-05        2.877361e-13
                6100        5.925800e-05        1.195793e-13
                6200        6.211400e-05        5.338474e-14
                6300        6.247400e-05        2.817018e-14
                6400        6.272400e-05        1.353307e-14
                6500        6.251400e-05        7.206067e-15
                6600        6.547400e-05        3.604995e-15
                6700        6.327700e-05        1.893896e-15
                6800        6.404400e-05        1.196384e-15
                6900        6.299700e-05        6.362674e-16
                7000        6.339700e-05        3.764460e-16
                7100        6.505800e-05        2.156608e-16
                7200        6.403700e-05        1.166593e-16
                7300        6.399300e-05        5.458867e-17
                7400        6.455600e-05        1.244612e-17
                7500        5.244200e-05        6.687058e-18
                7600        6.328000e-05        3.303517e-18
                7700        6.318200e-05        1.552406e-18
                7800        6.412800e-05        9.452315e-19
                7900        6.350000e-05        6.118856e-19
                8000        7.844400e-05        6.118856e-19
                8100        6.617500e-05        3.819381e-19
                8200        6.393600e-05        3.819381e-19
                8300        5.801300e-05        5.100248e-20
                8400        4.734400e-05        5.100248e-20
                8500        5.800700e-05        2.943899e-20
                8600        6.160900e-05        2.943899e-20
                8700        6.061200e-05        1.733250e-20
                8800        6.043300e-05        1.733073e-20
                8900        6.055500e-05        8.001469e-21
                9000        6.044400e-05        8.004981e-21
                9100        6.169400e-05        4.277999e-21
                9200        6.119100e-05        4.277999e-21
                9300        6.054800e-05        2.111084e-21
                9400        5.978200e-05        2.110432e-21
                9500        6.130400e-05        1.321909e-21
                9600        6.667200e-05        1.322788e-21
                9700        6.107300e-05        7.066651e-22
                9800        6.125800e-05        7.066879e-22
                9900        6.078400e-05        3.340729e-22
               10000        6.067100e-05        3.340729e-22
               10100        6.128600e-05        1.599254e-22
               10200        6.298700e-05        1.599254e-22
               10300        6.187400e-05        9.310472e-23
               10400        6.117400e-05        9.321414e-23
               10500        6.260000e-05        4.464776e-23
               10600        6.259100e-05        4.464983e-23
               10700        6.340600e-05        2.543622e-23
               10800        5.894400e-05        2.545499e-23
               10900        5.935900e-05        1.214590e-23
               11000        6.000400e-05        1.214590e-23
               11100        5.829000e-05        7.201912e-24
               11200        6.044200e-05        7.201943e-24
               11300        5.985900e-05        3.770875e-24
               11400        6.072600e-05        3.771191e-24
               11500        5.918800e-05        2.076377e-24
               11600        4.904000e-05        2.076377e-24
               11700        5.917600e-05        1.037951e-24
               11800        5.959500e-05        1.037951e-24
               11900        5.922500e-05        5.110112e-25
               12000        6.027300e-05        5.110112e-25
               12100        5.901000e-05        3.352231e-25
               12200        5.846000e-05        3.352231e-25
               12300        5.950800e-05        1.550069e-25
               12400        5.972300e-05        1.548868e-25
               12500        6.110700e-05        1.094588e-25
               12600        5.889200e-05        1.094588e-25
               12700        6.025400e-05        7.899922e-26
               12800        5.961600e-05        7.899922e-26
               12900        5.872900e-05        6.332819e-26
               13000        5.971500e-05        6.332819e-26
               13100        7.073600e-05        4.846100e-26
               13200        5.935800e-05        4.846100e-26
               13300        5.845300e-05        4.553839e-26
               13400        6.017000e-05        4.553839e-26
               13500        5.956600e-05        3.451875e-26
               13600        6.017400e-05        3.443795e-26
               13700        5.893900e-05        3.161656e-26
               13800        6.091400e-05        3.161656e-26
               13900        6.027000e-05        3.076023e-26
               14000        5.922500e-05        3.076023e-26
               14100        6.032000e-05        3.415653e-26
               14200        6.432200e-05        3.414825e-26
               14300        6.231500e-05        3.604472e-26
               14400        5.888300e-05        3.604472e-26
               14500        5.999500e-05        4.045664e-26
               14600        5.847100e-05        4.045624e-26
               14700        6.070900e-05        3.981177e-26
               14800        6.153700e-05        3.981177e-26
               14900        6.058800e-05        3.613209e-26
               15000        6.214100e-05        3.613209e-26
               15100        6.046700e-05        3.856575e-26
               15200        6.111400e-05        3.856259e-26
               15300        5.982200e-05        3.294353e-26
               15400        5.962600e-05        3.294353e-26
               15500        5.885000e-05        3.563796e-26
               15600        5.824300e-05        3.563796e-26
               15700        6.048100e-05        2.908738e-26
               15800        6.062600e-05        2.908738e-26
               15900        5.977900e-05        2.890804e-26
               16000        6.141300e-05        2.890568e-26
               16100        5.933600e-05        2.510739e-26
               16200        6.084100e-05        2.510739e-26
               16300        6.339700e-05        2.120234e-26
               16400        6.042900e-05        2.120234e-26
               16500        6.374700e-05        2.776131e-26
               16600        6.341400e-05        2.776131e-26
               16700        6.499300e-05        2.626999e-26
               16800        6.287000e-05        2.626999e-26
               16900        6.303700e-05        2.860250e-26
               17000        6.346800e-05        2.860250e-26
               17100        6.594000e-05        2.198880e-26
               17200        6.346800e-05        2.197026e-26
               17300        5.827900e-05        2.412665e-26
               17400        5.900600e-05        2.418345e-26
               17500        5.883900e-05        2.230785e-26
               17600        6.260700e-05        2.230785e-26
               17700        6.025500e-05        2.411009e-26
               17800        5.972400e-05        2.411009e-26
               17900        6.021800e-05        2.391289e-26
               18000        6.013500e-05        2.391289e-26
               18100        5.925000e-05        2.394174e-26
               18200        5.875900e-05        2.393539e-26
               18300        5.868300e-05        2.419341e-26
               18400        5.962300e-05        2.419341e-26
               18500        6.043500e-05        2.177935e-26
               18600        5.854800e-05        2.177935e-26
               18700        5.872300e-05        3.009176e-26
               18800        6.030500e-05        3.009176e-26
               18900        6.042200e-05        2.659933e-26
               19000        6.022000e-05        2.660880e-26
               19100        5.977300e-05        2.629967e-26
               19200        5.973300e-05        2.629967e-26
               19300        5.856000e-05        2.788632e-26
               19400        6.067900e-05        2.781289e-26
               19500        6.015700e-05        2.314530e-26
               19600        5.779500e-05        2.314530e-26
               19700        5.848300e-05        2.577282e-26
               19800        5.899900e-05        2.575645e-26
               19900        5.863700e-05        2.552329e-26
               20000        5.980700e-05        2.552329e-26
               20100        5.861100e-05        2.722658e-26
               20200        6.057100e-05        2.722816e-26
               20300        6.053700e-05        2.668110e-26
               20400        6.036800e-05        2.668465e-26
               20500        5.973600e-05        3.121659e-26
               20600        5.981900e-05        3.121659e-26
               20700        6.005600e-05        2.445054e-26
               20800        6.306000e-05        2.445054e-26
               20900        6.033000e-05        2.366347e-26
               21000        6.029400e-05        2.366347e-26
               21100        5.985800e-05        2.119222e-26
               21200        5.900700e-05        2.119222e-26
               21300        4.795200e-05        3.049700e-26
               21400        6.037000e-05        3.050331e-26
               21500        5.951700e-05        2.795751e-26
               21600        5.970300e-05        2.795751e-26
               21700        5.844700e-05        2.883324e-26
               21800        6.000000e-05        2.883324e-26
               21900        6.000800e-05        3.001364e-26
               22000        5.910200e-05        2.996315e-26
               22100        5.831000e-05        3.270746e-26
               22200        5.915200e-05        3.271062e-26
               22300        5.845200e-05        2.815291e-26
               22400        5.924800e-05        2.814423e-26
               22500        5.818700e-05        2.990668e-26
               22600        5.930900e-05        2.990668e-26
               22700        5.952600e-05        3.193932e-26
               22800        6.132300e-05        3.193932e-26
               22900        5.917400e-05        2.930504e-26
               23000        6.132300e-05        2.930504e-26
               23100        5.946100e-05        2.626242e-26
               23200        6.006500e-05        2.626242e-26
               23300        6.758100e-05        3.607007e-26
               23400        6.817000e-05        3.611682e-26
               23500        6.763800e-05        3.278336e-26
               23600        6.703300e-05        3.283384e-26
               23700        6.712000e-05        3.728082e-26
               23800        6.640600e-05        3.726583e-26
               23900        6.470000e-05        2.893202e-26
               24000        6.690200e-05        2.886164e-26
               24100        6.765200e-05        2.963973e-26
               24200        6.506100e-05        2.573046e-26
               24300        6.552600e-05        2.573046e-26
               24400        7.246400e-05        2.768439e-26
               24500        6.754500e-05        2.768064e-26
               24600        5.914200e-05        3.818334e-26
               24700        5.895900e-05        3.812507e-26
               24800        6.154700e-05        3.728562e-26
               24900        5.975100e-05        3.728562e-26
               25000        5.914800e-05        3.763426e-26
               25100        5.897100e-05        3.761957e-26
               25200        6.035700e-05        3.805614e-26
               25300        5.840500e-05        3.805614e-26
               25400        5.816000e-05        3.471562e-26
               25500        5.883600e-05        3.471562e-26
               25600        5.897400e-05        3.180341e-26
               25700        6.025600e-05        3.180242e-26
               25800        5.776800e-05        3.029635e-26
               25900        5.950700e-05        3.025918e-26
               26000        6.097600e-05        3.508949e-26
               26100        5.983400e-05        3.508949e-26
               26200        5.978900e-05        3.071522e-26
               26300        5.857900e-05        3.072607e-26
               26400        6.010200e-05        2.869085e-26
               26500        5.802300e-05        2.871767e-26
               26600        5.793500e-05        3.245239e-26
               26700        5.801100e-05        3.240450e-26
               26800        5.911300e-05        3.505706e-26
               26900        5.888100e-05        3.505706e-26
               27000        5.997600e-05        3.979362e-26
               27100        5.866600e-05        3.979362e-26
               27200        5.905200e-05        2.907654e-26
               27300        5.925100e-05        2.908640e-26
               27400        5.831700e-05        3.184076e-26
               27500        5.899000e-05        3.184076e-26
               27600        5.819700e-05        3.768420e-26
               27700        6.068400e-05        3.767789e-26
               27800        5.997200e-05        3.844512e-26
               27900        6.048600e-05        3.844512e-26
               28000        6.047100e-05        3.518454e-26
               28100        6.011400e-05        3.518454e-26
               28200        6.035800e-05        3.730374e-26
               28300        6.172000e-05        3.728204e-26
               28400        5.964400e-05        3.476794e-26
               28500        5.989000e-05        3.467880e-26
               28600        6.658500e-05        3.091540e-26
               28700        5.975800e-05        3.091540e-26
               28800        5.892300e-05        2.391357e-26
               28900        5.951800e-05        2.391357e-26
               29000        6.064900e-05        2.993741e-26
               29100        5.899600e-05        2.993741e-26
               29200        5.856600e-05        2.752600e-26
               29300        5.848000e-05        2.747670e-26
               29400        5.901900e-05        2.647533e-26
               29500        5.830800e-05        2.647533e-26
               29600        5.812900e-05        2.797266e-26
               29700        5.893000e-05        2.797266e-26
               29800        5.842400e-05        2.617890e-26
               29900        5.943000e-05        2.621913e-26
               30000        5.981100e-05        3.702581e-26
               30100        5.924700e-05        3.702581e-26
               30200        5.898300e-05        2.844359e-26
               30300        5.962300e-05        2.835445e-26
               30400        5.817200e-05        2.918697e-26
               30500        5.818100e-05        2.919013e-26
               30600        5.912900e-05        3.045142e-26
               30700        5.841100e-05        3.043367e-26
               30800        5.857400e-05        3.578410e-26
               30900        5.875200e-05        3.578410e-26
               31000        5.837700e-05        3.746699e-26
               31100        6.093000e-05        3.746699e-26
               31200        6.128600e-05        3.995284e-26
               31300        5.908900e-05        3.995284e-26
               31400        5.922600e-05        4.544800e-26
               31500        5.963400e-05        4.546160e-26
               31600        6.257500e-05        4.529738e-26
               31700        6.041900e-05        4.530349e-26
               31800        5.955000e-05        4.959007e-26
               31900        5.945300e-05        4.959264e-26
               32000        5.938200e-05        3.759027e-26
               32100        5.984200e-05        3.763582e-26
               32200        5.831400e-05        3.642910e-26
               32300        5.885300e-05        3.648787e-26
               32400        5.889000e-05        3.050773e-26
               32500        5.773000e-05        3.050773e-26
               32600        5.808200e-05        3.193863e-26
               32700        5.797300e-05        3.193863e-26
               32800        6.044700e-05        3.185406e-26
               32900        6.207800e-05        3.184617e-26
               33000        6.219800e-05        3.298836e-26
               33100        6.354200e-05        3.298836e-26
               33200        6.415300e-05        3.648953e-26
               33300        6.341000e-05        3.648953e-26
               33400        6.274000e-05        3.346376e-26
               33500        6.255900e-05        3.347007e-26
               33600        6.190600e-05        3.347007e-26
               33700        6.352400e-05        2.767754e-26
               33800        6.312300e-05        2.771265e-26
               33900        6.169100e-05        3.568296e-26
               34000        7.456200e-05        3.568631e-26
               34100        6.362100e-05        2.701135e-26
               34200        6.290000e-05        2.702082e-26
               34300        6.293100e-05        3.293184e-26
               34400        6.257400e-05        3.289930e-26
               34500        6.339200e-05        3.490369e-26
               34600        6.203300e-05        3.485602e-26
               34700        6.246200e-05        3.219080e-26
               34800        6.317100e-05        3.219080e-26
               34900        6.449200e-05        3.661438e-26
               35000        6.483200e-05        3.659959e-26
               35100        6.138900e-05        3.840607e-26
               35200        6.221400e-05        3.840770e-26
               35300        6.311800e-05        4.289455e-26
               35400        6.288500e-05        4.290441e-26
               35500        6.558000e-05        3.286769e-26
               35600        6.203300e-05        3.286183e-26
               35700        6.354700e-05        3.098238e-26
               35800        6.245300e-05        3.098238e-26
               35900        6.362600e-05        4.094635e-26
               36000        6.255900e-05        4.096213e-26
               36100        6.314700e-05        3.599892e-26
               36200        6.202300e-05        3.601786e-26
               36300        6.249100e-05        3.390723e-26
               36400        6.316600e-05        3.390723e-26
               36500        6.515800e-05        3.507531e-26
               36600        6.459200e-05        3.507531e-26
               36700        6.261300e-05        3.367597e-26
               36800        6.357600e-05        3.367636e-26
               36900        6.167700e-05        3.210330e-26
               37000        6.147200e-05        3.212666e-26
               37100        6.173600e-05        3.423006e-26
               37200        6.094800e-05        3.423006e-26
               37300        6.096500e-05        2.626690e-26
               37400        6.143300e-05        2.626054e-26
               37500        6.109300e-05        3.289514e-26
               37600        6.133700e-05        3.289514e-26
               37700        6.213400e-05        2.990604e-26
               37800        6.076000e-05        2.575976e-26
               37900        6.040800e-05        2.774515e-26
               38000        6.196200e-05        3.020020e-26
               38100        6.277800e-05        3.372885e-26
               38200        6.226400e-05        2.881649e-26
               38300        6.091500e-05        3.182113e-26
               38400        6.236700e-05        2.642558e-26
               38500        6.141500e-05        3.015216e-26
               38600        6.084600e-05        2.260127e-26
               38700        6.267600e-05        2.278959e-26
               38800        6.125100e-05        2.761834e-26
               38900        6.227800e-05        2.865778e-26
               39000        6.140100e-05        2.865778e-26
               39100        6.090100e-05        2.789938e-26
               39200        6.042200e-05        2.916214e-26
               39300        6.186200e-05        2.563314e-26
               39400        6.970200e-05        2.543668e-26
               39500        6.238700e-05        2.702642e-26
               39600        6.162400e-05        2.787062e-26
               39700        6.284800e-05        2.566393e-26
               39800        6.103200e-05        2.533842e-26
               39900        6.168100e-05        2.961235e-26
               40000        6.132300e-05        3.340089e-26
               40100        6.209100e-05        3.008786e-26
               40200        6.239400e-05        2.611702e-26
               40300        6.045500e-05        3.392263e-26
               40400        6.111400e-05        3.230919e-26
               40500        6.344700e-05        4.277985e-26
               40600        6.132700e-05        3.612126e-26
               40700        6.213000e-05        4.590684e-26
               40800        6.002800e-05        4.110140e-26
               40900        6.155000e-05        3.967012e-26
               41000        6.225800e-05        2.923123e-26
               41100        6.096000e-05        2.845356e-26
               41200        6.100700e-05        3.014963e-26
               41300        6.132600e-05        3.553683e-26
               41400        8.192400e-05        3.563319e-26
               41500        6.637400e-05        2.874708e-26
               41600        6.411000e-05        3.054651e-26
               41700        6.558700e-05        2.828813e-26
               41800        6.605400e-05        3.545781e-26
               41900        7.112700e-05        3.196821e-26
               42000        7.202600e-05        3.529915e-26
               42100        6.922800e-05        3.431257e-26
               42200        6.173400e-05        2.637395e-26
               42300        7.386500e-05        2.559627e-26
               42400        6.712300e-05        2.472856e-26
               42500        6.747700e-05        2.237535e-26
               42600        7.180600e-05        2.743728e-26
               42700        6.197100e-05        2.899763e-26
               42800        6.391200e-05        3.268432e-26
               42900        6.267800e-05        2.939005e-26
               43000        6.256000e-05        2.910846e-26
               43100        6.538600e-05        3.112335e-26
               43200        6.271000e-05        3.479687e-26
               43300        6.321100e-05        3.335618e-26
               43400        6.418500e-05        3.030716e-26
               43500        5.274100e-05        2.271659e-26
               43600        6.302100e-05        2.655013e-26
               43700        7.735000e-05        2.593544e-26
               43800        6.518800e-05        3.022320e-26
               43900        6.323200e-05        3.190733e-26
               44000        7.292500e-05        3.238643e-26
               44100        6.525900e-05        3.574580e-26
               44200        6.557100e-05        2.924855e-26
               44300        7.196100e-05        3.164760e-26
               44400        8.039800e-05        2.576245e-26
               44500        1.386370e-04        2.734880e-26
               44600        7.869000e-05        2.408414e-26
               44700        7.129100e-05        3.693128e-26
               44800        7.116700e-05        3.547926e-26
               44900        7.561600e-05        3.554999e-26
               45000        7.481100e-05        3.718655e-26
               45100        7.578000e-05        4.526318e-26
               45200        7.463900e-05        3.716489e-26
               45300        7.279000e-05        4.034642e-26
               45400        7.798500e-05        3.339493e-26
               45500        7.317800e-05        3.620589e-26
               45600        6.966400e-05        3.584717e-26
               45700        6.806200e-05        2.955321e-26
               45800        6.846600e-05        2.958538e-26
               45900        5.791800e-05        2.139158e-26
               46000        6.969300e-05        2.915703e-26
               46100        6.916500e-05        3.341951e-26
               46200        6.888100e-05        3.950992e-26
               46300        6.891000e-05        3.780126e-26
               46400        6.892900e-05        3.268669e-26
               46500        7.000900e-05        2.915315e-26
               46600        7.073700e-05        3.075122e-26
               46700        6.902200e-05        3.836432e-26
               46800        6.973200e-05        3.652408e-26
               46900        6.914900e-05        3.648895e-26
               47000        6.877000e-05        4.778466e-26
               47100        6.764000e-05        4.461679e-26
               47200        6.881400e-05        3.491869e-26
               47300        6.472100e-05        3.450300e-26
               47400        6.726700e-05        3.065294e-26
               47500        6.610500e-05        3.080011e-26
               47600        6.509800e-05        2.688523e-26
               47700        6.554200e-05        2.625031e-26
               47800        6.463100e-05        3.387614e-26
               47900        6.872500e-05        2.986270e-26
               48000        6.661400e-05        3.757624e-26
               48100        6.691700e-05        3.542006e-26
               48200        6.501400e-05        3.186888e-26
               48300        6.500500e-05        2.404674e-26
               48400        6.760800e-05        3.795241e-26
               48500        6.556900e-05        3.368862e-26
               48600        6.594800e-05        2.496439e-26
               48700        6.679300e-05        2.612353e-26
               48800        6.635100e-05        3.454658e-26
               48900        5.438500e-05        3.525811e-26
               49000        6.603200e-05        3.882103e-26
               49100        5.296800e-05        2.944386e-26
               49200        8.534500e-05        3.441539e-26
               49300        6.400800e-05        3.712064e-26
               49400        6.529900e-05        2.892400e-26
               49500        6.487500e-05        3.262411e-26
               49600        6.652900e-05        4.266707e-26
               49700        6.539300e-05        3.368147e-26
               49800        8.192300e-05        2.941725e-26
               49900        6.309900e-05        3.190587e-26
               50000        6.308100e-05        2.798448e-26
               50100        6.314200e-05        2.408151e-26
               50200        6.261500e-05        2.215146e-26
               50300        6.264500e-05        3.016846e-26
               50400        6.328000e-05        2.832905e-26
               50500        6.462700e-05        2.785459e-26
               50600        6.271500e-05        2.775242e-26
               50700        6.423900e-05        3.224254e-26
               50800        6.330700e-05        3.594852e-26
               50900        6.664800e-05        3.336376e-26
               51000        6.257200e-05        3.234429e-26
               51100        6.405300e-05        3.401706e-26
               51200        6.392800e-05        2.508480e-26
               51300        6.354200e-05        2.883488e-26
               51400        6.399500e-05        2.343253e-26
               51500        6.344500e-05        2.511189e-26
               51600        6.423200e-05        2.604041e-26
               51700        6.330100e-05        3.213950e-26
               51800        6.439900e-05        3.273158e-26
               51900        6.332400e-05        3.188484e-26
               52000        6.389000e-05        2.689872e-26
               52100        6.310500e-05        4.558409e-26
               52200        6.290000e-05        3.337362e-26
               52300        6.369500e-05        3.840608e-26
               52400        5.950300e-05        3.161413e-26
               52500        6.162900e-05        3.610557e-26
               52600        6.149300e-05        3.147175e-26
               52700        6.175100e-05        3.149332e-26
               52800        6.127500e-05        2.572449e-26
               52900        6.195800e-05        2.356417e-26
               53000        6.242300e-05        2.803452e-26
               53100        6.161600e-05        2.818729e-26
               53200        6.260600e-05        2.617082e-26
               53300        6.085500e-05        2.456720e-26
               53400        6.269200e-05        2.662184e-26
               53500        6.131100e-05        3.756173e-26
               53600        7.239700e-05        3.725305e-26
               53700        6.482000e-05        3.285337e-26
               53800        6.436900e-05        3.198326e-26
               53900        6.266100e-05        2.695595e-26
               54000        6.410200e-05        2.718404e-26
               54100        6.493900e-05        2.763955e-26
               54200        6.445900e-05        3.025397e-26
               54300        6.383500e-05        4.162878e-26
               54400        6.417700e-05        4.788938e-26
               54500        6.452800e-05        2.754326e-26
               54600        6.389000e-05        3.542420e-26
               54700        6.316400e-05        3.814186e-26
               54800        6.396400e-05        3.687912e-26
               54900        6.125300e-05        3.067504e-26
               55000        6.218700e-05        3.012586e-26
               55100        6.314000e-05        2.784524e-26
               55200        6.066000e-05        2.764519e-26
               55300        6.336600e-05        2.863842e-26
               55400        6.061000e-05        3.227472e-26
               55500        6.144600e-05        3.724935e-26
               55600        6.076100e-05        2.819886e-26
               55700        6.220200e-05        2.835168e-26
               55800        6.149800e-05        2.833188e-26
               55900        6.082600e-05        3.167497e-26
               56000        6.211400e-05        3.640392e-26
               56100        6.223100e-05        2.857062e-26
               56200        7.163500e-05        3.283166e-26
               56300        6.447600e-05        2.917530e-26
               56400        6.259500e-05        3.012991e-26
               56500        6.520200e-05        2.715912e-26
               56600        6.212900e-05        2.854102e-26
               56700        6.371700e-05        4.075671e-26
               56800        6.280400e-05        4.080005e-26
               56900        6.370800e-05        3.416836e-26
               57000        6.329500e-05        3.418729e-26
               57100        6.538100e-05        3.593659e-26
               57200        6.485400e-05        3.593659e-26
               57300        6.314000e-05        2.895582e-26
               57400        6.318800e-05        2.895582e-26
               57500        5.999900e-05        3.754371e-26
               57600        6.145900e-05        3.754371e-26
               57700        6.330200e-05        3.789297e-26
               57800        6.084100e-05        3.107562e-26
               57900        6.172100e-05        3.107562e-26
               58000        6.394000e-05        2.504973e-26
               58100        6.552300e-05        2.765274e-26
               58200        6.413000e-05        2.442208e-26
               58300        6.239800e-05        3.172080e-26
               58400        6.438100e-05        3.464980e-26
               58500        6.236700e-05        3.464980e-26
               58600        5.749600e-05        3.498854e-26
               58700        5.035000e-05        4.091749e-26
               58800        6.049100e-05        4.010711e-26
               58900        6.179700e-05        4.005257e-26
               59000        6.080800e-05        4.777186e-26
               59100        6.093400e-05        3.552442e-26
               59200        6.195400e-05        3.729130e-26
               59300        6.162800e-05        3.729130e-26
               59400        6.779000e-05        3.644671e-26
               59500        6.163700e-05        3.644671e-26
               59600        6.114400e-05        3.758195e-26
               59700        6.124800e-05        3.764604e-26
               59800        6.099100e-05        3.711462e-26
               59900        6.117800e-05        3.590634e-26
               60000        6.015000e-05        3.078099e-26
               60100        6.418000e-05        2.704276e-26
               60200        6.370200e-05        2.702422e-26
               60300        6.259300e-05        3.278988e-26
               60400        6.421100e-05        3.278988e-26
               60500        6.474000e-05        3.053862e-26
               60600        6.343800e-05        3.053862e-26
               60700        6.398200e-05        2.607669e-26
               60800        6.301700e-05        2.607669e-26
               60900        6.361900e-05        3.102423e-26
               61000        6.425100e-05        3.102423e-26
               61100        6.611300e-05        3.398308e-26
               61200        6.458800e-05        3.398308e-26
               61300        6.375900e-05        3.397682e-26
               61400        6.173800e-05        3.396577e-26
               61500        6.070600e-05        2.852516e-26
               61600        6.123500e-05        2.852516e-26
               61700        6.190400e-05        2.282296e-26
               61800        6.223000e-05        2.284880e-26
               61900        6.175900e-05        2.706060e-26
               62000        6.217100e-05        2.706060e-26
               62100        6.213000e-05        2.747037e-26
               62200        6.180700e-05        2.745164e-26
               62300        6.088600e-05        2.273648e-26
               62400        6.104400e-05        2.275976e-26
               62500        6.142400e-05        3.240917e-26
               62600        7.251300e-05        3.232486e-26
               62700        6.373800e-05        2.827980e-26
               62800        6.349800e-05        2.828217e-26
               62900        6.271400e-05        2.930170e-26
               63000        6.297900e-05        2.930170e-26
               63100        6.308100e-05        2.653216e-26
               63200        6.209600e-05        2.654498e-26
               63300        6.500000e-05        3.091403e-26
               63400        6.437200e-05        3.093957e-26
               63500        6.532100e-05        3.222948e-26
               63600        6.346700e-05        3.222839e-26
               63700        6.300900e-05        3.060219e-26
               63800        6.216200e-05        3.060219e-26
               63900        7.133400e-05        3.466447e-26
               64000        6.261300e-05        3.466575e-26
               64100        6.209100e-05        2.759876e-26
               64200        6.340100e-05        2.759876e-26
               64300        6.063200e-05        2.453443e-26
               64400        6.223300e-05        2.456500e-26
               64500        7.085000e-05        2.769867e-26
               64600        6.181500e-05        2.769867e-26
               64700        6.121500e-05        2.956395e-26
               64800        6.184700e-05        2.956395e-26
               64900        6.108300e-05        3.085646e-26
               65000        6.146000e-05        3.085258e-26
               65100        6.315500e-05        3.165546e-26
               65200        6.189200e-05        3.169826e-26
               65300        6.242000e-05        2.661968e-26
               65400        6.173300e-05        2.661968e-26
               65500        6.179700e-05        3.057698e-26
               65600        6.354400e-05        3.057698e-26
               65700        6.242000e-05        2.998921e-26
               65800        6.151900e-05        2.998921e-26
               65900        6.169800e-05        3.173975e-26
               66000        6.100500e-05        3.173975e-26
               66100        6.158900e-05        3.807279e-26
               66200        6.046400e-05        3.794046e-26
               66300        6.263600e-05        3.440942e-26
               66400        6.211400e-05        3.437353e-26
               66500        6.260100e-05        3.350367e-26
               66600        6.090800e-05        3.351169e-26
               66700        6.061300e-05        3.225933e-26
               66800        6.134200e-05        3.220271e-26
               66900        6.212600e-05        3.153327e-26
               67000        6.354400e-05        3.155368e-26
               67100        6.197100e-05        2.816895e-26
               67200        6.179200e-05        2.816895e-26
               67300        6.192700e-05        2.849359e-26
               67400        5.089700e-05        2.850359e-26
               67500        6.077000e-05        2.617071e-26
               67600        6.134800e-05        2.617071e-26
               67700        6.110700e-05        2.906895e-26
               67800        6.193600e-05        2.906895e-26
               67900        6.135200e-05        2.669922e-26
               68000        6.175600e-05        2.670436e-26
               68100        6.224200e-05        2.728940e-26
               68200        6.075300e-05        2.728940e-26
               68300        6.943100e-05        2.728940e-26
               68400        6.178400e-05        2.814583e-26
               68500        6.318100e-05        2.811654e-26
               68600        6.235800e-05        2.959376e-26
               68700        6.326800e-05        2.960086e-26
               68800        6.094000e-05        3.328531e-26
               68900        6.147600e-05        3.330522e-26
               69000        6.197800e-05        2.693423e-26
               69100        6.310400e-05        2.691570e-26
               69200        6.367800e-05        2.616836e-26
               69300        6.186300e-05        2.616836e-26
               69400        6.091600e-05        3.990053e-26
               69500        6.113200e-05        3.989738e-26
               69600        6.341800e-05        3.547914e-26
               69700        6.294200e-05        3.547914e-26
               69800        6.179500e-05        3.588043e-26
               69900        6.201000e-05        3.587254e-26
               70000        6.222300e-05        3.246326e-26
               70100        6.242600e-05        3.252716e-26
               70200        6.178900e-05        3.169278e-26
               70300        6.383900e-05        3.169278e-26
               70400        6.341000e-05        4.180437e-26
               70500        6.561300e-05        4.188505e-26
               70600        6.450900e-05        4.003283e-26
               70700        6.337800e-05        4.001468e-26
               70800        6.276400e-05        4.236654e-26
               70900        6.601200e-05        4.236654e-26
               71000        6.378800e-05        3.303087e-26
               71100        6.419300e-05        3.303087e-26
               71200        6.361300e-05        3.987930e-26
               71300        6.104600e-05        3.987930e-26
               71400        6.689100e-05        3.767381e-26
               71500        6.276600e-05        3.768130e-26
               71600        6.583500e-05        4.754781e-26
               71700        6.278400e-05        4.757620e-26
               71800        6.430600e-05        4.589187e-26
               71900        6.406500e-05        4.589187e-26
               72000        6.697200e-05        4.031939e-26
               72100        6.211000e-05        4.031387e-26
               72200        6.556300e-05        3.584088e-26
               72300        6.391400e-05        3.588087e-26
               72400        6.456000e-05        3.295438e-26
               72500        6.625800e-05        3.295280e-26
               72600        6.542700e-05        2.778383e-26
               72700        6.569000e-05        2.778978e-26
               72800        6.388600e-05        3.372261e-26
               72900        6.397700e-05        3.376490e-26
               73000        6.197700e-05        3.870184e-26
               73100        6.416800e-05        3.871476e-26
               73200        6.297300e-05        3.499985e-26
               73300        6.506500e-05        3.499985e-26
               73400        6.457100e-05        3.012508e-26
               73500        6.104100e-05        3.012508e-26
               73600        6.398200e-05        2.343953e-26
               73700        6.356500e-05        2.343953e-26
               73800        6.178700e-05        3.552185e-26
               73900        6.318400e-05        3.552185e-26
               74000        6.167700e-05        2.743569e-26
               74100        6.217200e-05        2.739173e-26
               74200        6.247300e-05        2.330892e-26
               74300        6.352800e-05        2.332569e-26
               74400        6.144900e-05        2.686289e-26
               74500        6.117500e-05        2.672372e-26
               74600        6.197500e-05        2.743083e-26
               74700        6.106400e-05        2.744469e-26
               74800        6.258700e-05        3.404064e-26
               74900        6.045100e-05        3.404498e-26
               75000        6.203600e-05        3.321033e-26
               75100        6.146500e-05        3.321033e-26
               75200        6.203000e-05        2.662193e-26
               75300        6.107800e-05        2.662203e-26
               75400        6.320800e-05        2.296383e-26
               75500        6.320000e-05        2.297935e-26
               75600        6.012900e-05        2.793258e-26
               75700        6.374200e-05        2.792297e-26
               75800        6.407600e-05        2.924491e-26
               75900        6.087600e-05        2.924491e-26
               76000        6.456600e-05        3.574402e-26
               76100        6.345500e-05        3.575349e-26
               76200        6.288100e-05        4.111195e-26
               76300        6.227900e-05        4.110914e-26
               76400        6.461900e-05        3.790823e-26
               76500        6.429500e-05        3.793795e-26
               76600        6.264700e-05        3.818194e-26
               76700        6.207200e-05        3.818194e-26
               76800        6.394800e-05        3.859185e-26
               76900        6.169200e-05        3.859185e-26
               77000        6.253500e-05        3.692011e-26
               77100        6.260500e-05        3.692011e-26
               77200        6.268700e-05        3.844790e-26
               77300        6.241000e-05        3.843884e-26
               77400        6.636800e-05        4.039409e-26
               77500        6.208100e-05        4.041642e-26
               77600        6.415800e-05        3.116085e-26
               77700        6.063000e-05        3.116085e-26
               77800        6.277200e-05        2.923134e-26
               77900        5.707200e-05        2.923134e-26
               78000        6.173700e-05        3.384054e-26
               78100        6.424800e-05        3.390897e-26
               78200        6.370200e-05        3.094494e-26
               78300        6.338000e-05        3.094494e-26
               78400        6.184100e-05        2.808259e-26
               78500        6.355600e-05        2.809186e-26
               78600        5.960800e-05        2.795698e-26
               78700        6.196800e-05        2.795698e-26
               78800        6.335400e-05        2.978653e-26
               78900        6.112800e-05        2.978653e-26
               79000        6.063400e-05        3.056126e-26
               79100        6.275000e-05        3.056126e-26
               79200        6.159900e-05        2.936520e-26
               79300        6.091100e-05        2.936520e-26
               79400        7.308900e-05        3.058346e-26
               79500        6.313600e-05        3.055901e-26
               79600        6.480400e-05        2.650433e-26
               79700        6.369900e-05        2.647359e-26
               79800        6.531200e-05        2.774736e-26
               79900        7.251900e-05        2.785312e-26
               80000        6.510400e-05        2.877052e-26
               80100        6.348100e-05        2.877052e-26
               80200        5.341100e-05        2.856642e-26
               80300        6.634600e-05        2.857660e-26
               80400        6.458700e-05        3.322530e-26
               80500        6.680200e-05        3.322530e-26
               80600        6.486500e-05        2.758828e-26
               80700        6.611600e-05        2.760031e-26
               80800        6.654700e-05        3.006354e-26
               80900        6.482400e-05        3.007557e-26
               81000        6.351600e-05        4.106365e-26
               81100        6.224100e-05        4.105527e-26
               81200        6.479100e-05        3.973747e-26
               81300        6.555600e-05        3.973747e-26
               81400        6.523600e-05        3.514446e-26
               81500        6.298900e-05        3.514446e-26
               81600        6.382200e-05        3.804907e-26
               81700        6.468700e-05        3.804907e-26
               81800        6.464100e-05        3.246130e-26
               81900        7.104200e-05        3.244315e-26
               82000        6.139000e-05        3.250500e-26
               82100        6.208700e-05        3.252008e-26
               82200        6.143500e-05        3.677774e-26
               82300        6.178000e-05        3.693732e-26
               82400        6.300700e-05        3.737496e-26
               82500        6.090800e-05        3.737496e-26
               82600        6.373200e-05        3.742394e-26
               82700        6.140700e-05        3.736883e-26
               82800        6.065200e-05        3.124497e-26
               82900        6.382600e-05        3.126873e-26
               83000        6.268600e-05        3.201371e-26
               83100        6.160700e-05        3.201371e-26
               83200        8.324600e-05        3.225402e-26
               83300        6.513300e-05        3.225402e-26
               83400        6.538200e-05        3.710111e-26
               83500        6.368400e-05        3.710111e-26
               83600        6.345400e-05        2.738725e-26
               83700        6.400700e-05        2.738725e-26
               83800        6.388500e-05        3.712351e-26
               83900        6.616800e-05        3.707333e-26
               84000        6.307400e-05        3.054234e-26
               84100        6.602500e-05        3.054234e-26
               84200        6.329200e-05        3.147360e-26
               84300        6.604800e-05        3.147360e-26
               84400        6.397500e-05        3.765043e-26
               84500        6.288700e-05        3.761848e-26
               84600        6.270100e-05        3.046201e-26
               84700        6.331800e-05        3.046201e-26
               84800        6.576600e-05        2.693509e-26
               84900        6.418700e-05        2.684995e-26
               85000        6.264800e-05        2.709592e-26
               85100        6.534900e-05        2.709592e-26
               85200        6.347300e-05        2.999223e-26
               85300        6.326500e-05        2.998957e-26
               85400        6.266100e-05        2.896072e-26
               85500        6.464000e-05        2.896229e-26
               85600        6.417900e-05        3.344976e-26
               85700        6.523800e-05        3.349695e-26
               85800        6.406000e-05        3.881057e-26
               85900        6.293200e-05        3.881057e-26
               86000        6.496700e-05        3.368620e-26
               86100        6.587300e-05        3.368620e-26
               86200        6.545100e-05        3.318501e-26
               86300        6.317900e-05        3.318501e-26
               86400        6.477000e-05        3.160724e-26
               86500        6.346800e-05        2.357864e-26
               86600        6.682300e-05        3.016985e-26
               86700        6.409400e-05        2.725800e-26
               86800        6.621800e-05        2.762122e-26
               86900        6.318600e-05        2.835857e-26
               87000        6.287100e-05        2.708766e-26
               87100        6.172400e-05        2.708766e-26
               87200        6.200700e-05        3.758752e-26
               87300        6.087300e-05        3.758752e-26
               87400        6.503100e-05        3.939022e-26
               87500        6.417900e-05        3.934368e-26
               87600        6.194400e-05        2.920325e-26
               87700        6.193200e-05        2.917564e-26
               87800        6.478000e-05        3.324182e-26
               87900        6.159300e-05        3.319909e-26
               88000        6.167500e-05        3.264095e-26
               88100        6.148800e-05        3.264095e-26
               88200        6.117600e-05        3.165013e-26
               88300        6.472500e-05        3.165013e-26
               88400        6.068700e-05        2.967077e-26
               88500        6.262900e-05        2.967077e-26
               88600        6.382700e-05        2.849988e-26
               88700        6.248800e-05        2.856339e-26
               88800        6.025500e-05        3.687859e-26
               88900        6.156900e-05        3.687859e-26
               89000        6.254100e-05        3.916476e-26
               89100        6.252800e-05        3.914346e-26
               89200        6.039700e-05        2.989633e-26
               89300        6.598300e-05        2.983269e-26
               89400        6.693400e-05        3.481575e-26
               89500        6.959800e-05        3.481575e-26
               89600        6.421100e-05        3.512838e-26
               89700        6.473900e-05        3.515688e-26
               89800        6.164300e-05        3.515536e-26
               89900        6.090600e-05        3.515536e-26
               90000        6.169200e-05        3.321989e-26
               90100        6.216200e-05        3.327264e-26
               90200        6.103800e-05        2.468177e-26
               90300        6.080600e-05        2.468059e-26
               90400        6.064700e-05        1.954124e-26
               90500        6.237100e-05        1.954124e-26
               90600        6.176700e-05        2.410660e-26
               90700        6.215200e-05        2.408145e-26
               90800        6.239200e-05        3.473314e-26
               90900        8.423200e-05        3.470242e-26
               91000        6.179800e-05        3.330999e-26
               91100        6.801100e-05        3.330999e-26
               91200        6.751500e-05        3.876189e-26
               91300        6.474100e-05        3.861373e-26
               91400        6.471900e-05        4.658901e-26
               91500        4.836400e-05        4.662017e-26
               91600        7.536100e-05        4.246509e-26
               91700        4.777000e-05        4.246509e-26
               91800        7.669600e-05        3.469837e-26
               91900        7.512000e-05        3.461281e-26
               92000        7.832000e-05        3.455218e-26
               92100        7.630300e-05        3.452234e-26
               92200        7.485100e-05        3.143012e-26
               92300        6.935300e-05        3.143012e-26
               92400        6.952000e-05        3.452706e-26
               92500        6.974200e-05        3.452706e-26
               92600        6.803100e-05        3.226875e-26
               92700        6.700200e-05        3.230149e-26
               92800        6.564300e-05        3.307975e-26
               92900        6.598500e-05        3.307008e-26
               93000        5.382200e-05        3.003628e-26
               93100        6.537600e-05        3.003628e-26
               93200        6.349000e-05        2.713556e-26
               93300        6.066800e-05        2.713556e-26
               93400        6.851900e-05        3.174135e-26
               93500        7.377700e-05        3.175348e-26
               93600        7.000600e-05        3.121709e-26
               93700        7.027500e-05        3.121709e-26
               93800        6.989000e-05        2.628814e-26
               93900        6.876600e-05        2.628814e-26
               94000        6.898100e-05        2.928722e-26
               94100        6.974400e-05        2.929625e-26
               94200        6.843700e-05        3.486338e-26
               94300        6.886200e-05        3.485638e-26
               94400        6.883900e-05        3.660010e-26
               94500        9.019200e-05        3.658557e-26
               94600        6.189800e-05        3.660841e-26
               94700        6.118400e-05        3.660841e-26
               94800        6.239400e-05        4.685871e-26
               94900        6.084300e-05        4.685829e-26
               95000        6.140200e-05        5.324898e-26
               95100        6.173800e-05        5.327263e-26
               95200        6.090800e-05        4.674562e-26
               95300        6.043300e-05        4.674562e-26
               95400        6.122600e-05        4.335287e-26
               95500        6.172700e-05        4.334084e-26
               95600        6.131000e-05        4.154155e-26
               95700        6.203800e-05        4.154155e-26
               95800        6.084900e-05        3.729145e-26
               95900        6.133000e-05        3.729145e-26
               96000        6.087300e-05        3.190757e-26
               96100        6.113800e-05        3.186813e-26
               96200        6.215900e-05        2.443471e-26
               96300        6.307600e-05        2.444792e-26
               96400        6.325800e-05        2.692665e-26
               96500        6.275300e-05        2.692778e-26
               96600        6.437500e-05        2.968470e-26
               96700        6.235600e-05        2.967819e-26
               96800        6.148800e-05        3.523995e-26
               96900        6.203000e-05        3.528876e-26
               97000        6.246500e-05        3.482346e-26
               97100        5.103700e-05        3.482346e-26
               97200        5.317100e-05        3.482276e-26
               97300        4.864000e-05        3.484169e-26
               97400        4.852300e-05        3.569024e-26
               97500        4.893000e-05        3.569024e-26
               97600        4.931800e-05        4.110292e-26
               97700        4.941000e-05        4.110292e-26
               97800        4.925400e-05        3.212783e-26
               97900        4.858900e-05        3.212783e-26
               98000        4.867800e-05        3.316841e-26
               98100        4.845200e-05        3.315750e-26
               98200        4.855300e-05        3.134488e-26
               98300        4.862900e-05        3.134488e-26
               98400        4.892200e-05        2.370646e-26
               98500        4.845300e-05        2.372737e-26
               98600        4.872000e-05        2.688503e-26
               98700        4.885600e-05        2.688503e-26
               98800        4.917500e-05        2.961050e-26
               98900        4.835400e-05        2.961050e-26
               99000        4.846800e-05        2.256178e-26
               99100        4.837600e-05        2.259925e-26
               99200        4.830500e-05        2.696563e-26
               99300        4.790700e-05        2.696563e-26
               99400        4.860200e-05        2.614983e-26
               99500        4.845200e-05        2.612303e-26
               99600        4.913000e-05        3.271004e-26
               99700        4.890500e-05        3.271004e-26
               99800        4.863700e-05        2.763382e-26
               99900        4.880900e-05        2.763382e-26
              100000        4.856300e-05        2.341875e-26
