Period: 100
               Epoch           Time cost                Loss
                 100        1.215520e-04        2.489889e+05
                 200        8.143600e-05        1.811659e+05
                 300        8.502300e-05        1.241903e+05
                 400        8.958300e-05        8.503980e+04
                 500        1.407940e-04        6.106751e+04
                 600        1.123230e-04        6.106751e+04
                 700        1.057860e-04        4.881150e+04
                 800        1.088570e-04        4.881155e+04
                 900        1.071290e-04        3.760186e+04
                1000        1.101850e-04        3.760143e+04
                1100        1.099850e-04        2.604233e+04
                1200        1.100160e-04        2.604233e+04
                1300        1.090530e-04        2.189888e+04
                1400        1.065270e-04        2.189890e+04
                1500        1.084010e-04        1.536014e+04
                1600        1.078530e-04        1.536027e+04
                1700        1.053580e-04        1.096654e+04
                1800        1.085860e-04        1.096616e+04
                1900        1.060720e-04        7.747035e+03
                2000        1.102050e-04        7.747035e+03
                2100        1.090890e-04        5.884189e+03
                2200        1.085400e-04        5.884189e+03
                2300        1.089230e-04        4.203787e+03
                2400        1.091540e-04        4.203787e+03
                2500        1.141930e-04        2.937849e+03
                2600        8.370100e-05        2.937857e+03
                2700        1.125060e-04        2.207308e+03
                2800        1.091750e-04        2.207308e+03
                2900        1.195650e-04        1.612698e+03
                3000        1.207850e-04        1.612698e+03
                3100        1.159340e-04        1.184432e+03
                3200        1.117100e-04        1.184432e+03
                3300        1.087600e-04        8.527817e+02
                3400        1.097000e-04        8.527817e+02
                3500        1.036920e-04        6.500564e+02
                3600        1.058390e-04        6.500564e+02
                3700        1.064060e-04        4.742110e+02
                3800        1.036700e-04        3.078462e+02
                3900        1.060130e-04        3.078462e+02
                4000        1.054760e-04        2.421221e+02
                4100        1.043570e-04        2.421221e+02
                4200        1.007620e-04        1.748242e+02
                4300        1.019950e-04        1.748242e+02
                4400        1.008130e-04        9.703640e+01
                4500        1.028540e-04        9.996801e+01
                4600        1.025070e-04        7.224638e+01
                4700        1.009710e-04        7.224638e+01
                4800        1.166170e-04        5.604234e+01
                4900        1.132960e-04        5.604254e+01
                5000        1.224680e-04        4.281320e+01
                5100        1.099940e-04        4.281221e+01
                5200        1.088400e-04        3.154663e+01
                5300        1.023430e-04        3.154663e+01
                5400        1.046910e-04        2.379576e+01
                5500        1.031680e-04        2.379576e+01
                5600        1.056610e-04        1.672172e+01
                5700        1.022870e-04        1.672172e+01
                5800        9.995800e-05        1.250029e+01
                5900        1.016090e-04        1.250028e+01
                6000        1.024170e-04        9.058501e+00
                6100        1.023630e-04        9.058501e+00
                6200        1.028440e-04        6.328175e+00
                6300        1.022810e-04        6.328286e+00
                6400        1.036730e-04        4.473390e+00
                6500        1.105800e-04        4.473390e+00
                6600        1.125670e-04        3.440166e+00
                6700        1.188910e-04        3.440064e+00
                6800        1.393260e-04        2.599857e+00
                6900        1.290700e-04        2.599857e+00
                7000        1.064170e-04        2.029459e+00
                7100        1.015060e-04        2.029459e+00
                7200        1.025820e-04        1.527812e+00
                7300        1.027570e-04        1.527812e+00
                7400        1.022720e-04        1.114901e+00
                7500        1.011680e-04        7.564598e-01
                7600        1.088370e-04        7.564598e-01
                7700        1.025240e-04        5.477145e-01
                7800        1.035860e-04        5.477105e-01
                7900        1.069050e-04        3.994947e-01
                8000        1.026270e-04        3.994947e-01
                8100        1.057320e-04        2.591329e-01
                8200        1.047260e-04        2.591329e-01
                8300        1.024820e-04        1.946988e-01
                8400        1.016160e-04        1.946988e-01
                8500        1.024270e-04        1.338920e-01
                8600        1.001940e-04        1.338920e-01
                8700        1.039620e-04        9.937365e-02
                8800        1.012270e-04        9.937365e-02
                8900        1.225540e-04        7.002026e-02
                9000        1.202770e-04        7.002026e-02
                9100        1.002070e-04        5.420381e-02
                9200        1.028980e-04        5.420381e-02
                9300        1.010450e-04        3.591053e-02
                9400        9.887000e-05        3.591053e-02
                9500        1.021950e-04        2.800712e-02
                9600        1.015140e-04        2.800712e-02
                9700        1.038610e-04        2.169879e-02
                9800        1.042170e-04        2.169879e-02
                9900        1.013410e-04        1.557010e-02
               10000        1.021190e-04        1.557079e-02
               10100        1.025460e-04        1.171622e-02
               10200        1.027600e-04        1.171622e-02
               10300        1.050660e-04        9.548989e-03
               10400        1.044370e-04        9.548989e-03
               10500        1.162630e-04        7.276351e-03
               10600        1.170370e-04        7.276351e-03
               10700        1.278210e-04        5.337703e-03
               10800        1.047020e-04        5.337703e-03
               10900        1.026070e-04        3.841632e-03
               11000        1.020050e-04        3.841632e-03
               11100        1.000920e-04        2.586767e-03
               11200        1.029260e-04        2.586767e-03
               11300        1.052220e-04        1.976445e-03
               11400        1.036260e-04        1.976445e-03
               11500        1.008620e-04        1.306944e-03
               11600        1.166110e-04        1.306949e-03
               11700        1.045960e-04        9.807834e-04
               11800        1.014860e-04        9.807834e-04
               11900        1.013290e-04        6.995387e-04
               12000        1.051120e-04        6.995387e-04
               12100        1.033620e-04        5.249619e-04
               12200        1.010140e-04        5.249619e-04
               12300        1.013430e-04        3.478936e-04
               12400        1.022830e-04        3.478936e-04
               12500        1.008850e-04        2.378590e-04
               12600        1.052710e-04        2.378590e-04
               12700        1.023570e-04        1.727020e-04
               12800        1.018240e-04        1.727020e-04
               12900        1.023830e-04        1.164649e-04
               13000        9.998500e-05        1.164649e-04
               13100        1.013020e-04        8.672271e-05
               13200        1.008570e-04        8.672271e-05
               13300        1.013960e-04        6.282568e-05
               13400        1.019220e-04        6.282568e-05
               13500        1.022290e-04        4.564371e-05
               13600        1.017540e-04        4.564371e-05
               13700        1.063690e-04        3.031685e-05
               13800        1.046720e-04        3.031685e-05
               13900        1.058560e-04        2.230121e-05
               14000        1.066050e-04        2.230132e-05
               14100        1.060420e-04        1.551844e-05
               14200        1.169680e-04        1.551844e-05
               14300        1.375120e-04        1.120969e-05
               14400        1.329220e-04        1.120969e-05
               14500        1.139640e-04        8.053732e-06
               14600        1.082870e-04        8.053732e-06
               14700        1.052260e-04        5.931128e-06
               14800        1.048280e-04        5.933025e-06
               14900        1.043850e-04        4.083551e-06
               15000        1.031950e-04        4.083511e-06
               15100        1.045850e-04        2.721037e-06
               15200        1.038110e-04        2.721037e-06
               15300        1.031730e-04        2.154892e-06
               15400        1.028330e-04        2.154892e-06
               15500        1.037380e-04        1.702146e-06
               15600        1.015650e-04        1.702146e-06
               15700        1.017960e-04        1.203060e-06
               15800        1.041110e-04        1.203064e-06
               15900        1.060840e-04        8.747419e-07
               16000        1.038590e-04        8.747419e-07
               16100        1.018060e-04        6.546038e-07
               16200        1.078410e-04        6.546038e-07
               16300        1.029510e-04        4.234800e-07
               16400        1.031450e-04        4.234800e-07
               16500        1.051830e-04        3.178649e-07
               16600        1.048510e-04        3.178649e-07
               16700        1.049240e-04        2.403566e-07
               16800        1.043490e-04        2.403566e-07
               16900        1.063170e-04        1.396174e-07
               17000        1.056190e-04        1.362905e-07
               17100        1.144120e-04        1.049947e-07
               17200        1.100770e-04        1.049947e-07
               17300        1.121160e-04        7.499113e-08
               17400        1.037850e-04        7.499165e-08
               17500        1.032120e-04        5.773392e-08
               17600        1.070680e-04        5.773392e-08
               17700        1.130430e-04        4.440076e-08
               17800        1.168950e-04        4.440076e-08
               17900        1.215350e-04        3.282471e-08
               18000        1.403660e-04        3.282471e-08
               18100        1.213320e-04        2.503888e-08
               18200        1.080650e-04        2.503888e-08
               18300        1.141720e-04        2.010110e-08
               18400        1.075740e-04        2.010115e-08
               18500        1.046980e-04        1.520197e-08
               18600        1.072010e-04        1.520197e-08
               18700        1.052760e-04        1.136083e-08
               18800        1.049460e-04        1.136083e-08
               18900        1.033230e-04        7.983466e-09
               19000        1.076400e-04        7.983466e-09
               19100        1.080120e-04        5.626098e-09
               19200        1.094580e-04        5.626098e-09
               19300        1.093300e-04        4.108192e-09
               19400        8.436500e-05        4.108179e-09
               19500        1.119700e-04        3.153436e-09
               19600        1.103280e-04        3.153436e-09
               19700        1.111790e-04        2.168564e-09
               19800        1.086990e-04        2.168564e-09
               19900        1.115830e-04        1.466002e-09
               20000        1.395060e-04        1.466002e-09
               20100        1.083930e-04        1.102748e-09
               20200        1.083350e-04        1.102748e-09
               20300        1.131810e-04        8.029506e-10
               20400        1.032070e-04        8.029922e-10
               20500        1.109040e-04        5.748170e-10
               20600        1.096060e-04        5.748170e-10
               20700        1.085980e-04        4.328532e-10
               20800        1.087820e-04        4.328532e-10
               20900        1.083060e-04        3.093877e-10
               21000        1.099680e-04        3.093877e-10
               21100        1.118940e-04        2.290688e-10
               21200        1.127510e-04        2.290654e-10
               21300        1.077820e-04        1.720719e-10
               21400        1.135910e-04        1.720719e-10
               21500        1.122920e-04        1.290370e-10
               21600        1.215010e-04        1.290370e-10
               21700        1.403750e-04        1.025343e-10
               21800        1.312410e-04        1.025323e-10
               21900        1.175760e-04        7.578172e-11
               22000        1.112320e-04        7.578172e-11
               22100        1.089490e-04        5.127901e-11
               22200        1.054990e-04        5.127901e-11
               22300        1.214600e-04        3.113725e-11
               22400        1.042580e-04        3.113726e-11
               22500        1.053470e-04        2.217511e-11
               22600        1.071590e-04        2.217511e-11
               22700        1.069720e-04        1.522061e-11
               22800        1.135200e-04        1.522060e-11
               22900        1.070650e-04        1.187244e-11
               23000        1.047440e-04        1.187244e-11
               23100        1.032750e-04        7.836160e-12
               23200        1.048370e-04        7.836160e-12
               23300        1.100230e-04        5.634329e-12
               23400        1.079400e-04        5.634329e-12
               23500        1.054930e-04        3.832715e-12
               23600        1.107970e-04        3.832715e-12
               23700        1.120380e-04        2.881662e-12
               23800        1.137580e-04        2.881852e-12
               23900        1.139010e-04        1.950236e-12
               24000        1.139300e-04        1.950236e-12
               24100        1.140400e-04        1.387951e-12
               24200        1.106080e-04        1.387949e-12
               24300        1.129260e-04        1.035992e-12
               24400        1.134760e-04        1.035992e-12
               24500        1.147440e-04        7.637775e-13
               24600        1.226160e-04        7.637789e-13
               24700        1.103990e-04        5.394819e-13
               24800        1.082590e-04        5.394999e-13
               24900        1.085870e-04        3.742119e-13
               25000        1.142720e-04        3.742119e-13
               25100        1.211390e-04        2.765429e-13
               25200        1.396780e-04        2.765429e-13
               25300        1.226860e-04        2.071237e-13
               25400        1.136920e-04        2.071237e-13
               25500        1.194520e-04        1.515941e-13
               25600        1.128840e-04        1.515941e-13
               25700        1.057760e-04        1.151368e-13
               25800        1.088180e-04        1.151368e-13
               25900        1.088360e-04        9.489914e-14
               26000        1.091460e-04        9.489912e-14
               26100        1.096240e-04        6.929723e-14
               26200        1.084590e-04        6.929723e-14
               26300        1.094140e-04        5.373826e-14
               26400        1.074740e-04        5.373826e-14
               26500        1.122420e-04        4.034456e-14
               26600        1.139290e-04        4.034456e-14
               26700        1.119580e-04        2.746801e-14
               26800        1.113170e-04        2.746801e-14
               26900        1.140380e-04        2.167712e-14
               27000        1.126800e-04        2.167734e-14
               27100        1.108460e-04        1.495699e-14
               27200        1.139740e-04        1.495699e-14
               27300        1.114800e-04        1.096162e-14
               27400        1.077560e-04        1.096162e-14
               27500        1.164400e-04        8.438630e-15
               27600        1.128930e-04        6.481135e-15
               27700        1.109000e-04        6.481135e-15
               27800        1.117060e-04        4.739950e-15
               27900        1.129800e-04        4.739822e-15
               28000        1.134780e-04        3.416775e-15
               28100        1.126670e-04        3.416775e-15
               28200        1.144780e-04        2.492300e-15
               28300        1.146330e-04        2.492286e-15
               28400        1.136990e-04        1.708425e-15
               28500        1.163330e-04        1.708425e-15
               28600        1.127030e-04        1.228121e-15
               28700        1.195230e-04        1.228121e-15
               28800        1.222740e-04        8.780435e-16
               28900        1.213180e-04        8.780435e-16
               29000        1.401430e-04        5.877673e-16
               29100        1.236550e-04        5.877673e-16
               29200        1.172190e-04        4.230548e-16
               29300        1.231860e-04        4.230548e-16
               29400        1.178380e-04        3.094585e-16
               29500        1.159010e-04        3.094585e-16
               29600        1.223750e-04        2.365297e-16
               29700        1.163950e-04        2.365301e-16
               29800        1.162540e-04        1.686943e-16
               29900        1.174910e-04        1.686943e-16
               30000        1.195590e-04        1.275337e-16
               30100        1.182080e-04        1.275337e-16
               30200        1.206220e-04        9.338597e-17
               30300        1.203510e-04        9.338597e-17
               30400        1.131690e-04        7.411142e-17
               30500        1.433980e-04        7.411213e-17
               30600        1.151330e-04        5.675636e-17
               30700        1.189050e-04        5.675636e-17
               30800        1.149530e-04        4.221462e-17
               30900        1.176920e-04        4.221990e-17
               31000        1.193670e-04        3.124208e-17
               31100        1.146260e-04        3.124208e-17
               31200        1.160730e-04        2.217938e-17
               31300        1.112320e-04        2.217954e-17
               31400        1.105820e-04        1.625011e-17
               31500        1.159640e-04        1.625011e-17
               31600        1.210920e-04        1.188418e-17
               31700        1.172830e-04        1.188418e-17
               31800        9.074200e-05        8.691347e-18
               31900        1.171030e-04        8.691297e-18
               32000        1.441420e-04        5.724382e-18
               32100        1.120390e-04        5.724382e-18
               32200        9.279700e-05        4.270334e-18
               32300        1.175650e-04        4.270334e-18
               32400        1.181830e-04        3.437899e-18
               32500        1.257990e-04        3.437899e-18
               32600        1.158760e-04        2.588820e-18
               32700        1.265680e-04        2.588820e-18
               32800        1.402610e-04        1.679730e-18
               32900        1.381910e-04        1.679730e-18
               33000        1.147510e-04        1.308979e-18
               33100        1.131920e-04        1.308979e-18
               33200        1.191380e-04        9.535073e-19
               33300        1.147520e-04        9.535073e-19
               33400        1.217890e-04        6.914425e-19
               33500        1.203710e-04        6.914425e-19
               33600        1.117750e-04        5.107100e-19
               33700        1.155120e-04        5.107100e-19
               33800        1.213830e-04        3.768911e-19
               33900        1.161440e-04        3.768911e-19
               34000        1.200370e-04        2.852524e-19
               34100        1.112640e-04        2.852524e-19
               34200        1.175360e-04        2.089771e-19
               34300        1.451230e-04        2.089771e-19
               34400        1.135770e-04        1.333536e-19
               34500        1.172950e-04        1.333536e-19
               34600        1.215760e-04        9.739445e-20
               34700        1.215120e-04        9.739445e-20
               34800        1.131230e-04        7.925356e-20
               34900        1.180030e-04        7.925356e-20
               35000        1.157660e-04        5.875421e-20
               35100        1.127080e-04        5.875421e-20
               35200        1.091120e-04        4.157283e-20
               35300        1.376830e-04        4.157283e-20
               35400        1.188690e-04        3.099471e-20
               35500        1.149730e-04        3.099468e-20
               35600        1.177000e-04        2.259590e-20
               35700        1.157400e-04        2.259590e-20
               35800        1.140620e-04        1.644802e-20
               35900        1.132690e-04        1.644802e-20
               36000        1.155760e-04        1.093042e-20
               36100        1.165010e-04        1.093042e-20
               36200        1.385690e-04        7.481894e-21
               36300        1.346120e-04        7.481894e-21
               36400        1.147990e-04        5.607111e-21
               36500        1.261060e-04        5.607222e-21
               36600        1.363360e-04        4.178201e-21
               36700        1.131460e-04        4.178201e-21
               36800        1.119590e-04        2.702350e-21
               36900        1.165080e-04        2.702350e-21
               37000        8.829200e-05        2.210655e-21
               37100        9.037400e-05        2.210655e-21
               37200        1.033790e-04        1.553854e-21
               37300        8.852500e-05        1.553854e-21
               37400        9.702700e-05        1.553854e-21
               37500        9.049000e-05        8.632704e-22
               37600        9.805500e-05        8.453357e-22
               37700        8.911600e-05        6.041386e-22
               37800        9.709600e-05        6.041386e-22
               37900        8.787000e-05        4.416460e-22
               38000        1.002450e-04        4.416460e-22
               38100        9.145500e-05        3.420450e-22
               38200        9.667600e-05        3.420450e-22
               38300        8.918700e-05        2.457646e-22
               38400        1.008550e-04        2.457646e-22
               38500        1.114250e-04        1.746194e-22
               38600        1.167760e-04        1.746194e-22
               38700        1.110820e-04        1.428450e-22
               38800        1.039680e-04        1.428450e-22
               38900        1.145400e-04        1.039371e-22
               39000        1.168080e-04        1.039438e-22
               39100        1.156230e-04        7.683899e-23
               39200        1.139560e-04        7.683899e-23
               39300        1.145660e-04        5.524553e-23
               39400        1.130940e-04        5.524315e-23
               39500        1.156830e-04        4.006736e-23
               39600        1.131090e-04        4.006740e-23
               39700        1.180810e-04        2.975866e-23
               39800        1.120050e-04        2.975866e-23
               39900        1.176270e-04        2.321636e-23
               40000        1.145380e-04        2.321636e-23
               40100        1.470740e-04        1.594280e-23
               40200        1.171510e-04        1.594280e-23
               40300        1.194860e-04        1.203458e-23
               40400        1.192280e-04        1.203458e-23
               40500        1.212590e-04        9.308225e-24
               40600        1.259320e-04        9.308225e-24
               40700        1.785850e-04        6.944245e-24
               40800        1.179420e-04        6.944245e-24
               40900        1.188890e-04        5.185392e-24
               41000        1.173020e-04        5.185392e-24
               41100        1.133250e-04        3.899159e-24
               41200        1.114960e-04        3.899159e-24
               41300        1.156310e-04        3.221208e-24
               41400        1.156430e-04        3.221287e-24
               41500        1.147460e-04        2.377183e-24
               41600        1.183790e-04        2.377183e-24
               41700        1.210190e-04        1.943814e-24
               41800        1.163350e-04        1.943814e-24
               41900        1.182140e-04        1.581834e-24
               42000        1.227000e-04        1.581834e-24
               42100        1.177370e-04        1.321250e-24
               42200        1.181250e-04        1.321250e-24
               42300        1.529930e-04        1.228117e-24
               42400        1.210910e-04        1.228117e-24
               42500        1.136930e-04        1.032820e-24
               42600        1.161780e-04        1.032820e-24
               42700        1.155720e-04        9.225792e-25
               42800        1.141280e-04        9.225792e-25
               42900        1.196380e-04        8.265706e-25
               43000        1.107260e-04        8.265706e-25
               43100        1.183170e-04        8.386114e-25
               43200        1.134890e-04        8.386114e-25
               43300        1.208390e-04        8.927066e-25
               43400        1.170240e-04        8.927066e-25
               43500        1.159560e-04        7.825121e-25
               43600        1.184760e-04        7.825121e-25
               43700        1.129530e-04        8.131739e-25
               43800        1.185370e-04        8.131739e-25
               43900        1.304190e-04        7.990810e-25
               44000        1.137920e-04        7.990810e-25
               44100        1.148620e-04        7.626155e-25
               44200        1.175320e-04        7.641067e-25
               44300        1.324260e-04        7.641067e-25
               44400        1.155680e-04        7.443858e-25
               44500        1.351330e-04        7.444079e-25
               44600        1.172930e-04        7.532774e-25
               44700        1.180950e-04        7.532774e-25
               44800        1.176160e-04        7.327239e-25
               44900        1.179750e-04        7.327239e-25
               45000        1.146620e-04        7.221838e-25
               45100        1.142390e-04        7.221838e-25
               45200        1.165580e-04        7.873681e-25
               45300        1.171340e-04        7.872214e-25
               45400        8.952900e-05        7.417940e-25
               45500        1.156660e-04        7.417972e-25
               45600        1.121560e-04        8.131877e-25
               45700        1.134080e-04        8.131877e-25
               45800        1.138030e-04        7.250814e-25
               45900        1.120040e-04        7.251792e-25
               46000        1.307890e-04        6.979351e-25
               46100        1.200370e-04        6.979351e-25
               46200        1.077270e-04        6.920908e-25
               46300        1.106670e-04        6.920908e-25
               46400        1.132580e-04        6.871556e-25
               46500        1.108050e-04        6.871556e-25
               46600        1.072420e-04        6.848223e-25
               46700        1.126450e-04        6.848223e-25
               46800        1.139030e-04        6.745525e-25
               46900        1.106860e-04        6.745525e-25
               47000        1.171870e-04        6.509908e-25
               47100        1.230790e-04        6.509482e-25
               47200        1.194650e-04        7.078482e-25
               47300        1.143340e-04        7.078482e-25
               47400        1.183660e-04        6.837221e-25
               47500        1.212030e-04        6.837221e-25
               47600        1.244700e-04        6.618336e-25
               47700        1.256020e-04        6.618336e-25
               47800        1.233550e-04        5.875963e-25
               47900        1.236410e-04        5.875963e-25
               48000        1.277950e-04        5.889464e-25
               48100        1.190330e-04        5.889464e-25
               48200        1.194020e-04        5.975541e-25
               48300        1.758260e-04        5.975541e-25
               48400        1.247290e-04        6.048966e-25
               48500        1.209500e-04        6.049250e-25
               48600        1.147670e-04        5.430309e-25
               48700        1.188940e-04        5.430309e-25
               48800        1.152950e-04        5.821711e-25
               48900        1.131100e-04        5.821711e-25
               49000        1.150320e-04        6.191152e-25
               49100        1.214430e-04        6.191152e-25
               49200        1.231080e-04        6.230142e-25
               49300        1.188450e-04        5.746004e-25
               49400        1.114310e-04        5.746004e-25
               49500        1.151370e-04        6.178786e-25
               49600        1.156240e-04        6.178565e-25
               49700        1.121430e-04        6.394173e-25
               49800        1.155880e-04        6.394173e-25
               49900        1.160720e-04        6.968518e-25
               50000        1.152120e-04        6.968518e-25
               50100        1.161130e-04        6.843243e-25
               50200        1.190400e-04        6.843243e-25
               50300        1.128900e-04        7.399328e-25
               50400        1.188190e-04        7.399328e-25
               50500        1.428780e-04        7.730921e-25
               50600        1.177790e-04        7.733721e-25
               50700        1.162340e-04        8.340703e-25
               50800        1.138690e-04        8.340703e-25
               50900        1.129110e-04        8.281646e-25
               51000        1.119640e-04        8.281267e-25
               51100        1.334620e-04        7.464433e-25
               51200        1.207060e-04        7.464433e-25
               51300        1.179410e-04        6.941195e-25
               51400        1.543690e-04        6.941195e-25
               51500        1.309560e-04        6.713094e-25
               51600        1.213620e-04        6.712155e-25
               51700        1.117210e-04        6.256471e-25
               51800        1.170910e-04        6.256471e-25
               51900        1.160940e-04        5.912058e-25
               52000        1.151220e-04        5.912058e-25
               52100        8.591100e-05        6.088476e-25
               52200        1.107690e-04        6.088476e-25
               52300        1.172080e-04        5.942853e-25
               52400        1.165530e-04        5.942853e-25
               52500        1.204740e-04        6.605317e-25
               52600        1.183360e-04        6.605317e-25
               52700        1.158140e-04        7.357183e-25
               52800        8.791700e-05        7.357736e-25
               52900        1.170670e-04        7.296128e-25
               53000        1.221480e-04        7.296128e-25
               53100        1.178690e-04        7.095795e-25
               53200        1.207700e-04        7.095795e-25
               53300        1.193190e-04        6.839579e-25
               53400        1.234300e-04        6.839579e-25
               53500        1.371140e-04        7.586145e-25
               53600        1.119020e-04        7.586145e-25
               53700        1.178880e-04        7.979356e-25
               53800        1.156690e-04        7.979356e-25
               53900        1.167640e-04        7.759099e-25
               54000        1.207030e-04        7.759099e-25
               54100        1.167100e-04        7.333166e-25
               54200        1.114640e-04        7.331557e-25
               54300        1.139420e-04        7.019220e-25
               54400        1.187310e-04        7.019220e-25
               54500        1.162780e-04        6.677314e-25
               54600        1.200760e-04        6.677314e-25
               54700        1.164420e-04        6.838050e-25
               54800        1.140770e-04        6.838050e-25
               54900        1.192200e-04        6.973793e-25
               55000        1.149090e-04        6.973793e-25
               55100        1.245060e-04        6.926426e-25
               55200        1.333210e-04        6.926426e-25
               55300        1.225480e-04        7.587155e-25
               55400        1.118900e-04        7.587155e-25
               55500        1.185090e-04        7.342431e-25
               55600        1.179670e-04        7.342431e-25
               55700        1.177840e-04        7.273357e-25
               55800        1.182200e-04        7.273357e-25
               55900        1.159240e-04        7.641134e-25
               56000        1.176270e-04        7.641134e-25
               56100        1.201400e-04        6.495205e-25
               56200        1.201060e-04        6.495205e-25
               56300        1.188770e-04        6.453148e-25
               56400        1.156830e-04        6.453148e-25
               56500        1.217850e-04        6.638271e-25
               56600        1.099500e-04        6.638271e-25
               56700        1.132870e-04        7.227400e-25
               56800        1.135850e-04        7.227400e-25
               56900        1.146600e-04        7.281610e-25
               57000        1.190710e-04        7.824193e-25
               57100        1.181280e-04        7.824193e-25
               57200        1.181280e-04        7.395849e-25
               57300        1.164250e-04        7.395849e-25
               57400        1.129420e-04        7.726351e-25
               57500        1.137220e-04        7.726351e-25
               57600        1.157850e-04        8.438810e-25
               57700        1.155350e-04        8.439283e-25
               57800        1.344900e-04        7.078011e-25
               57900        1.117900e-04        7.078011e-25
               58000        1.096190e-04        7.079994e-25
               58100        1.093130e-04        7.079994e-25
               58200        1.162430e-04        6.464507e-25
               58300        1.130070e-04        6.464507e-25
               58400        1.184880e-04        6.455131e-25
               58500        1.221740e-04        6.455131e-25
               58600        1.212190e-04        6.769647e-25
               58700        1.221120e-04        6.769647e-25
               58800        1.356580e-04        6.421863e-25
               58900        1.127570e-04        6.421863e-25
               59000        1.118720e-04        6.706799e-25
               59100        1.088620e-04        6.706799e-25
               59200        1.088160e-04        6.233515e-25
               59300        1.085890e-04        6.233515e-25
               59400        1.225420e-04        4.997928e-25
               59500        1.218940e-04        4.997928e-25
               59600        1.160650e-04        5.784842e-25
               59700        1.118740e-04        5.784842e-25
               59800        1.128280e-04        5.393684e-25
               59900        1.119560e-04        5.393684e-25
               60000        1.145180e-04        5.213757e-25
               60100        1.126900e-04        5.213757e-25
               60200        1.157330e-04        5.259026e-25
               60300        1.265760e-04        5.259026e-25
               60400        1.157730e-04        5.556823e-25
               60500        1.485470e-04        5.556823e-25
               60600        1.164960e-04        6.283060e-25
               60700        1.153880e-04        6.283060e-25
               60800        1.165360e-04        5.579506e-25
               60900        1.146920e-04        5.579506e-25
               61000        1.097150e-04        6.814323e-25
               61100        1.108980e-04        6.814323e-25
               61200        1.140300e-04        7.831341e-25
               61300        1.102900e-04        7.831341e-25
               61400        1.141900e-04        7.797400e-25
               61500        1.137830e-04        7.797400e-25
               61600        1.097850e-04        8.104524e-25
               61700        1.126940e-04        8.104524e-25
               61800        1.153090e-04        8.104524e-25
               61900        1.148530e-04        7.935338e-25
               62000        1.172600e-04        7.886779e-25
               62100        1.217320e-04        6.887201e-25
               62200        1.197360e-04        6.887201e-25
               62300        1.356050e-04        7.112543e-25
               62400        1.484650e-04        7.112543e-25
               62500        1.143100e-04        7.112543e-25
               62600        1.183960e-04        7.176278e-25
               62700        1.140990e-04        7.206840e-25
               62800        9.129100e-05        6.730210e-25
               62900        1.144260e-04        6.730210e-25
               63000        1.112250e-04        6.410908e-25
               63100        1.158530e-04        6.411145e-25
               63200        1.129310e-04        7.153720e-25
               63300        1.099440e-04        7.153720e-25
               63400        1.129270e-04        6.840264e-25
               63500        1.241630e-04        6.840264e-25
               63600        1.120860e-04        7.510931e-25
               63700        1.105510e-04        7.510931e-25
               63800        1.179180e-04        6.778025e-25
               63900        1.053820e-04        6.778025e-25
               64000        1.093550e-04        6.108527e-25
               64100        1.131070e-04        6.108527e-25
               64200        1.151950e-04        5.897791e-25
               64300        1.136440e-04        5.897552e-25
               64400        1.082210e-04        6.174486e-25
               64500        1.091970e-04        6.174486e-25
               64600        1.089060e-04        5.400822e-25
               64700        1.116320e-04        5.400822e-25
               64800        1.095560e-04        5.845727e-25
               64900        1.190730e-04        5.845727e-25
               65000        1.132360e-04        6.068782e-25
               65100        1.395950e-04        6.068782e-25
               65200        1.103930e-04        6.363444e-25
               65300        1.150620e-04        6.363444e-25
               65400        1.106210e-04        6.457323e-25
               65500        1.110860e-04        6.457323e-25
               65600        1.157800e-04        6.675619e-25
               65700        1.443380e-04        6.675619e-25
               65800        1.306540e-04        6.867838e-25
               65900        1.184800e-04        6.867838e-25
               66000        1.167560e-04        6.730694e-25
               66100        1.102860e-04        6.730694e-25
               66200        1.142990e-04        7.009364e-25
               66300        1.130460e-04        7.009364e-25
               66400        1.308680e-04        7.710696e-25
               66500        1.063590e-04        7.710696e-25
               66600        1.087930e-04        7.644547e-25
               66700        1.090860e-04        7.644547e-25
               66800        1.106330e-04        8.171921e-25
               66900        1.110800e-04        8.172481e-25
               67000        1.103170e-04        7.615014e-25
               67100        1.129980e-04        7.615014e-25
               67200        1.059330e-04        7.106758e-25
               67300        1.105580e-04        7.107042e-25
               67400        9.306400e-05        7.836891e-25
               67500        1.115990e-04        7.836891e-25
               67600        1.086890e-04        7.185192e-25
               67700        1.106780e-04        7.185192e-25
               67800        1.120470e-04        6.645849e-25
               67900        1.081400e-04        6.644676e-25
               68000        1.109180e-04        6.755899e-25
               68100        1.096650e-04        6.756173e-25
               68200        1.102010e-04        6.607051e-25
               68300        1.175610e-04        6.607051e-25
               68400        1.161600e-04        9.698271e-25
               68500        1.165840e-04        9.698271e-25
               68600        1.138220e-04        8.721080e-25
               68700        1.159060e-04        8.722411e-25
               68800        1.141000e-04        7.564062e-25
               68900        1.137310e-04        7.564062e-25
               69000        1.123660e-04        6.536000e-25
               69100        1.139930e-04        6.536000e-25
               69200        1.173460e-04        6.360241e-25
               69300        1.177930e-04        6.360241e-25
               69400        1.189490e-04        6.440366e-25
               69500        1.146510e-04        6.440366e-25
               69600        1.242170e-04        6.682093e-25
               69700        1.289890e-04        6.682093e-25
               69800        1.150980e-04        5.503736e-25
               69900        1.111130e-04        5.503736e-25
               70000        1.144020e-04        5.671110e-25
               70100        1.146100e-04        5.671110e-25
               70200        1.118520e-04        5.980011e-25
               70300        1.122410e-04        5.979538e-25
               70400        1.131430e-04        6.215862e-25
               70500        1.106270e-04        6.215862e-25
               70600        1.119010e-04        6.075988e-25
               70700        1.125380e-04        6.075988e-25
               70800        1.120240e-04        5.688119e-25
               70900        1.103350e-04        5.688119e-25
               71000        1.118530e-04        5.639455e-25
               71100        1.139560e-04        5.639455e-25
               71200        1.103000e-04        5.862614e-25
               71300        1.120330e-04        5.858137e-25
               71400        1.150270e-04        6.133881e-25
               71500        1.138510e-04        6.133881e-25
               71600        1.168040e-04        7.352224e-25
               71700        1.117580e-04        7.352224e-25
               71800        1.115920e-04        6.652097e-25
               71900        1.132890e-04        6.652097e-25
               72000        1.119260e-04        6.887934e-25
               72100        1.130650e-04        7.228334e-25
               72200        1.167040e-04        8.265182e-25
               72300        1.150670e-04        8.267267e-25
               72400        1.138480e-04        7.675339e-25
               72500        1.131580e-04        7.695234e-25
               72600        1.130060e-04        7.207237e-25
               72700        1.113190e-04        6.887168e-25
               72800        1.066810e-04        7.030865e-25
               72900        1.111680e-04        6.927746e-25
               73000        1.132520e-04        6.615530e-25
               73100        1.084570e-04        7.114824e-25
               73200        1.230270e-04        7.412450e-25
               73300        1.239530e-04        7.390147e-25
               73400        1.133910e-04        6.817183e-25
               73500        1.314560e-04        6.817183e-25
               73600        1.147420e-04        6.512338e-25
               73700        1.110050e-04        6.512338e-25
               73800        1.131220e-04        6.263191e-25
               73900        1.088840e-04        6.262931e-25
               74000        1.097900e-04        7.576406e-25
               74100        1.085740e-04        7.444654e-25
               74200        1.102120e-04        6.138380e-25
               74300        1.254860e-04        6.138380e-25
               74400        1.109400e-04        6.248580e-25
               74500        1.107360e-04        6.248580e-25
               74600        1.158250e-04        6.999376e-25
               74700        1.117830e-04        6.999376e-25
               74800        1.102190e-04        6.612678e-25
               74900        1.136360e-04        6.611699e-25
               75000        1.098500e-04        5.893864e-25
               75100        1.228260e-04        5.893864e-25
               75200        1.135300e-04        5.635627e-25
               75300        1.145120e-04        5.635359e-25
               75400        1.113240e-04        5.921337e-25
               75500        1.393490e-04        5.921684e-25
               75600        1.132740e-04        5.810155e-25
               75700        1.088880e-04        5.809334e-25
               75800        1.080070e-04        5.656914e-25
               75900        1.142650e-04        5.656914e-25
               76000        1.183230e-04        6.817538e-25
               76100        1.180960e-04        6.817538e-25
               76200        1.181620e-04        6.849068e-25
               76300        1.135020e-04        6.849068e-25
               76400        1.151030e-04        6.490353e-25
               76500        1.151390e-04        6.492422e-25
               76600        1.230440e-04        6.382571e-25
               76700        1.168770e-04        6.382571e-25
               76800        1.267450e-04        6.315356e-25
               76900        1.275190e-04        6.315356e-25
               77000        1.136790e-04        6.524144e-25
               77100        1.194950e-04        6.524365e-25
               77200        1.165770e-04        7.031370e-25
               77300        1.310000e-04        7.031370e-25
               77400        1.129870e-04        6.889602e-25
               77500        1.120760e-04        6.889602e-25
               77600        1.108250e-04        7.149226e-25
               77700        1.147810e-04        7.149226e-25
               77800        1.145520e-04        6.659795e-25
               77900        1.187980e-04        6.659795e-25
               78000        1.183030e-04        6.202986e-25
               78100        1.151020e-04        6.202986e-25
               78200        1.145840e-04        6.497488e-25
               78300        1.187920e-04        6.497488e-25
               78400        1.140120e-04        6.399094e-25
               78500        1.116420e-04        6.399094e-25
               78600        1.109560e-04        6.562053e-25
               78700        1.128470e-04        6.562053e-25
               78800        1.123950e-04        6.468520e-25
               78900        1.123590e-04        6.468520e-25
               79000        1.120320e-04        6.085874e-25
               79100        1.134620e-04        6.085874e-25
               79200        1.112720e-04        6.217408e-25
               79300        1.128540e-04        6.217408e-25
               79400        1.138340e-04        6.420621e-25
               79500        1.108050e-04        6.420621e-25
               79600        1.147540e-04        6.361413e-25
               79700        1.123910e-04        6.361413e-25
               79800        1.219530e-04        5.833192e-25
               79900        1.146000e-04        5.834638e-25
               80000        1.136000e-04        6.777872e-25
               80100        1.115640e-04        6.777872e-25
               80200        8.819000e-05        6.460979e-25
               80300        1.182290e-04        6.460979e-25
               80400        1.142290e-04        5.825896e-25
               80500        1.226570e-04        5.825896e-25
               80600        1.222160e-04        6.470546e-25
               80700        1.125020e-04        6.470388e-25
               80800        1.125880e-04        6.325471e-25
               80900        1.446560e-04        6.325471e-25
               81000        1.132040e-04        5.952350e-25
               81100        1.113630e-04        5.952715e-25
               81200        1.100180e-04        6.121564e-25
               81300        1.210520e-04        6.121564e-25
               81400        1.200170e-04        6.381033e-25
               81500        1.197130e-04        6.381033e-25
               81600        1.115400e-04        6.184848e-25
               81700        1.106370e-04        6.184848e-25
               81800        1.139490e-04        6.339588e-25
               81900        1.106420e-04        6.339594e-25
               82000        1.129700e-04        6.928733e-25
               82100        1.161720e-04        6.928733e-25
               82200        1.154140e-04        5.920761e-25
               82300        1.150020e-04        5.920761e-25
               82400        1.170510e-04        5.998440e-25
               82500        1.136960e-04        5.998440e-25
               82600        1.155390e-04        5.550063e-25
               82700        1.177390e-04        5.550063e-25
               82800        1.160230e-04        6.479650e-25
               82900        1.148370e-04        6.479650e-25
               83000        1.149580e-04        6.196962e-25
               83100        1.191900e-04        6.196962e-25
               83200        1.201400e-04        6.290512e-25
               83300        1.151940e-04        6.290512e-25
               83400        1.153070e-04        5.553134e-25
               83500        1.109010e-04        5.553134e-25
               83600        1.102460e-04        5.396642e-25
               83700        1.135720e-04        5.396642e-25
               83800        1.176720e-04        6.496836e-25
               83900        1.147780e-04        6.496836e-25
               84000        1.245740e-04        6.376822e-25
               84100        1.271610e-04        6.376822e-25
               84200        1.114130e-04        6.790940e-25
               84300        1.113030e-04        6.790940e-25
               84400        1.140230e-04        6.882679e-25
               84500        1.114510e-04        6.882679e-25
               84600        1.107680e-04        6.726888e-25
               84700        1.140370e-04        6.726888e-25
               84800        1.109460e-04        7.244152e-25
               84900        1.101270e-04        7.244152e-25
               85000        1.240910e-04        6.864530e-25
               85100        1.122210e-04        6.864530e-25
               85200        1.103280e-04        6.604682e-25
               85300        1.119680e-04        6.604682e-25
               85400        1.122160e-04        6.973354e-25
               85500        1.119610e-04        6.973354e-25
               85600        8.553500e-05        6.677815e-25
               85700        1.360150e-04        6.677815e-25
               85800        1.186540e-04        6.614777e-25
               85900        1.166980e-04        6.614777e-25
               86000        1.158580e-04        6.868765e-25
               86100        1.126280e-04        6.868765e-25
               86200        1.103220e-04        6.760796e-25
               86300        1.130870e-04        6.760796e-25
               86400        8.630100e-05        6.557046e-25
               86500        1.139840e-04        6.556036e-25
               86600        1.130570e-04        6.403432e-25
               86700        1.212700e-04        6.403432e-25
               86800        1.120240e-04        6.251510e-25
               86900        1.105310e-04        6.251510e-25
               87000        1.123950e-04        6.251510e-25
               87100        1.073560e-04        5.599705e-25
               87200        1.123590e-04        5.639893e-25
               87300        1.109020e-04        5.884734e-25
               87400        1.106620e-04        5.884671e-25
               87500        1.186140e-04        5.466793e-25
               87600        1.129920e-04        5.466793e-25
               87700        1.090400e-04        5.480998e-25
               87800        1.237350e-04        5.480998e-25
               87900        1.286140e-04        5.411292e-25
               88000        1.187790e-04        5.411292e-25
               88100        1.230260e-04        5.600826e-25
               88200        1.144000e-04        5.600826e-25
               88300        1.137770e-04        5.726732e-25
               88400        1.110190e-04        5.726732e-25
               88500        1.113320e-04        5.393530e-25
               88600        1.124280e-04        5.393530e-25
               88700        1.111460e-04        4.894018e-25
               88800        1.123450e-04        4.894018e-25
               88900        1.131290e-04        5.085810e-25
               89000        1.079340e-04        5.085810e-25
               89100        1.120330e-04        5.746977e-25
               89200        1.117860e-04        5.746977e-25
               89300        1.112520e-04        6.583235e-25
               89400        1.151430e-04        6.583235e-25
               89500        1.135300e-04        6.565836e-25
               89600        1.092370e-04        6.565836e-25
               89700        1.128750e-04        6.377416e-25
               89800        1.103080e-04        6.377416e-25
               89900        1.088550e-04        6.450488e-25
               90000        1.150650e-04        6.450488e-25
               90100        1.132870e-04        7.031187e-25
               90200        1.300710e-04        7.031187e-25
               90300        1.124730e-04        6.194967e-25
               90400        1.145010e-04        6.194967e-25
               90500        1.153510e-04        6.222556e-25
               90600        1.146440e-04        6.222075e-25
               90700        1.198290e-04        6.758879e-25
               90800        9.103300e-05        6.758879e-25
               90900        1.138540e-04        6.859994e-25
               91000        1.173950e-04        6.859994e-25
               91100        1.176660e-04        6.933199e-25
               91200        1.034990e-04        6.933199e-25
               91300        1.167310e-04        7.014812e-25
               91400        1.191830e-04        7.014812e-25
               91500        1.161440e-04        6.920898e-25
               91600        1.218880e-04        6.920898e-25
               91700        1.263010e-04        7.296444e-25
               91800        1.133760e-04        7.296444e-25
               91900        1.134000e-04        6.395140e-25
               92000        1.136600e-04        6.395140e-25
               92100        1.126320e-04        6.619628e-25
               92200        1.139100e-04        6.619628e-25
               92300        1.140560e-04        7.195099e-25
               92400        1.125390e-04        7.195099e-25
               92500        1.148470e-04        6.650846e-25
               92600        1.123770e-04        6.650846e-25
               92700        1.115340e-04        6.577329e-25
               92800        1.098920e-04        6.577329e-25
               92900        1.105850e-04        7.294498e-25
               93000        9.411500e-05        7.294498e-25
               93100        1.112670e-04        6.875168e-25
               93200        1.139810e-04        6.875168e-25
               93300        1.097410e-04        6.724912e-25
               93400        1.182580e-04        6.724912e-25
               93500        9.770400e-05        7.186618e-25
               93600        1.268240e-04        7.186618e-25
               93700        1.119760e-04        6.939607e-25
               93800        1.122880e-04        6.939607e-25
               93900        1.115540e-04        7.785902e-25
               94000        1.255090e-04        7.785263e-25
               94100        1.094570e-04        8.172497e-25
               94200        1.129600e-04        8.172497e-25
               94300        1.319600e-04        7.414441e-25
               94400        1.192550e-04        7.414441e-25
               94500        1.167420e-04        7.270896e-25
               94600        1.179730e-04        7.270896e-25
               94700        1.131130e-04        7.090466e-25
               94800        1.158000e-04        7.090466e-25
               94900        1.186580e-04        6.871370e-25
               95000        1.198330e-04        6.871370e-25
               95100        1.180410e-04        7.409591e-25
               95200        1.195020e-04        7.409591e-25
               95300        1.144770e-04        7.602481e-25
               95400        1.495980e-04        7.603160e-25
               95500        1.242450e-04        7.452395e-25
               95600        1.086610e-04        7.452395e-25
               95700        8.809600e-05        6.792109e-25
               95800        1.143220e-04        6.792109e-25
               95900        1.098590e-04        6.403541e-25
               96000        1.122410e-04        6.403541e-25
               96100        1.125280e-04        6.438190e-25
               96200        1.098330e-04        6.438190e-25
               96300        1.159950e-04        6.231623e-25
               96400        1.101270e-04        6.231647e-25
               96500        1.107550e-04        5.599590e-25
               96600        1.138030e-04        5.599590e-25
               96700        1.126870e-04        5.462760e-25
               96800        1.123860e-04        5.461955e-25
               96900        1.120730e-04        6.208151e-25
               97000        1.127250e-04        6.208845e-25
               97100        8.842700e-05        7.207909e-25
               97200        1.119110e-04        7.207288e-25
               97300        1.173020e-04        7.314174e-25
               97400        1.177730e-04        7.314174e-25
               97500        1.124640e-04        6.821880e-25
               97600        1.113980e-04        6.821880e-25
               97700        1.105000e-04        7.260752e-25
               97800        1.132080e-04        7.260247e-25
               97900        1.111440e-04        7.754467e-25
               98000        1.125110e-04        7.754467e-25
               98100        1.152700e-04        8.868924e-25
               98200        1.120020e-04        8.868492e-25
               98300        1.144320e-04        8.231479e-25
               98400        1.108640e-04        8.231479e-25
               98500        1.097540e-04        8.004671e-25
               98600        9.793400e-05        8.004671e-25
               98700        9.158600e-05        8.056637e-25
               98800        9.258100e-05        8.056637e-25
               98900        9.243800e-05        7.750463e-25
               99000        9.777000e-05        7.750463e-25
               99100        1.029720e-04        8.011765e-25
               99200        1.023080e-04        8.011765e-25
               99300        9.130200e-05        8.684124e-25
               99400        8.967800e-05        8.684124e-25
               99500        9.023000e-05        9.065135e-25
               99600        8.846700e-05        9.065135e-25
               99700        8.891200e-05        9.212281e-25
               99800        9.046600e-05        9.211824e-25
               99900        9.451700e-05        9.121043e-25
              100000        9.207300e-05        9.121043e-25
