Period: 100
               Epoch           Time cost                Loss
                 100        3.943770e-04        2.467283e+05
                 200        1.198877e-03        2.467283e+05
                 300        1.519040e-04        2.467283e+05
                 400        1.439000e-04        1.883987e+05
                 500        1.729200e-04        1.883919e+05
                 600        1.598470e-04        1.883919e+05
                 700        1.073040e-04        2.467251e+05
                 800        2.150900e-04        1.883919e+05
                 900        1.628210e-04        1.367806e+05
                1000        1.353350e-04        1.367761e+05
                1100        1.681410e-04        1.367810e+05
                1200        1.281470e-04        1.367806e+05
                1300        1.476780e-04        1.367682e+05
                1400        1.593310e-04        1.367761e+05
                1500        1.430600e-04        1.367761e+05
                1600        1.658910e-04        8.049473e+04
                1700        1.620000e-04        8.050698e+04
                1800        1.861860e-04        8.049396e+04
                1900        1.676240e-04        8.050492e+04
                2000        1.595580e-04        6.931866e+04
                2100        1.740750e-04        3.154933e+04
                2200        1.443280e-04        3.305951e+04
                2300        1.572950e-04        3.306235e+04
                2400        1.613180e-04        3.306141e+04
                2500        1.326940e-04        3.307593e+04
                2600        1.224020e-04        3.306912e+04
                2700        1.398180e-04        2.166293e+04
                2800        1.425560e-04        1.751857e+04
                2900        1.439530e-04        1.751607e+04
                3000        1.721920e-04        1.751432e+04
                3100        1.610380e-04        1.751464e+04
                3200        1.784120e-04        1.751612e+04
                3300        1.878770e-04        1.155875e+04
                3400        1.396190e-04        1.097656e+04
                3500        1.691140e-04        1.097649e+04
                3600        1.452310e-04        1.097514e+04
                3700        1.546320e-04        1.097510e+04
                3800        1.498960e-04        1.097654e+04
                3900        1.464180e-04        5.629037e+03
                4000        1.564990e-04        5.878883e+03
                4100        1.150000e-04        5.880502e+03
                4200        1.393580e-04        5.878045e+03
                4300        1.584370e-04        5.878035e+03
                4400        1.678150e-04        1.097654e+04
                4500        1.401970e-04        3.110885e+03
                4600        1.656270e-04        3.111260e+03
                4700        1.596440e-04        3.110884e+03
                4800        1.569510e-04        3.111002e+03
                4900        1.629990e-04        2.978233e+03
                5000        5.632870e-04        3.110884e+03
                5100        1.719560e-04        2.474081e+03
                5200        1.483220e-04        1.521456e+03
                5300        1.555790e-04        1.554222e+03
                5400        1.049921e-03        7.335204e+02
                5500        1.096360e-04        8.204224e+02
                5600        9.871800e-05        8.204087e+02
                5700        1.407270e-04        8.206313e+02
                5800        1.662510e-04        8.208007e+02
                5900        1.505080e-04        8.207898e+02
                6000        3.130650e-04        8.205106e+02
                6100        2.465250e-04        7.335204e+02
                6200        1.532170e-04        2.615362e+02
                6300        1.728740e-04        2.601320e+02
                6400        1.694030e-04        2.601525e+02
                6500        1.582000e-04        2.601647e+02
                6600        1.808930e-04        2.411051e+02
                6700        1.511790e-04        1.973373e+02
                6800        1.559480e-04        1.073775e+02
                6900        1.613690e-04        1.126666e+02
                7000        9.881000e-05        1.126580e+02
                7100        9.526790e-04        1.073775e+02
                7200        1.501140e-04        1.073775e+02
                7300        1.521340e-04        1.126510e+02
                7400        1.663760e-04        1.126478e+02
                7500        1.441010e-04        7.571765e+01
                7600        1.423700e-04        7.571765e+01
                7700        1.566970e-04        7.571765e+01
                7800        1.388560e-04        4.172917e+01
                7900        1.469020e-04        4.171513e+01
                8000        1.406600e-04        4.171290e+01
                8100        1.471510e-04        4.170911e+01
                8200        1.638120e-04        4.171285e+01
                8300        9.950390e-04        2.292979e+01
                8400        1.331170e-04        2.293453e+01
                8500        1.163450e-04        2.293478e+01
                8600        1.396270e-04        2.293099e+01
                8700        1.403790e-04        2.253112e+01
                8800        1.222440e-04        2.253112e+01
                8900        1.455580e-04        4.047089e+01
                9000        1.362760e-04        1.168203e+01
                9100        1.569590e-04        1.168193e+01
                9200        1.705290e-04        1.168191e+01
                9300        2.264960e-04        1.168194e+01
                9400        1.540510e-04        1.168193e+01
                9500        1.539800e-04        1.168198e+01
                9600        1.843570e-04        1.168193e+01
                9700        2.384190e-04        5.687723e+00
                9800        2.965820e-04        5.687628e+00
                9900        1.647205e-03        5.686435e+00
               10000        1.729760e-04        5.686458e+00
               10100        2.321410e-04        5.687186e+00
               10200        1.709730e-04        5.686891e+00
               10300        1.539590e-04        3.222718e+00
               10400        1.821980e-04        3.081960e+00
               10500        1.449630e-04        3.222431e+00
               10600        2.483920e-04        3.222920e+00
               10700        1.350150e-04        3.223368e+00
               10800        1.545370e-04        3.222596e+00
               10900        1.673430e-04        3.223275e+00
               11000        1.444700e-04        2.358786e+00
               11100        1.442110e-04        2.358775e+00
               11200        2.558805e-03        2.358775e+00
               11300        1.477020e-04        2.358775e+00
               11400        1.615660e-04        2.358775e+00
               11500        1.451970e-04        1.760381e+00
               11600        1.474420e-04        1.760354e+00
               11700        2.857140e-04        1.760326e+00
               11800        1.511790e-04        1.760261e+00
               11900        1.526990e-04        1.760381e+00
               12000        2.913000e-04        1.760381e+00
               12100        1.701330e-04        9.554806e-01
               12200        1.618830e-04        9.063343e-01
               12300        1.478510e-04        9.556193e-01
               12400        1.675990e-04        9.556920e-01
               12500        1.404800e-04        2.358775e+00
               12600        1.754310e-04        4.358917e-01
               12700        1.439760e-04        4.436430e-01
               12800        1.833110e-04        4.358944e-01
               12900        1.644730e-04        4.358944e-01
               13000        1.468970e-04        4.434918e-01
               13100        1.808460e-04        4.434918e-01
               13200        1.491800e-04        1.636227e-01
               13300        1.543690e-04        1.579780e-01
               13400        1.350840e-04        1.636566e-01
               13500        1.630640e-04        1.636575e-01
               13600        3.008610e-04        1.636610e-01
               13700        2.704740e-04        1.149868e-01
               13800        1.851800e-04        1.149722e-01
               13900        1.487830e-04        1.149877e-01
               14000        1.782470e-04        1.150097e-01
               14100        1.714360e-04        1.149712e-01
               14200        1.428880e-04        8.408339e-02
               14300        1.764070e-04        8.408338e-02
               14400        1.503560e-04        8.408320e-02
               14500        1.780330e-04        8.408338e-02
               14600        1.440520e-04        8.319064e-02
               14700        1.756510e-04        2.993540e-02
               14800        1.590920e-04        3.187822e-02
               14900        1.116593e-03        3.163921e-02
               15000        1.375180e-04        3.368962e-02
               15100        1.977990e-04        1.636371e-02
               15200        1.436040e-04        1.636711e-02
               15300        2.209710e-04        1.636366e-02
               15400        1.592870e-04        1.636629e-02
               15500        1.455500e-04        1.164921e-02
               15600        1.751510e-04        1.156491e-02
               15700        1.682920e-04        1.156491e-02
               15800        1.645930e-04        1.156491e-02
               15900        1.618540e-04        1.092070e-02
               16000        1.768630e-04        1.280164e-02
               16100        1.626350e-04        5.570550e-03
               16200        1.728700e-04        5.569122e-03
               16300        1.602000e-04        2.209891e-03
               16400        1.548290e-04        2.206367e-03
               16500        1.626790e-04        2.287547e-03
               16600        1.611420e-04        1.680687e-03
               16700        1.760070e-04        3.601226e-03
               16800        1.552400e-04        1.689163e-03
               16900        1.544360e-04        1.282051e-03
               17000        9.849600e-05        1.475577e-03
               17100        1.572970e-04        4.002959e-04
               17200        1.851710e-04        4.948501e-04
               17300        1.631070e-04        4.949578e-04
               17400        1.746410e-04        4.035459e-04
               17500        1.783000e-04        3.477314e-04
               17600        1.590250e-04        2.472441e-04
               17700        1.477110e-04        2.472441e-04
               17800        1.779500e-04        1.252886e-04
               17900        1.614130e-04        8.477214e-05
               18000        1.642090e-04        8.479239e-05
               18100        1.772810e-04        8.478529e-05
               18200        1.566390e-04        8.478907e-05
               18300        1.608430e-04        3.234234e-05
               18400        1.490900e-04        3.147915e-05
               18500        1.858080e-04        3.455940e-05
               18600        1.386280e-04        3.233964e-05
               18700        1.780950e-04        3.458673e-05
               18800        1.416180e-04        3.153612e-05
               18900        1.692130e-04        4.943865e-05
               19000        2.010120e-04        1.719398e-05
               19100        1.741460e-04        1.719092e-05
               19200        1.743330e-04        1.719136e-05
               19300        1.742200e-04        1.719983e-05
               19400        2.640850e-04        1.327659e-05
               19500        2.668890e-04        5.102713e-06
               19600        1.761630e-04        6.892452e-06
               19700        1.824450e-04        5.101925e-06
               19800        1.511760e-04        2.240765e-06
               19900        1.563490e-04        2.284259e-06
               20000        1.949700e-04        2.284187e-06
               20100        2.082020e-04        1.176027e-06
               20200        1.452660e-04        1.165723e-06
               20300        1.623720e-04        1.165970e-06
               20400        1.671190e-04        1.165970e-06
               20500        1.421770e-04        1.176605e-06
               20600        1.779120e-04        1.176027e-06
               20700        1.658240e-04        6.271195e-07
               20800        2.141220e-04        6.255156e-07
               20900        9.914500e-05        6.128129e-07
               21000        2.083900e-04        6.523567e-07
               21100        1.419030e-04        6.128012e-07
               21200        1.667160e-04        6.267208e-07
               21300        1.949330e-04        6.128012e-07
               21400        1.528850e-04        4.218894e-07
               21500        1.621570e-04        4.110531e-07
               21600        1.604310e-04        4.110531e-07
               21700        1.730120e-04        4.110531e-07
               21800        2.387520e-04        2.836151e-07
               21900        8.029400e-04        2.836151e-07
               22000        1.634460e-04        2.836151e-07
               22100        1.820210e-04        1.955571e-07
               22200        3.819420e-04        1.955571e-07
               22300        2.321620e-04        1.955571e-07
               22400        1.172790e-04        1.955571e-07
               22500        1.825050e-04        1.038585e-07
               22600        1.487060e-04        1.038662e-07
               22700        1.486200e-04        1.010562e-07
               22800        1.628280e-04        1.038411e-07
               22900        1.453960e-04        1.038467e-07
               23000        1.511300e-04        5.409877e-08
               23100        1.888360e-04        5.408880e-08
               23200        1.452620e-04        5.408135e-08
               23300        1.814970e-04        5.408951e-08
               23400        4.772640e-04        2.896465e-08
               23500        1.494990e-04        2.896535e-08
               23600        1.598290e-04        2.633841e-08
               23700        1.655790e-04        2.896936e-08
               23800        1.560110e-04        2.897091e-08
               23900        1.909440e-04        1.772781e-08
               24000        1.457090e-04        1.772705e-08
               24100        1.450880e-04        1.772625e-08
               24200        1.455970e-04        1.772676e-08
               24300        1.551620e-04        1.772542e-08
               24400        1.820350e-04        1.772564e-08
               24500        1.764810e-04        8.776826e-09
               24600        1.501230e-04        1.090465e-08
               24700        1.613990e-04        8.770341e-09
               24800        1.401860e-04        8.777804e-09
               24900        1.688930e-04        8.778908e-09
               25000        1.695130e-04        5.955151e-09
               25100        1.452350e-04        5.952397e-09
               25200        9.409600e-05        4.636159e-09
               25300        1.451480e-04        2.115807e-09
               25400        1.150089e-03        2.083165e-09
               25500        1.268650e-04        2.115064e-09
               25600        2.977660e-04        2.083165e-09
               25700        1.733510e-04        2.115109e-09
               25800        1.384390e-04        2.083102e-09
               25900        9.371400e-05        2.342645e-09
               26000        1.578150e-04        1.288436e-09
               26100        1.748930e-04        1.288093e-09
               26200        1.653100e-04        1.288101e-09
               26300        1.417380e-04        1.288156e-09
               26400        1.355390e-04        1.288007e-09
               26500        9.838000e-05        1.288150e-09
               26600        1.636230e-04        1.288156e-09
               26700        1.424820e-04        7.630619e-10
               26800        1.532310e-04        7.630619e-10
               26900        8.982200e-05        3.298927e-10
               27000        1.771520e-04        3.297925e-10
               27100        2.345580e-04        3.299061e-10
               27200        1.603930e-04        3.299141e-10
               27300        1.642810e-04        3.036697e-10
               27400        2.312460e-04        1.628894e-10
               27500        1.804120e-04        1.629317e-10
               27600        1.740840e-04        1.398103e-10
               27700        1.531960e-04        1.402518e-10
               27800        1.855830e-04        1.381895e-10
               27900        9.437300e-05        9.524695e-11
               28000        1.475510e-04        6.867059e-11
               28100        1.194640e-04        6.863259e-11
               28200        1.650190e-04        6.863250e-11
               28300        1.054610e-03        6.864026e-11
               28400        1.342340e-04        9.084509e-11
               28500        1.204330e-04        6.336316e-11
               28600        2.105100e-04        2.400621e-11
               28700        4.616580e-04        2.394885e-11
               28800        1.588380e-04        2.386896e-11
               28900        1.653790e-04        2.483523e-11
               29000        2.309920e-04        2.393881e-11
               29100        1.553470e-04        2.400621e-11
               29200        1.440880e-04        8.647428e-12
               29300        1.558910e-04        8.577043e-12
               29400        1.577570e-04        8.861483e-12
               29500        1.526100e-04        8.862503e-12
               29600        1.440030e-04        7.400907e-12
               29700        1.326720e-04        4.558047e-12
               29800        1.472600e-04        4.556289e-12
               29900        1.409860e-04        2.785813e-12
               30000        1.442450e-04        2.552186e-12
               30100        1.335910e-04        2.786862e-12
               30200        1.391190e-04        1.893893e-12
               30300        1.460760e-04        1.209580e-12
               30400        1.366380e-04        1.298257e-12
               30500        1.654540e-04        1.298293e-12
               30600        1.569130e-04        1.635253e-12
               30700        1.641230e-04        5.201438e-13
               30800        1.794960e-04        5.200255e-13
               30900        1.631690e-04        5.199637e-13
               31000        1.564350e-04        5.200277e-13
               31100        1.423670e-04        5.201331e-13
               31200        1.553440e-04        5.410637e-13
               31300        1.309860e-04        4.048214e-13
               31400        1.441000e-04        2.497192e-13
               31500        1.506300e-04        2.498194e-13
               31600        2.195130e-04        2.502612e-13
               31700        1.360480e-04        2.497534e-13
               31800        1.590110e-04        2.497212e-13
               31900        9.463840e-04        2.497508e-13
               32000        2.594512e-03        2.497534e-13
               32100        1.681660e-04        2.393881e-11
               32200        1.715630e-04        1.542420e-13
               32300        1.496520e-04        9.432912e-14
               32400        1.798120e-04        9.699343e-14
               32500        2.306690e-04        9.698184e-14
               32600        1.429090e-04        9.699743e-14
               32700        1.042030e-04        9.432808e-14
               32800        1.044420e-04        9.432912e-14
               32900        1.368980e-04        8.224327e-14
               33000        3.103450e-04        4.604395e-14
               33100        1.492340e-04        3.478899e-14
               33200        1.731290e-04        3.278205e-14
               33300        1.936330e-04        3.477632e-14
               33400        1.536540e-04        3.477737e-14
               33500        1.674620e-04        3.477573e-14
               33600        1.531280e-04        1.333117e-14
               33700        1.710070e-04        1.333117e-14
               33800        1.477590e-04        1.355693e-14
               33900        1.577810e-04        1.333124e-14
               34000        1.185610e-04        1.333124e-14
               34100        1.461390e-04        1.333124e-14
               34200        1.475960e-04        3.477737e-14
               34300        1.562900e-04        6.558218e-15
               34400        1.275070e-04        6.556997e-15
               34500        1.653650e-04        6.487894e-15
               34600        1.574960e-04        6.487894e-15
               34700        1.164680e-04        6.555761e-15
               34800        1.657330e-04        6.557213e-15
               34900        1.643650e-04        7.262242e-15
               35000        1.416670e-04        6.556997e-15
               35100        1.617340e-04        3.168623e-15
               35200        1.609210e-04        3.168175e-15
               35300        1.046190e-04        3.168486e-15
               35400        1.845160e-04        3.168454e-15
               35500        1.591700e-04        3.168263e-15
               35600        1.598900e-04        2.314944e-15
               35700        1.702070e-04        2.314953e-15
               35800        1.792840e-04        2.315053e-15
               35900        1.688040e-04        2.315053e-15
               36000        1.621210e-04        2.315053e-15
               36100        2.353060e-04        2.314917e-15
               36200        1.674590e-04        2.315053e-15
               36300        1.462100e-04        1.030610e-15
               36400        2.320080e-04        1.030529e-15
               36500        1.629390e-04        1.030534e-15
               36600        1.452520e-04        1.000725e-15
               36700        6.095170e-04        1.030300e-15
               36800        1.507030e-04        1.030315e-15
               36900        1.750660e-04        1.030002e-15
               37000        1.756670e-04        5.683429e-16
               37100        1.610290e-04        5.684716e-16
               37200        1.407420e-04        5.684428e-16
               37300        1.651030e-04        5.684171e-16
               37400        1.606220e-04        5.684094e-16
               37500        1.594960e-04        5.543238e-16
               37600        4.116490e-04        2.803566e-16
               37700        1.639600e-04        2.804082e-16
               37800        1.523830e-04        2.803434e-16
               37900        2.500500e-04        2.803813e-16
               38000        1.716510e-04        2.804185e-16
               38100        1.673460e-04        2.797566e-16
               38200        1.418040e-04        1.921975e-16
               38300        1.451580e-04        1.921974e-16
               38400        1.629220e-04        1.921975e-16
               38500        2.407910e-04        1.921975e-16
               38600        9.827000e-05        1.921975e-16
               38700        9.229540e-04        1.921975e-16
               38800        3.878980e-04        1.921975e-16
               38900        1.536160e-04        1.921975e-16
               39000        1.711570e-04        6.117172e-17
               39100        1.565650e-04        6.473156e-17
               39200        1.709930e-04        6.473137e-17
               39300        1.559080e-04        6.476842e-17
               39400        1.658260e-04        6.475262e-17
               39500        3.177090e-04        5.806774e-17
               39600        1.779840e-04        3.373993e-17
               39700        1.599070e-04        3.374607e-17
               39800        1.418790e-04        3.374420e-17
               39900        1.665300e-04        3.374264e-17
               40000        1.691220e-04        3.374211e-17
               40100        1.584590e-04        6.475262e-17
               40200        1.643150e-04        2.326041e-17
               40300        1.740270e-04        2.325917e-17
               40400        1.479760e-04        2.326041e-17
               40500        1.737000e-04        2.326041e-17
               40600        1.351000e-04        2.326041e-17
               40700        1.666930e-04        2.326029e-17
               40800        1.561990e-04        1.320794e-17
               40900        2.370410e-04        1.320711e-17
               41000        1.595630e-04        1.320706e-17
               41100        1.503380e-04        1.299391e-17
               41200        1.453300e-04        1.320687e-17
               41300        1.545580e-04        1.320718e-17
               41400        1.371970e-04        1.320990e-17
               41500        1.514080e-04        1.320718e-17
               41600        9.105600e-05        1.320711e-17
               41700        1.728380e-04        1.320794e-17
               41800        1.807230e-04        5.484826e-18
               41900        1.696960e-04        5.484826e-18
               42000        7.130300e-04        5.649532e-18
               42100        9.271700e-05        5.649080e-18
               42200        1.342590e-04        5.648027e-18
               42300        1.512080e-04        5.484826e-18
               42400        1.074510e-04        5.649586e-18
               42500        9.506400e-05        3.847014e-18
               42600        1.647520e-04        3.847014e-18
               42700        1.391370e-04        3.847025e-18
               42800        1.507770e-04        3.847025e-18
               42900        1.315760e-04        3.847014e-18
               43000        2.330670e-04        3.847027e-18
               43100        1.480090e-04        2.845022e-18
               43200        1.195310e-04        2.844735e-18
               43300        1.444810e-04        2.844939e-18
               43400        1.473600e-04        2.844732e-18
               43500        1.577680e-04        2.844733e-18
               43600        9.197700e-05        2.845012e-18
               43700        3.575860e-04        1.320687e-17
               43800        2.459770e-04        2.259445e-18
               43900        1.676560e-04        2.259445e-18
               44000        1.570060e-04        2.259445e-18
               44100        9.375600e-05        2.259445e-18
               44200        9.422100e-05        2.259445e-18
               44300        1.688660e-04        2.259445e-18
               44400        1.404280e-04        1.502310e-18
               44500        1.701540e-04        1.502310e-18
               44600        2.689570e-04        1.502310e-18
               44700        1.722970e-04        1.502310e-18
               44800        1.404260e-04        1.502310e-18
               44900        1.104490e-04        1.502310e-18
               45000        1.737910e-04        1.104596e-18
               45100        1.382620e-04        1.104594e-18
               45200        1.612250e-04        1.104592e-18
               45300        9.706600e-05        1.104596e-18
               45400        2.105290e-04        1.104596e-18
               45500        1.462270e-04        1.104596e-18
               45600        1.631370e-04        8.324626e-19
               45700        9.551700e-05        8.324630e-19
               45800        1.682050e-04        8.324624e-19
               45900        1.844780e-04        8.324624e-19
               46000        1.722510e-04        8.324630e-19
               46100        1.493410e-04        8.324624e-19
               46200        2.996120e-04        8.324624e-19
               46300        1.500590e-04        1.104596e-18
               46400        1.835970e-04        3.605271e-19
               46500        1.563630e-04        3.524624e-19
               46600        1.572430e-04        3.603789e-19
               46700        1.664340e-04        3.604429e-19
               46800        1.685530e-04        3.606306e-19
               46900        1.869650e-04        3.526114e-19
               47000        2.308436e-03        1.329558e-19
               47100        1.371570e-04        1.330234e-19
               47200        1.533940e-04        1.330231e-19
               47300        1.167970e-04        1.654661e-19
               47400        1.610410e-04        1.330216e-19
               47500        1.395050e-04        1.330118e-19
               47600        1.676290e-04        1.329558e-19
               47700        1.856190e-04        6.614270e-20
               47800        2.978810e-04        6.505240e-20
               47900        1.796500e-04        6.504510e-20
               48000        1.638220e-04        6.613954e-20
               48100        1.529610e-04        6.613207e-20
               48200        1.519310e-04        6.610825e-20
               48300        1.385810e-04        4.389603e-20
               48400        1.393840e-04        4.389573e-20
               48500        1.406610e-04        4.389610e-20
               48600        1.372730e-04        4.389726e-20
               48700        1.391120e-04        4.389610e-20
               48800        1.442480e-04        4.389726e-20
               48900        1.582520e-04        4.389573e-20
               49000        1.783640e-04        2.329430e-20
               49100        1.614000e-04        2.329570e-20
               49200        1.755210e-04        2.329568e-20
               49300        1.947440e-04        2.329437e-20
               49400        1.463150e-04        2.272410e-20
               49500        1.781380e-04        2.272410e-20
               49600        1.463370e-04        2.329638e-20
               49700        1.785940e-04        2.272410e-20
               49800        1.522950e-04        1.075743e-20
               49900        1.719870e-04        1.075716e-20
               50000        1.743560e-04        1.075705e-20
               50100        1.546800e-04        1.075898e-20
               50200        1.378720e-04        1.060195e-20
               50300        1.710950e-04        1.060195e-20
               50400        9.338500e-05        1.060196e-20
               50500        1.774620e-04        1.075705e-20
               50600        1.432810e-04        5.594532e-21
               50700        1.880110e-04        5.592203e-21
               50800        1.450820e-04        5.592304e-21
               50900        1.656090e-04        5.592996e-21
               51000        1.502870e-04        5.591925e-21
               51100        9.698100e-05        3.709794e-21
               51200        1.572150e-04        3.709912e-21
               51300        1.651150e-04        3.709794e-21
               51400        4.524140e-04        3.710119e-21
               51500        1.774710e-04        3.709794e-21
               51600        1.409270e-04        2.461054e-21
               51700        1.032390e-04        2.460772e-21
               51800        1.588290e-04        2.460541e-21
               51900        3.166700e-04        2.460583e-21
               52000        1.648400e-04        2.461192e-21
               52100        2.737090e-04        2.244294e-21
               52200        1.820800e-04        2.365570e-21
               52300        1.789950e-04        1.298108e-21
               52400        1.912030e-04        1.297951e-21
               52500        2.036800e-04        1.298300e-21
               52600        2.776430e-04        1.298442e-21
               52700        1.823300e-04        1.298461e-21
               52800        2.074400e-04        1.418174e-21
               52900        1.481840e-04        1.187352e-21
               53000        1.060810e-04        7.478322e-22
               53100        1.651260e-04        7.475091e-22
               53200        1.801780e-04        7.476211e-22
               53300        1.809080e-04        7.475271e-22
               53400        1.776470e-04        7.476508e-22
               53500        4.410210e-04        7.475271e-22
               53600        1.775840e-04        3.852333e-22
               53700        1.637940e-04        3.852665e-22
               53800        1.839250e-04        3.688478e-22
               53900        1.802030e-04        3.851502e-22
               54000        2.740760e-04        3.851678e-22
               54100        1.984740e-04        3.852002e-22
               54200        2.780910e-04        3.852002e-22
               54300        1.548730e-04        1.620852e-22
               54400        1.566470e-04        1.620602e-22
               54500        2.151960e-04        1.620172e-22
               54600        3.580350e-04        1.620831e-22
               54700        2.189840e-04        1.542269e-22
               54800        1.901390e-04        1.620941e-22
               54900        1.619720e-04        1.147347e-22
               55000        1.811580e-04        1.147347e-22
               55100        3.087950e-04        5.658967e-23
               55200        2.510570e-04        5.796847e-23
               55300        1.924570e-04        5.609106e-23
               55400        1.486580e-04        5.797807e-23
               55500        3.390840e-04        5.799251e-23
               55600        1.752540e-04        2.983832e-23
               55700        1.686600e-04        2.983819e-23
               55800        1.902070e-04        2.983867e-23
               55900        3.628260e-04        2.983819e-23
               56000        1.744530e-04        2.928381e-22
               56100        1.489500e-04        2.983867e-23
               56200        1.810620e-04        5.559674e-23
               56300        1.607170e-04        3.192725e-23
               56400        1.505220e-04        1.682329e-23
               56500        1.742730e-04        1.681473e-23
               56600        1.594750e-04        1.681985e-23
               56700        1.437020e-04        1.681439e-23
               56800        1.506010e-04        1.636272e-23
               56900        2.937900e-04        1.681985e-23
               57000        1.616070e-04        1.248814e-23
               57100        1.735700e-04        6.495765e-24
               57200        1.038760e-04        8.516755e-24
               57300        1.753150e-04        4.102395e-24
               57400        9.880000e-05        4.317774e-24
               57500        1.873410e-04        1.117072e-23
               57600        1.543840e-04        3.179925e-24
               57700        1.188140e-04        3.178996e-24
               57800        1.889550e-04        3.179794e-24
               57900        1.642120e-04        3.179817e-24
               58000        2.973460e-04        3.180734e-24
               58100        1.889270e-04        3.179909e-24
               58200        1.543860e-04        3.179925e-24
               58300        1.590360e-04        2.146289e-24
               58400        1.748550e-04        1.551678e-24
               58500        1.723540e-04        1.529633e-24
               58600        1.806360e-04        1.528397e-24
               58700        1.759240e-04        1.530217e-24
               58800        1.712290e-04        1.529753e-24
               58900        1.887300e-04        1.551750e-24
               59000        2.370140e-04        8.104961e-25
               59100        1.899140e-04        8.755395e-25
               59200        1.722090e-04        8.101579e-25
               59300        1.518460e-04        8.101835e-25
               59400        1.875290e-04        8.097251e-25
               59500        1.766030e-04        7.979840e-25
               59600        1.704830e-04        7.343025e-25
               59700        2.406920e-04        7.409540e-25
               59800        1.803740e-04        7.405243e-25
               59900        1.493490e-04        7.408252e-25
               60000        1.507040e-04        7.405460e-25
               60100        1.294540e-04        7.401450e-25
               60200        1.660790e-04        6.668889e-25
               60300        1.825670e-04        6.670344e-25
               60400        1.513640e-04        6.669835e-25
               60500        1.802550e-04        6.667980e-25
               60600        1.679040e-04        6.668236e-25
               60700        1.767970e-04        6.670844e-25
               60800        1.670000e-04        6.165664e-25
               60900        1.697560e-04        6.165664e-25
               61000        1.728320e-04        6.165664e-25
               61100        1.500380e-04        6.166064e-25
               61200        1.739710e-04        6.165436e-25
               61300        1.229900e-04        6.490344e-25
               61400        1.677450e-04        6.165436e-25
               61500        1.481590e-04        5.890452e-25
               61600        1.985950e-04        5.890195e-25
               61700        1.792170e-04        5.889839e-25
               61800        1.905160e-04        5.888479e-25
               61900        1.689990e-04        5.888981e-25
               62000        1.236989e-03        6.184438e-25
               62100        1.593840e-04        6.022623e-25
               62200        1.614060e-04        6.127520e-25
               62300        1.821930e-04        6.271907e-25
               62400        2.289000e-04        6.270258e-25
               62500        1.490820e-04        6.273291e-25
               62600        1.916210e-04        6.093332e-25
               62700        1.314710e-04        6.165722e-25
               62800        1.685970e-04        6.778577e-25
               62900        1.672280e-04        6.789746e-25
               63000        1.344630e-04        6.789793e-25
               63100        1.551050e-04        6.786796e-25
               63200        1.738840e-04        6.909660e-25
               63300        1.445830e-04        6.333619e-25
               63400        1.381360e-04        6.355670e-25
               63500        2.002540e-04        6.357303e-25
               63600        1.760490e-04        6.357396e-25
               63700        1.885400e-04        6.359208e-25
               63800        1.351690e-04        6.359563e-25
               63900        2.023270e-04        6.342654e-25
               64000        1.715050e-04        6.278358e-25
               64100        1.735330e-04        6.800736e-25
               64200        1.735100e-04        6.969702e-25
               64300        1.625430e-04        6.968279e-25
               64400        2.930400e-04        6.850783e-25
               64500        1.608600e-04        6.864247e-25
               64600        1.906870e-04        6.882595e-25
               64700        1.537580e-04        6.886631e-25
               64800        1.834300e-04        6.379547e-25
               64900        1.182038e-03        6.378752e-25
               65000        1.585960e-04        6.418939e-25
               65100        2.046820e-04        6.370094e-25
               65200        2.680430e-04        6.379717e-25
               65300        1.636660e-04        6.378143e-25
               65400        2.069440e-04        6.390713e-25
               65500        1.902790e-04        6.405693e-25
               65600        1.965960e-04        6.323049e-25
               65700        1.916980e-04        6.322942e-25
               65800        1.842960e-04        6.321790e-25
               65900        1.479800e-04        6.322799e-25
               66000        1.776680e-04        6.722989e-25
               66100        1.541300e-04        6.503947e-25
               66200        1.735390e-04        6.725172e-25
               66300        2.184200e-04        6.503947e-25
               66400        1.612040e-04        6.503947e-25
               66500        1.529230e-04        6.503947e-25
               66600        6.154100e-04        6.724755e-25
               66700        1.684070e-04        6.503947e-25
               66800        1.726910e-04        6.632673e-25
               66900        1.225490e-04        6.632673e-25
               67000        1.603980e-04        6.632673e-25
               67100        1.539670e-04        6.632673e-25
               67200        1.205460e-04        6.632673e-25
               67300        1.274300e-04        6.308186e-25
               67400        1.914820e-04        6.308511e-25
               67500        1.464650e-04        6.308511e-25
               67600        1.527030e-04        6.308511e-25
               67700        1.854070e-04        6.308511e-25
               67800        1.562400e-04        5.421703e-25
               67900        1.171898e-03        5.421703e-25
               68000        1.922140e-04        5.421618e-25
               68100        2.921490e-04        5.421618e-25
               68200        2.146605e-03        5.421618e-25
               68300        2.718610e-04        5.421618e-25
               68400        1.538220e-04        6.228974e-25
               68500        1.570680e-04        6.228974e-25
               68600        1.614720e-04        6.228974e-25
               68700        1.532630e-04        6.228974e-25
               68800        1.609580e-04        5.421618e-25
               68900        1.476420e-04        6.228974e-25
               69000        1.300820e-04        5.970167e-25
               69100        1.806980e-04        5.970127e-25
               69200        1.500060e-04        5.970167e-25
               69300        1.476850e-04        5.970127e-25
               69400        1.873190e-04        5.968953e-25
               69500        1.426600e-04        5.968953e-25
               69600        1.734150e-04        5.968953e-25
               69700        1.636710e-04        5.968953e-25
               69800        1.523820e-04        5.968953e-25
               69900        1.563090e-04        5.443159e-25
               70000        1.683760e-04        5.443414e-25
               70100        2.455680e-04        5.444124e-25
               70200        1.744710e-04        5.443278e-25
               70300        1.569650e-04        5.443159e-25
               70400        1.244632e-03        6.057234e-25
               70500        1.625710e-04        6.076123e-25
               70600        1.635220e-04        6.057234e-25
               70700        1.632360e-04        6.075692e-25
               70800        1.391990e-04        6.075742e-25
               70900        1.381450e-04        6.057234e-25
               71000        1.564950e-04        5.505407e-25
               71100        1.682790e-04        5.444124e-25
               71200        1.467630e-04        5.481121e-25
               71300        1.567340e-04        5.481635e-25
               71400        1.730640e-04        5.479559e-25
               71500        1.451970e-04        5.479630e-25
               71600        1.637480e-04        5.481679e-25
               71700        1.443460e-04        5.479630e-25
               71800        1.680220e-04        5.836327e-25
               71900        1.903120e-04        5.836255e-25
               72000        1.502650e-04        5.839874e-25
               72100        1.722270e-04        5.838956e-25
               72200        1.048530e-04        5.837958e-25
               72300        2.679980e-04        5.670926e-25
               72400        1.578060e-04        5.670926e-25
               72500        2.405560e-04        5.670926e-25
               72600        1.809610e-04        5.670926e-25
               72700        1.600250e-04        5.670926e-25
               72800        1.728590e-04        5.409046e-25
               72900        1.470640e-04        5.211107e-25
               73000        2.362050e-04        5.341114e-25
               73100        1.591040e-04        5.340382e-25
               73200        1.588020e-04        5.247502e-25
               73300        1.794650e-04        5.339155e-25
               73400        1.696970e-04        6.814821e-25
               73500        1.524570e-04        6.814821e-25
               73600        1.722020e-04        6.814821e-25
               73700        1.555260e-04        6.757299e-25
               73800        3.260020e-04        7.395500e-25
               73900        1.633190e-04        7.395500e-25
               74000        1.527840e-04        7.395500e-25
               74100        1.870040e-04        7.395956e-25
               74200        2.344660e-04        7.395682e-25
               74300        1.693535e-03        7.395682e-25
               74400        1.590460e-04        6.926746e-25
               74500        1.576040e-04        6.926746e-25
               74600        1.574680e-04        5.409046e-25
               74700        2.907220e-04        6.361174e-25
               74800        1.458350e-04        6.464409e-25
               74900        4.275690e-04        6.462906e-25
               75000        1.506470e-04        6.463304e-25
               75100        1.801550e-04        6.464277e-25
               75200        1.799330e-04        6.464409e-25
               75300        2.091670e-04        7.547156e-25
               75400        1.731230e-04        7.566185e-25
               75500        1.017880e-04        7.546790e-25
               75600        1.688010e-04        7.547410e-25
               75700        1.643300e-04        6.877921e-25
               75800        1.633360e-04        6.882425e-25
               75900        1.611300e-04        6.882425e-25
               76000        1.685990e-04        6.882425e-25
               76100        1.426820e-04        6.882425e-25
               76200        1.638920e-04        6.879530e-25
               76300        1.583900e-04        6.185699e-25
               76400        2.921450e-04        6.185699e-25
               76500        1.563540e-04        6.185699e-25
               76600        1.582310e-04        6.185699e-25
               76700        1.598740e-04        6.185699e-25
               76800        1.575920e-04        6.185699e-25
               76900        1.574320e-04        6.973637e-25
               77000        1.870880e-04        6.974994e-25
               77100        1.530210e-04        6.974994e-25
               77200        1.520550e-04        6.974994e-25
               77300        1.708140e-04        6.973637e-25
               77400        1.695100e-04        6.442667e-25
               77500        1.654950e-04        6.442241e-25
               77600        1.669580e-04        6.409516e-25
               77700        1.474190e-04        6.440865e-25
               77800        1.862001e-03        6.347569e-25
               77900        1.470790e-04        6.185699e-25
               78000        1.717100e-04        6.855391e-25
               78100        1.467850e-04        6.854681e-25
               78200        1.712070e-04        6.854955e-25
               78300        1.522860e-04        6.854918e-25
               78400        1.732450e-04        6.855720e-25
               78500        9.180100e-05        6.784434e-25
               78600        1.134977e-03        6.347569e-25
               78700        1.617650e-04        6.424546e-25
               78800        1.657830e-04        6.396213e-25
               78900        1.443740e-04        6.392617e-25
               79000        1.838560e-04        6.396002e-25
               79100        1.394460e-04        6.393301e-25
               79200        1.675680e-04        6.356951e-25
               79300        1.864780e-04        6.558546e-25
               79400        1.654850e-04        6.705684e-25
               79500        1.552990e-04        6.718533e-25
               79600        1.420740e-04        6.693567e-25
               79700        1.786970e-04        6.680940e-25
               79800        1.625060e-04        5.325196e-25
               79900        2.384230e-04        5.327970e-25
               80000        1.495630e-04        5.324949e-25
               80100        1.745110e-04        5.779620e-25
               80200        1.846730e-04        5.336195e-25
               80300        1.482470e-04        5.335349e-25
               80400        1.847420e-04        5.239128e-25
               80500        2.455690e-04        5.188569e-25
               80600        1.802320e-04        5.239128e-25
               80700        1.765890e-04        5.188569e-25
               80800        1.915050e-04        4.997652e-25
               80900        1.592090e-04        4.999164e-25
               81000        3.456000e-04        4.953027e-25
               81100        1.544330e-04        4.589711e-25
               81200        1.740870e-04        4.737398e-25
               81300        1.690270e-04        4.737275e-25
               81400        1.578590e-04        4.627665e-25
               81500        1.880600e-04        4.630749e-25
               81600        1.684400e-04        4.598801e-25
               81700        2.500640e-04        5.107899e-25
               81800        1.762030e-04        5.113778e-25
               81900        1.972120e-04        5.110233e-25
               82000        1.701480e-04        5.099875e-25
               82100        1.703460e-04        5.113279e-25
               82200        1.663190e-04        5.108968e-25
               82300        1.763510e-04        4.495131e-25
               82400        1.699890e-04        4.495418e-25
               82500        2.394920e-04        4.495565e-25
               82600        1.675890e-04        4.701389e-25
               82700        1.038390e-04        4.807255e-25
               82800        2.303020e-04        4.807255e-25
               82900        1.596440e-04        4.807319e-25
               83000        1.557800e-04        4.495418e-25
               83100        1.613030e-04        5.565720e-25
               83200        1.511560e-04        5.565720e-25
               83300        1.628140e-04        5.562089e-25
               83400        1.382360e-04        5.562460e-25
               83500        1.722490e-04        5.565720e-25
               83600        2.662200e-04        5.560470e-25
               83700        1.527330e-04        6.566573e-25
               83800        1.803700e-04        6.566741e-25
               83900        1.617630e-04        6.574991e-25
               84000        1.468940e-04        6.563937e-25
               84100        1.410360e-04        5.562460e-25
               84200        1.529560e-04        6.549653e-25
               84300        3.055790e-04        7.184294e-25
               84400        1.617550e-04        7.190026e-25
               84500        1.709790e-04        7.186904e-25
               84600        1.111713e-03        7.024975e-25
               84700        1.992120e-04        7.591438e-25
               84800        1.488840e-04        7.776594e-25
               84900        1.331060e-04        6.978386e-25
               85000        4.194950e-04        6.981010e-25
               85100        1.522000e-04        6.980746e-25
               85200        1.550410e-04        6.293461e-25
               85300        1.251466e-03        6.292892e-25
               85400        1.298830e-04        6.292349e-25
               85500        1.579060e-04        6.291918e-25
               85600        1.395370e-04        6.292759e-25
               85700        1.601010e-04        5.656438e-25
               85800        1.933750e-04        5.656438e-25
               85900        2.447345e-03        5.656438e-25
               86000        9.351810e-04        5.656817e-25
               86100        3.286820e-04        5.656438e-25
               86200        1.588420e-04        5.656817e-25
               86300        1.799010e-04        6.156582e-25
               86400        1.423140e-04        6.156848e-25
               86500        1.585880e-04        6.156186e-25
               86600        1.103690e-04        6.156483e-25
               86700        1.195770e-04        6.156407e-25
               86800        1.435590e-04        6.009289e-25
               86900        2.874430e-04        6.009289e-25
               87000        9.580800e-05        6.009289e-25
               87100        1.581490e-04        6.018438e-25
               87200        1.006410e-04        6.016764e-25
               87300        1.698550e-04        6.018289e-25
               87400        1.805210e-04        6.019683e-25
               87500        1.398490e-04        6.043826e-25
               87600        1.716020e-04        6.043826e-25
               87700        1.731910e-04        6.043826e-25
               87800        1.683660e-04        6.023738e-25
               87900        1.689310e-04        6.043826e-25
               88000        1.704470e-04        6.043826e-25
               88100        1.585000e-04        6.117060e-25
               88200        1.433710e-04        6.117632e-25
               88300        1.601040e-04        6.120371e-25
               88400        2.089830e-04        6.119842e-25
               88500        1.497210e-04        6.043826e-25
               88600        1.498880e-04        6.023738e-25
               88700        1.306420e-04        6.119211e-25
               88800        1.338760e-04        6.065176e-25
               88900        1.843400e-04        6.914158e-25
               89000        9.633300e-05        6.914158e-25
               89100        1.446410e-04        6.914158e-25
               89200        4.015620e-04        6.913947e-25
               89300        5.825530e-04        6.913947e-25
               89400        3.234360e-04        6.240881e-25
               89500        1.834370e-04        6.240608e-25
               89600        2.286920e-04        6.239203e-25
               89700        1.581300e-04        6.298715e-25
               89800        3.171470e-04        6.290110e-25
               89900        1.913370e-04        6.331886e-25
               90000        1.661020e-04        6.296118e-25
               90100        1.760490e-04        6.294596e-25
               90200        1.421080e-04        6.153243e-25
               90300        1.000101e-03        6.153243e-25
               90400        1.077869e-03        6.113593e-25
               90500        1.565580e-04        6.153243e-25
               90600        1.816840e-04        6.153515e-25
               90700        1.661910e-04        6.119282e-25
               90800        1.787750e-04        6.519206e-25
               90900        1.721010e-04        6.355105e-25
               91000        1.822000e-04        6.519206e-25
               91100        1.703580e-04        6.519206e-25
               91200        1.837900e-04        6.519530e-25
               91300        1.756910e-04        6.512019e-25
               91400        1.738320e-04        6.519206e-25
               91500        1.231450e-04        7.167206e-25
               91600        1.507090e-04        7.167450e-25
               91700        1.846070e-04        7.167880e-25
               91800        1.502430e-04        7.167450e-25
               91900        1.865120e-04        7.117078e-25
               92000        9.746400e-05        7.121885e-25
               92100        1.655600e-04        6.615977e-25
               92200        1.414500e-04        6.615366e-25
               92300        1.653000e-04        6.608823e-25
               92400        1.622760e-04        6.611389e-25
               92500        1.532600e-04        6.619353e-25
               92600        9.397400e-05        6.609371e-25
               92700        1.383510e-04        6.615977e-25
               92800        1.613200e-04        6.569445e-25
               92900        1.700810e-04        6.493470e-25
               93000        9.475200e-05        6.489035e-25
               93100        1.732760e-04        6.481670e-25
               93200        1.485630e-04        6.480043e-25
               93300        1.747960e-04        6.845651e-25
               93400        1.476390e-04        6.788027e-25
               93500        1.896780e-04        6.787100e-25
               93600        1.676710e-04        6.789648e-25
               93700        1.473120e-04        5.923488e-25
               93800        1.910830e-04        5.927751e-25
               93900        1.298590e-04        5.994820e-25
               94000        1.517500e-04        6.234323e-25
               94100        1.501440e-04        6.235420e-25
               94200        1.540300e-04        6.544612e-25
               94300        1.928200e-04        6.668376e-25
               94400        1.158530e-03        6.221903e-25
               94500        1.478870e-04        6.220944e-25
               94600        1.363580e-04        6.203363e-25
               94700        1.548030e-04        6.204937e-25
               94800        8.935200e-05        6.255745e-25
               94900        1.609340e-04        6.203722e-25
               95000        6.517850e-04        6.230433e-25
               95100        1.668650e-04        6.826812e-25
               95200        7.158380e-04        6.826724e-25
               95300        1.450710e-04        6.827648e-25
               95400        2.672890e-04        6.826724e-25
               95500        1.698040e-04        6.857136e-25
               95600        9.898400e-05        6.827648e-25
               95700        1.555250e-04        6.005796e-25
               95800        1.957380e-04        6.050596e-25
               95900        1.953210e-04        6.052065e-25
               96000        2.107590e-04        6.051320e-25
               96100        1.432890e-04        6.051923e-25
               96200        9.507000e-05        5.629535e-25
               96300        1.470860e-04        5.629535e-25
               96400        1.588640e-04        5.629535e-25
               96500        1.457630e-04        5.629535e-25
               96600        1.540590e-04        5.523351e-25
               96700        1.466890e-04        5.523351e-25
               96800        1.554490e-04        5.523351e-25
               96900        1.426020e-04        5.523351e-25
               97000        1.950750e-04        5.523351e-25
               97100        1.698730e-04        5.523351e-25
               97200        1.429100e-04        6.259312e-25
               97300        1.363370e-04        6.259387e-25
               97400        1.591210e-04        6.259312e-25
               97500        1.321010e-04        6.259312e-25
               97600        9.832300e-05        6.259387e-25
               97700        1.310960e-04        6.259312e-25
               97800        1.348750e-04        5.635407e-25
               97900        1.396520e-04        5.635664e-25
               98000        1.329790e-04        5.633212e-25
               98100        1.356580e-04        5.635664e-25
               98200        1.376910e-04        6.410350e-25
               98300        1.390270e-04        6.416325e-25
               98400        1.260050e-04        6.583326e-25
               98500        1.201950e-04        7.093301e-25
               98600        1.230880e-04        7.083809e-25
               98700        1.289180e-04        6.630018e-25
               98800        1.286610e-04        6.611811e-25
               98900        1.259530e-04        6.610186e-25
               99000        1.316440e-04        6.634384e-25
               99100        1.258420e-04        6.741767e-25
               99200        1.230040e-04        6.630018e-25
               99300        1.020230e-04        6.184097e-25
               99400        8.696400e-05        6.152981e-25
               99500        8.519500e-05        6.156179e-25
               99600        1.412660e-04        5.806464e-25
               99700        1.401150e-04        5.830688e-25
               99800        9.263600e-05        5.832179e-25
               99900        8.805100e-05        5.647557e-25
              100000        9.675200e-05        5.783870e-25
