Period: 100
               Epoch           Time cost                Loss
                 100        2.248640e-04        2.870954e+05
                 200        1.827110e-04        2.661699e+05
                 300        1.600160e-04        2.581791e+05
                 400        1.741740e-04        2.073536e+05
                 500        1.548450e-04        1.882560e+05
                 600        1.546650e-04        1.642613e+05
                 700        1.541710e-04        1.538199e+05
                 800        1.655960e-04        1.364343e+05
                 900        1.524090e-04        1.275905e+05
                1000        1.534020e-04        1.104245e+05
                1100        1.849960e-04        1.050026e+05
                1200        1.534324e-03        1.010950e+05
                1300        3.207390e-04        1.010929e+05
                1400        2.394160e-04        9.869959e+04
                1500        2.250160e-04        7.393588e+04
                1600        3.138940e-04        7.391613e+04
                1700        3.135370e-04        7.389626e+04
                1800        2.929950e-04        7.346627e+04
                1900        3.222160e-04        7.391108e+04
                2000        3.416590e-04        7.391426e+04
                2100        3.155700e-04        6.564229e+04
                2200        3.541290e-04        4.544197e+04
                2300        4.787570e-04        4.524395e+04
                2400        3.250570e-04        3.980910e+04
                2500        3.076140e-04        3.968046e+04
                2600        3.658540e-04        3.982223e+04
                2700        4.720150e-04        3.376968e+04
                2800        3.420280e-04        3.377621e+04
                2900        2.969140e-04        2.754191e+04
                3000        3.215780e-04        2.754245e+04
                3100        3.420610e-04        2.429789e+04
                3200        3.385930e-04        2.429975e+04
                3300        3.342950e-04        2.844817e+04
                3400        3.315570e-04        1.619581e+04
                3500        3.078230e-04        1.572089e+04
                3600        2.643900e-04        1.571904e+04
                3700        3.323390e-04        1.619248e+04
                3800        3.413930e-04        1.565584e+04
                3900        3.794560e-04        1.345398e+04
                4000        3.457950e-04        1.345583e+04
                4100        2.828450e-04        1.264590e+04
                4200        3.294970e-04        1.264363e+04
                4300        2.684140e-04        1.264361e+04
                4400        3.335710e-04        1.264540e+04
                4500        4.476490e-04        1.234546e+04
                4600        2.592740e-04        8.871558e+03
                4700        3.368880e-04        8.871598e+03
                4800        2.265610e-04        8.871428e+03
                4900        3.001960e-04        8.871462e+03
                5000        3.647160e-04        8.871558e+03
                5100        2.951200e-04        8.871558e+03
                5200        3.606560e-04        8.871558e+03
                5300        3.323530e-04        8.871558e+03
                5400        2.844410e-04        7.631528e+03
                5500        3.218970e-04        7.630936e+03
                5600        3.270670e-04        7.629755e+03
                5700        2.639860e-04        7.628333e+03
                5800        3.622510e-04        7.629712e+03
                5900        3.880150e-04        7.629098e+03
                6000        3.142720e-04        6.170856e+03
                6100        2.739780e-04        6.158971e+03
                6200        3.168360e-04        4.779489e+03
                6300        2.694230e-04        4.302703e+03
                6400        3.364030e-04        3.669192e+03
                6500        3.288490e-04        5.256305e+03
                6600        3.251310e-04        3.070557e+03
                6700        3.276020e-04        3.070334e+03
                6800        3.202950e-04        3.070216e+03
                6900        3.061770e-04        3.070562e+03
                7000        2.624760e-04        2.326402e+03
                7100        3.070430e-04        2.326567e+03
                7200        2.720310e-04        3.658384e+03
                7300        2.906100e-04        2.275866e+03
                7400        2.974400e-04        2.004343e+03
                7500        2.898110e-04        1.598177e+03
                7600        2.680000e-04        1.113426e+03
                7700        3.035190e-04        1.116056e+03
                7800        2.837700e-04        1.115295e+03
                7900        2.964110e-04        1.116143e+03
                8000        3.385790e-04        1.596968e+03
                8100        2.898920e-04        1.020523e+03
                8200        2.925810e-04        9.375519e+02
                8300        2.920110e-04        9.370975e+02
                8400        3.221080e-04        9.375838e+02
                8500        2.876260e-04        9.374715e+02
                8600        2.545480e-04        6.735539e+02
                8700        3.464890e-04        7.188778e+02
                8800        3.621540e-04        6.419218e+02
                8900        3.183360e-04        6.417782e+02
                9000        3.369120e-04        6.381588e+02
                9100        2.889720e-04        5.542661e+02
                9200        3.400360e-04        5.542509e+02
                9300        3.087670e-04        5.542277e+02
                9400        2.814300e-04        7.190074e+02
                9500        3.000180e-04        5.315017e+02
                9600        2.979140e-04        4.516829e+02
                9700        2.714140e-04        4.602692e+02
                9800        3.240590e-04        4.602792e+02
                9900        2.954270e-04        4.601947e+02
               10000        3.123170e-04        4.601667e+02
               10100        2.451500e-04        4.602792e+02
               10200        2.932090e-04        4.601667e+02
               10300        2.708220e-04        4.602692e+02
               10400        3.047900e-04        3.723159e+02
               10500        2.646250e-04        3.341043e+02
               10600        3.997440e-04        3.236841e+02
               10700        2.952070e-04        2.757794e+02
               10800        3.459870e-04        2.687611e+02
               10900        2.598860e-04        2.254607e+02
               11000        2.428590e-04        2.090504e+02
               11100        2.811250e-04        1.784460e+02
               11200        2.487440e-04        1.555893e+02
               11300        3.123240e-04        1.468599e+02
               11400        4.394830e-04        1.295771e+02
               11500        2.375190e-04        1.152281e+02
               11600        2.990940e-04        1.033476e+02
               11700        1.747450e-04        9.625142e+01
               11800        2.803610e-04        8.546643e+01
               11900        4.178100e-04        8.525285e+01
               12000        3.287310e-04        8.531997e+01
               12100        2.796540e-04        7.239159e+01
               12200        2.558880e-04        7.165292e+01
               12300        3.837630e-04        7.103042e+01
               12400        4.334010e-04        7.103128e+01
               12500        3.111970e-04        5.483196e+01
               12600        6.893490e-04        5.389601e+01
               12700        3.015190e-04        5.388838e+01
               12800        3.375910e-04        4.138310e+01
               12900        4.556550e-04        4.022126e+01
               13000        3.099870e-04        3.246660e+01
               13100        3.063010e-04        3.104758e+01
               13200        3.585580e-04        3.104831e+01
               13300        3.243960e-04        2.690062e+01
               13400        2.819670e-04        2.648522e+01
               13500        2.933040e-04        2.037127e+01
               13600        3.153610e-04        1.983558e+01
               13700        2.825340e-04        1.983613e+01
               13800        2.904130e-04        1.707232e+01
               13900        5.087640e-04        1.709746e+01
               14000        3.294480e-04        1.709579e+01
               14100        3.154560e-04        1.708978e+01
               14200        2.826480e-04        1.629562e+01
               14300        3.465880e-04        1.629605e+01
               14400        2.131210e-04        1.629562e+01
               14500        2.983140e-04        4.022126e+01
               14600        2.801870e-04        1.200041e+01
               14700        2.752270e-04        1.212341e+01
               14800        2.817380e-04        1.200041e+01
               14900        2.645500e-04        1.199976e+01
               15000        4.441410e-04        1.200041e+01
               15100        2.439110e-04        1.047071e+01
               15200        3.050730e-04        8.824785e+00
               15300        3.805030e-04        8.409403e+00
               15400        3.023660e-04        8.399994e+00
               15500        3.228200e-04        1.629605e+01
               15600        4.030460e-04        6.639329e+00
               15700        2.686720e-04        6.647184e+00
               15800        3.810880e-04        6.638197e+00
               15900        2.418970e-04        6.649910e+00
               16000        3.268260e-04        5.572906e+00
               16100        3.984950e-04        5.618755e+00
               16200        2.707920e-04        5.293567e+00
               16300        3.186850e-04        3.856571e+00
               16400        2.779000e-04        4.087603e+00
               16500        3.282710e-04        4.088714e+00
               16600        4.127900e-04        3.842970e+00
               16700        3.004530e-04        3.672985e+00
               16800        1.745680e-04        3.132728e+00
               16900        2.792210e-04        3.134465e+00
               17000        4.642740e-04        3.130671e+00
               17100        1.794140e-04        3.134323e+00
               17200        3.238730e-04        2.923610e+00
               17300        2.511000e-04        2.636477e+00
               17400        3.094670e-04        2.636682e+00
               17500        2.679990e-04        2.636529e+00
               17600        2.853110e-04        2.336799e+00
               17700        2.728610e-04        2.302672e+00
               17800        2.558020e-04        2.302892e+00
               17900        2.527320e-04        1.918295e+00
               18000        2.619940e-04        1.917566e+00
               18100        4.302210e-04        1.786399e+00
               18200        2.737140e-04        1.708176e+00
               18300        2.652540e-04        1.490100e+00
               18400        2.907780e-04        1.490093e+00
               18500        2.663730e-04        1.486743e+00
               18600        2.751620e-04        1.493123e+00
               18700        2.385070e-04        1.161172e+00
               18800        1.886980e-03        1.110339e+00
               18900        2.530630e-04        1.110671e+00
               19000        3.543400e-03        1.110682e+00
               19100        2.652890e-04        1.110682e+00
               19200        2.950710e-04        8.011515e-01
               19300        7.659920e-04        8.306420e-01
               19400        2.833850e-04        8.317261e-01
               19500        3.764790e-04        8.305412e-01
               19600        3.968070e-04        8.161694e-01
               19700        2.802940e-04        6.822710e-01
               19800        2.869430e-04        6.831479e-01
               19900        3.088780e-04        6.283430e-01
               20000        2.839660e-04        6.279464e-01
               20100        2.921340e-04        5.327284e-01
               20200        2.867220e-04        5.347298e-01
               20300        1.991580e-04        5.556687e-01
               20400        1.803180e-04        5.294066e-01
               20500        2.830610e-04        4.749211e-01
               20600        2.476050e-04        4.932989e-01
               20700        2.757300e-04        3.830822e-01
               20800        2.955120e-04        3.794486e-01
               20900        2.425690e-04        3.560409e-01
               21000        2.159450e-04        3.232668e-01
               21100        2.645180e-04        3.226936e-01
               21200        1.790470e-04        3.437403e-01
               21300        2.647460e-04        3.232388e-01
               21400        2.216330e-04        3.232697e-01
               21500        2.756840e-04        3.232298e-01
               21600        2.782370e-04        2.673590e-01
               21700        1.833500e-04        2.564361e-01
               21800        3.048090e-04        2.564040e-01
               21900        3.068690e-04        2.565648e-01
               22000        2.634680e-04        2.454049e-01
               22100        3.078880e-04        2.454664e-01
               22200        3.007620e-04        2.395950e-01
               22300        3.385120e-04        1.972522e-01
               22400        2.829690e-04        1.972417e-01
               22500        3.035410e-04        1.900267e-01
               22600        3.139390e-04        1.853564e-01
               22700        2.866780e-04        1.535849e-01
               22800        3.248950e-04        1.355478e-01
               22900        3.297260e-04        1.363239e-01
               23000        3.017340e-04        1.162018e-01
               23100        3.183530e-04        9.619769e-02
               23200        3.310510e-04        1.046385e-01
               23300        3.292480e-04        8.644117e-02
               23400        2.924810e-04        8.001106e-02
               23500        3.597230e-04        6.879598e-02
               23600        2.667620e-04        6.889593e-02
               23700        3.973910e-04        5.755958e-02
               23800        3.347570e-04        5.755742e-02
               23900        2.846050e-04        5.750861e-02
               24000        2.705390e-04        5.755922e-02
               24100        3.978310e-04        5.755950e-02
               24200        2.826730e-04        8.639557e-02
               24300        2.890520e-04        4.992017e-02
               24400        3.265050e-04        5.251916e-02
               24500        3.108530e-04        4.347375e-02
               24600        3.270980e-04        4.192574e-02
               24700        3.041490e-04        3.940486e-02
               24800        2.676500e-04        3.919925e-02
               24900        2.905390e-04        3.921087e-02
               25000        2.894920e-04        3.921726e-02
               25100        3.714532e-03        4.008862e-02
               25200        2.797120e-04        3.123560e-02
               25300        2.671010e-04        3.043676e-02
               25400        1.901330e-04        3.041177e-02
               25500        2.348490e-04        2.433959e-02
               25600        3.080800e-04        2.492211e-02
               25700        3.234710e-04        1.976783e-02
               25800        2.670320e-04        1.813698e-02
               25900        3.484660e-04        1.813232e-02
               26000        2.541370e-04        1.802210e-02
               26100        2.873290e-04        1.392741e-02
               26200        3.233280e-04        1.438515e-02
               26300        5.019000e-04        1.384725e-02
               26400        3.864310e-04        1.375574e-02
               26500        5.382570e-04        1.358320e-02
               26600        3.647270e-04        1.131611e-02
               26700        3.500190e-04        1.087544e-02
               26800        3.177640e-04        1.088633e-02
               26900        3.202060e-04        8.929507e-03
               27000        2.899080e-04        8.656063e-03
               27100        3.269090e-04        8.655575e-03
               27200        2.875380e-04        8.842765e-03
               27300        3.290950e-04        7.560303e-03
               27400        2.804950e-04        7.051706e-03
               27500        2.818360e-04        7.048678e-03
               27600        3.462160e-04        5.787336e-03
               27700        2.742600e-04        5.569181e-03
               27800        3.478520e-04        5.567108e-03
               27900        3.251570e-04        5.632071e-03
               28000        3.362050e-04        4.671192e-03
               28100        3.399340e-04        4.670298e-03
               28200        3.266700e-04        4.057595e-03
               28300        3.238920e-04        3.817015e-03
               28400        3.200350e-04        3.817161e-03
               28500        3.420490e-04        3.816953e-03
               28600        3.115320e-04        3.817206e-03
               28700        2.738740e-04        3.815705e-03
               28800        3.257330e-04        4.008862e-02
               28900        3.018820e-04        3.367239e-03
               29000        2.645880e-04        3.016335e-03
               29100        2.870250e-04        3.016602e-03
               29200        2.927180e-04        3.016299e-03
               29300        2.459880e-04        3.016229e-03
               29400        3.088880e-04        2.551157e-03
               29500        3.454358e-03        2.379455e-03
               29600        2.533490e-04        2.377862e-03
               29700        8.673590e-04        2.379312e-03
               29800        2.215880e-04        2.512409e-03
               29900        2.660200e-04        2.379331e-03
               30000        1.890590e-04        1.968071e-03
               30100        5.981940e-04        1.968099e-03
               30200        2.762300e-04        1.967994e-03
               30300        1.759170e-04        1.875323e-03
               30400        2.619410e-04        1.834372e-03
               30500        1.727600e-04        1.834363e-03
               30600        2.894900e-04        1.549060e-03
               30700        2.906540e-04        1.504869e-03
               30800        2.867510e-04        1.504819e-03
               30900        1.876550e-04        1.568135e-03
               31000        5.355800e-04        1.190674e-03
               31100        2.437530e-04        1.190726e-03
               31200        2.545230e-04        1.070931e-03
               31300        2.743120e-04        1.021379e-03
               31400        4.571190e-04        9.296202e-04
               31500        2.742910e-04        7.573609e-04
               31600        2.726730e-04        7.090617e-04
               31700        4.250910e-04        6.495596e-04
               31800        2.699280e-04        6.483098e-04
               31900        2.444090e-04        6.472272e-04
               32000        2.714780e-04        6.471952e-04
               32100        3.542000e-04        5.750368e-04
               32200        2.886880e-04        5.112966e-04
               32300        3.888200e-04        5.116263e-04
               32400        2.849540e-04        5.116256e-04
               32500        2.682460e-04        7.350825e-04
               32600        3.407620e-04        4.655705e-04
               32700        2.531580e-04        3.873782e-04
               32800        2.744980e-04        3.848506e-04
               32900        3.018810e-04        3.848692e-04
               33000        3.724850e-04        3.848692e-04
               33100        4.610260e-04        3.848515e-04
               33200        5.142930e-04        3.848716e-04
               33300        3.328210e-04        5.126344e-04
               33400        2.735080e-04        3.328724e-04
               33500        3.181370e-04        3.238415e-04
               33600        2.513680e-04        3.328555e-04
               33700        5.023650e-04        3.238421e-04
               33800        8.147130e-04        3.327978e-04
               33900        2.789760e-04        3.184599e-04
               34000        3.390220e-04        2.868990e-04
               34100        4.523030e-04        2.822344e-04
               34200        3.155480e-04        2.293161e-04
               34300        3.005870e-04        2.299478e-04
               34400        3.245050e-04        2.055426e-04
               34500        3.336380e-04        2.168258e-04
               34600        2.989610e-04        1.792749e-04
               34700        2.755700e-04        1.847723e-04
               34800        3.397010e-04        1.556602e-04
               34900        3.389100e-04        1.556151e-04
               35000        3.116510e-04        1.796586e-04
               35100        3.753560e-04        1.791914e-04
               35200        2.945490e-04        2.168258e-04
               35300        2.942270e-04        1.483073e-04
               35400        1.773520e-04        1.342165e-04
               35500        3.139700e-04        1.149590e-04
               35600        2.790360e-04        1.145344e-04
               35700        3.042050e-04        9.501106e-05
               35800        1.885200e-04        8.321453e-05
               35900        3.214830e-04        8.319601e-05
               36000        4.184260e-04        8.295371e-05
               36100        2.912330e-04        8.268168e-05
               36200        3.108060e-04        7.426827e-05
               36300        2.801760e-04        6.668293e-05
               36400        4.739590e-04        6.666346e-05
               36500        2.715070e-04        6.661809e-05
               36600        3.013430e-04        6.332830e-05
               36700        3.213340e-04        5.699046e-05
               36800        3.888040e-04        5.695296e-05
               36900        3.215110e-04        5.692995e-05
               37000        1.835970e-04        6.666346e-05
               37100        2.909280e-04        6.661809e-05
               37200        2.632270e-04        5.692995e-05
               37300        3.089220e-04        5.266140e-05
               37400        3.362800e-04        5.228596e-05
               37500        1.949970e-04        4.581131e-05
               37600        3.140170e-04        4.581043e-05
               37700        2.885630e-04        3.985761e-05
               37800        3.479020e-04        3.424215e-05
               37900        4.223550e-04        3.423799e-05
               38000        4.639300e-04        3.423528e-05
               38100        3.216810e-04        3.423147e-05
               38200        2.105420e-04        1.796586e-04
               38300        2.819760e-04        3.136398e-05
               38400        3.029950e-04        3.137680e-05
               38500        4.995650e-04        2.850357e-05
               38600        2.974240e-04        2.846879e-05
               38700        2.974110e-04        2.386842e-05
               38800        1.894540e-04        2.386094e-05
               38900        3.324030e-04        2.224053e-05
               39000        3.381310e-04        2.222529e-05
               39100        1.786640e-04        2.227312e-05
               39200        3.139500e-04        2.020570e-05
               39300        2.767990e-04        1.815348e-05
               39400        4.393110e-04        1.509505e-05
               39500        3.547770e-04        1.404173e-05
               39600        3.069830e-04        1.255173e-05
               39700        1.807630e-04        1.138008e-05
               39800        4.392180e-04        1.032533e-05
               39900        1.673440e-04        8.579854e-06
               40000        3.202040e-04        8.146735e-06
               40100        3.369870e-04        7.415601e-06
               40200        3.073510e-04        6.683394e-06
               40300        4.048430e-04        6.181571e-06
               40400        3.163553e-03        6.149986e-06
               40500        4.584200e-04        5.583816e-06
               40600        3.121820e-04        5.262837e-06
               40700        3.080650e-04        4.621895e-06
               40800        4.119110e-04        4.622642e-06
               40900        2.981900e-04        4.622656e-06
               41000        3.109210e-04        4.622040e-06
               41100        3.333310e-04        4.638478e-06
               41200        5.480100e-04        4.623077e-06
               41300        4.637200e-04        4.621895e-06
               41400        2.906170e-04        4.638478e-06
               41500        2.991420e-04        3.813875e-06
               41600        3.500420e-04        3.384831e-06
               41700        2.948780e-04        2.997296e-06
               41800        4.809920e-04        2.991164e-06
               41900        3.391120e-04        2.466741e-06
               42000        2.989050e-04        2.462707e-06
               42100        2.953980e-04        2.465866e-06
               42200        3.762600e-04        2.465842e-06
               42300        2.936080e-04        2.465895e-06
               42400        3.427410e-04        2.467612e-06
               42500        3.937680e-04        2.362349e-06
               42600        2.875670e-04        2.233897e-06
               42700        2.463480e-04        2.123586e-06
               42800        3.691700e-04        1.713903e-06
               42900        2.924930e-04        1.748055e-06
               43000        3.283100e-04        1.713921e-06
               43100        3.429750e-04        1.603715e-06
               43200        3.994610e-04        1.493051e-06
               43300        3.091300e-04        1.494075e-06
               43400        2.774630e-04        1.495189e-06
               43500        2.583190e-04        1.494075e-06
               43600        2.977210e-04        1.276449e-06
               43700        4.400880e-04        1.300507e-06
               43800        3.020980e-04        9.856988e-07
               43900        2.682390e-04        8.653809e-07
               44000        2.853140e-04        8.645618e-07
               44100        3.113380e-04        8.484812e-07
               44200        4.896200e-04        8.659796e-07
               44300        2.777160e-04        8.348446e-07
               44400        2.828870e-04        7.925623e-07
               44500        4.184630e-04        7.724617e-07
               44600        2.924240e-04        6.830414e-07
               44700        3.238400e-04        6.826219e-07
               44800        2.882330e-04        6.827644e-07
               44900        2.040500e-04        6.827664e-07
               45000        3.333380e-04        6.762092e-07
               45100        3.002100e-04        6.827589e-07
               45200        4.954360e-04        6.321420e-07
               45300        3.283320e-04        5.458089e-07
               45400        2.733800e-04        5.108937e-07
               45500        3.043210e-04        4.797222e-07
               45600        3.284450e-04        4.787429e-07
               45700        4.986730e-04        4.783885e-07
               45800        3.165140e-04        4.183615e-07
               45900        3.821520e-04        4.155349e-07
               46000        3.244530e-04        3.446227e-07
               46100        3.189850e-04        3.442228e-07
               46200        3.010490e-04        3.143451e-07
               46300        2.927690e-04        2.882569e-07
               46400        2.120740e-04        2.875284e-07
               46500        3.715740e-04        2.876438e-07
               46600        3.087040e-04        2.879757e-07
               46700        3.059930e-04        2.665834e-07
               46800        3.521640e-04        2.341041e-07
               46900        2.731950e-04        2.392796e-07
               47000        3.251260e-04        2.342461e-07
               47100        3.423130e-04        2.331425e-07
               47200        2.994520e-04        2.030756e-07
               47300        6.447120e-04        1.933353e-07
               47400        4.872690e-04        1.793067e-07
               47500        3.667160e-04        1.587992e-07
               47600        3.602050e-04        1.451196e-07
               47700        2.754380e-04        1.449589e-07
               47800        3.048640e-04        1.254686e-07
               47900        6.458190e-04        1.076638e-07
               48000        3.028650e-04        1.044005e-07
               48100        2.972790e-04        1.133856e-07
               48200        3.211880e-04        8.169240e-08
               48300        4.627280e-04        8.339214e-08
               48400        3.079330e-04        8.174769e-08
               48500        3.151060e-04        8.339214e-08
               48600        3.142140e-04        7.054008e-08
               48700        2.906590e-04        7.065321e-08
               48800        2.757420e-04        7.067694e-08
               48900        3.875840e-04        5.970677e-08
               49000        2.848901e-03        5.781052e-08
               49100        4.948160e-04        5.771775e-08
               49200        3.364390e-04        5.770391e-08
               49300        2.083053e-03        4.832628e-08
               49400        2.788510e-04        4.831105e-08
               49500        2.791910e-04        4.623714e-08
               49600        3.287190e-04        4.624260e-08
               49700        3.786320e-04        4.617280e-08
               49800        2.018150e-04        8.021136e-08
               49900        2.749460e-04        3.850551e-08
               50000        3.328760e-04        3.474205e-08
               50100        3.348830e-04        3.446972e-08
               50200        2.838600e-04        3.453138e-08
               50300        3.085990e-04        3.136122e-08
               50400        4.322670e-04        3.312572e-08
               50500        2.900850e-04        2.820064e-08
               50600        3.076920e-04        2.818549e-08
               50700        2.743370e-04        2.818985e-08
               50800        2.914090e-04        2.559681e-08
               50900        2.739020e-04        2.332518e-08
               51000        3.400980e-04        2.332671e-08
               51100        4.830750e-04        2.355105e-08
               51200        4.403410e-04        2.149699e-08
               51300        3.621530e-04        2.230153e-08
               51400        3.379010e-04        1.804639e-08
               51500        3.167800e-04        1.614422e-08
               51600        3.757680e-04        1.350036e-08
               51700        3.348930e-04        1.383979e-08
               51800        3.820830e-04        1.351270e-08
               51900        3.621360e-04        1.154639e-08
               52000        3.090730e-04        1.140620e-08
               52100        2.673640e-04        1.117324e-08
               52200        2.603790e-04        1.083425e-08
               52300        1.870630e-04        8.950249e-09
               52400        2.682820e-04        8.607886e-09
               52500        2.948260e-04        8.522393e-09
               52600        2.743200e-04        7.138758e-09
               52700        3.308240e-04        7.133983e-09
               52800        2.749510e-04        6.496753e-09
               52900        3.164040e-04        6.497430e-09
               53000        1.756100e-04        5.935581e-09
               53100        2.831360e-04        5.935541e-09
               53200        2.648320e-04        6.245368e-09
               53300        2.838330e-04        4.662541e-09
               53400        4.229910e-04        4.636697e-09
               53500        2.416100e-04        4.226507e-09
               53600        2.672960e-04        4.209756e-09
               53700        2.843280e-04        4.213442e-09
               53800        3.741200e-04        4.213703e-09
               53900        2.659670e-04        4.208569e-09
               54000        3.062690e-04        3.748425e-09
               54100        2.920530e-04        3.744003e-09
               54200        2.116580e-04        3.744003e-09
               54300        3.079950e-04        3.006207e-09
               54400        4.021720e-04        3.006244e-09
               54500        1.943420e-04        2.554934e-09
               54600        2.819610e-04        2.554848e-09
               54700        3.044040e-04        2.554849e-09
               54800        2.901110e-04        2.554976e-09
               54900        2.485080e-04        2.425643e-09
               55000        5.747660e-04        2.425487e-09
               55100        2.643070e-04        4.213703e-09
               55200        3.057590e-04        2.084129e-09
               55300        2.414900e-04        2.107158e-09
               55400        2.950980e-04        2.106234e-09
               55500        3.836100e-04        2.106616e-09
               55600        2.446770e-04        2.106263e-09
               55700        2.953800e-04        2.087658e-09
               55800        2.368940e-04        1.865188e-09
               55900        2.828650e-04        1.855415e-09
               56000        1.198502e-03        1.855320e-09
               56100        3.768680e-04        1.855339e-09
               56200        3.179330e-04        1.855359e-09
               56300        2.757180e-04        1.855415e-09
               56400        2.928130e-04        1.855359e-09
               56500        4.892790e-04        1.825159e-09
               56600        3.423570e-04        1.720942e-09
               56700        4.377150e-04        1.723547e-09
               56800        3.242190e-04        1.722413e-09
               56900        3.105360e-04        1.722752e-09
               57000        3.824530e-04        1.527813e-09
               57100        2.690630e-04        1.528062e-09
               57200        4.407230e-04        1.527762e-09
               57300        2.634340e-04        1.370919e-09
               57400        2.910910e-04        1.229729e-09
               57500        2.676910e-04        1.036740e-09
               57600        2.921010e-04        9.306138e-10
               57700        3.494970e-04        9.311573e-10
               57800        3.322290e-04        9.295804e-10
               57900        1.805060e-04        8.423158e-10
               58000        2.780250e-04        8.424007e-10
               58100        2.710500e-04        7.514056e-10
               58200        3.685640e-04        7.513793e-10
               58300        2.714670e-04        7.872263e-10
               58400        2.129780e-04        7.510006e-10
               58500        2.787560e-04        6.627118e-10
               58600        2.846990e-04        5.573093e-10
               58700        3.017380e-04        5.269009e-10
               58800        3.381370e-04        4.966641e-10
               58900        2.915360e-04        4.909483e-10
               59000        2.711830e-04        4.582448e-10
               59100        2.794930e-04        4.587069e-10
               59200        2.906410e-04        4.587436e-10
               59300        2.840510e-04        4.586907e-10
               59400        2.814900e-04        3.956387e-10
               59500        4.167380e-04        3.731399e-10
               59600        2.997250e-04        3.391204e-10
               59700        2.930630e-04        3.076348e-10
               59800        4.202390e-04        3.075404e-10
               59900        2.866390e-04        3.076222e-10
               60000        2.784750e-04        3.075772e-10
               60100        4.048440e-04        2.464652e-10
               60200        2.755190e-04        2.464803e-10
               60300        2.702050e-04        2.464737e-10
               60400        2.903530e-04        2.464613e-10
               60500        2.871510e-04        2.332433e-10
               60600        3.605510e-04        2.311604e-10
               60700        2.828030e-04        1.840998e-10
               60800        2.318500e-04        1.892749e-10
               60900        2.947830e-04        1.892515e-10
               61000        2.607490e-04        1.756250e-10
               61100        2.942280e-04        1.756486e-10
               61200        2.693840e-04        1.510419e-10
               61300        2.710360e-04        1.440215e-10
               61400        4.049170e-04        1.319773e-10
               61500        3.388340e-04        1.163529e-10
               61600        2.762260e-04        1.163442e-10
               61700        2.826370e-04        1.117142e-10
               61800        2.980590e-04        1.154438e-10
               61900        4.435040e-04        1.110619e-10
               62000        2.599740e-04        1.110613e-10
               62100        4.560790e-04        1.108378e-10
               62200        2.846490e-04        8.839154e-11
               62300        3.208460e-04        8.731435e-11
               62400        2.927410e-04        7.217104e-11
               62500        3.245650e-04        6.944264e-11
               62600        3.203710e-04        6.944121e-11
               62700        3.107480e-04        6.944885e-11
               62800        3.348510e-04        6.942777e-11
               62900        2.978820e-04        6.943526e-11
               63000        3.072570e-04        6.944264e-11
               63100        3.390500e-04        6.256522e-11
               63200        3.407570e-04        6.256522e-11
               63300        3.062840e-04        5.395877e-11
               63400        3.307770e-04        5.392956e-11
               63500        3.290570e-04        5.196339e-11
               63600        5.195780e-04        4.259780e-11
               63700        4.668130e-04        4.257576e-11
               63800        2.994760e-04        3.746259e-11
               63900        4.278830e-04        3.745623e-11
               64000        3.120470e-04        3.743476e-11
               64100        2.905810e-04        3.768902e-11
               64200        2.805050e-04        3.126043e-11
               64300        3.154660e-04        3.114236e-11
               64400        3.014010e-04        3.126152e-11
               64500        2.905810e-04        2.830326e-11
               64600        3.216970e-04        2.465356e-11
               64700        2.904840e-04        2.308042e-11
               64800        2.848130e-04        2.353616e-11
               64900        3.249790e-04        1.898568e-11
               65000        3.144240e-04        1.898598e-11
               65100        3.013100e-04        1.898038e-11
               65200        3.786320e-04        1.789419e-11
               65300        2.956030e-04        1.590788e-11
               65400        3.885690e-04        1.476682e-11
               65500        3.429660e-04        1.476983e-11
               65600        3.281900e-04        1.476653e-11
               65700        3.301030e-04        1.423925e-11
               65800        3.071230e-04        1.213602e-11
               65900        3.404050e-04        1.423439e-11
               66000        3.027800e-04        1.137410e-11
               66100        3.059090e-04        1.137396e-11
               66200        3.730970e-04        1.137334e-11
               66300        2.833650e-04        1.137408e-11
               66400        3.467640e-04        9.964924e-12
               66500        2.256800e-04        9.405378e-12
               66600        2.889700e-04        9.405771e-12
               66700        3.280580e-04        9.405297e-12
               66800        5.193091e-03        9.405889e-12
               66900        3.330900e-04        8.682147e-12
               67000        3.279530e-04        7.334410e-12
               67100        3.483270e-04        7.043508e-12
               67200        3.616870e-04        6.212962e-12
               67300        3.418910e-04        5.495532e-12
               67400        2.942030e-04        5.448559e-12
               67500        3.790490e-04        5.331046e-12
               67600        2.895110e-04        5.495477e-12
               67700        2.978400e-04        5.495749e-12
               67800        3.380310e-04        5.495398e-12
               67900        2.845900e-04        4.675752e-12
               68000        3.361240e-04        4.672445e-12
               68100        3.383480e-04        4.674548e-12
               68200        3.489960e-04        4.674218e-12
               68300        3.628910e-04        4.067001e-12
               68400        3.594520e-04        4.067001e-12
               68500        3.429820e-04        3.453114e-12
               68600        2.914120e-04        3.452278e-12
               68700        3.499010e-04        3.198740e-12
               68800        2.837560e-04        3.675480e-12
               68900        3.458550e-04        3.345877e-12
               69000        3.280860e-04        3.197596e-12
               69100        3.097060e-04        3.200855e-12
               69200        3.145000e-04        2.747468e-12
               69300        6.480580e-04        2.664955e-12
               69400        1.948414e-03        2.664595e-12
               69500        2.865470e-04        2.127177e-12
               69600        3.560120e-04        1.797814e-12
               69700        2.898470e-04        1.592624e-12
               69800        3.162390e-04        1.450945e-12
               69900        3.119190e-04        1.239555e-12
               70000        3.060040e-04        1.237026e-12
               70100        3.637010e-04        1.239538e-12
               70200        3.190070e-04        1.239646e-12
               70300        4.430170e-04        1.239306e-12
               70400        3.774720e-04        1.141555e-12
               70500        3.438080e-04        1.138602e-12
               70600        5.409490e-04        9.079495e-13
               70700        2.275335e-03        9.079544e-13
               70800        3.591590e-04        9.079543e-13
               70900        5.753250e-04        9.072179e-13
               71000        3.453610e-04        8.808361e-13
               71100        2.695490e-04        8.013588e-13
               71200        3.884820e-04        7.130667e-13
               71300        2.881950e-04        6.160873e-13
               71400        2.695750e-04        5.715190e-13
               71500        3.338230e-04        5.007206e-13
               71600        2.814240e-04        4.203353e-13
               71700        3.344730e-04        4.203108e-13
               71800        3.033270e-04        4.203036e-13
               71900        3.309430e-04        4.203231e-13
               72000        3.366740e-04        4.203352e-13
               72100        4.041720e-04        4.190733e-13
               72200        3.223710e-04        3.454110e-13
               72300        2.811860e-04        3.454828e-13
               72400        3.041710e-04        3.454448e-13
               72500        3.099030e-04        3.454535e-13
               72600        3.242500e-04        3.184167e-13
               72700        3.425100e-04        3.171074e-13
               72800        2.478760e-04        3.187677e-13
               72900        2.540210e-04        2.530721e-13
               73000        2.474090e-04        2.493078e-13
               73100        5.789160e-04        2.531606e-13
               73200        3.294340e-04        2.531484e-13
               73300        2.935220e-04        2.493170e-13
               73400        3.029230e-04        2.289618e-13
               73500        4.192210e-04        2.174359e-13
               73600        2.971480e-04        2.173224e-13
               73700        3.923700e-04        2.170650e-13
               73800        3.028850e-04        2.173267e-13
               73900        3.157920e-04        2.173606e-13
               74000        2.639370e-04        2.173116e-13
               74100        2.850650e-04        2.220602e-13
               74200        2.692100e-04        1.728499e-13
               74300        4.632070e-04        1.728489e-13
               74400        3.171880e-04        1.531829e-13
               74500        2.588410e-04        1.266333e-13
               74600        3.908030e-04        1.317111e-13
               74700        5.320110e-04        1.388061e-13
               74800        3.148700e-04        1.484425e-13
               74900        2.631910e-04        1.230580e-13
               75000        4.139410e-04        9.130607e-14
               75100        3.128970e-04        9.377917e-14
               75200        2.794530e-04        9.124052e-14
               75300        2.984850e-04        9.040841e-14
               75400        2.568500e-04        7.763199e-14
               75500        2.921070e-04        7.722900e-14
               75600        3.579590e-04        7.756283e-14
               75700        4.426690e-04        9.122279e-14
               75800        2.573090e-04        5.974436e-14
               75900        3.273670e-04        5.601707e-14
               76000        3.049080e-04        5.593327e-14
               76100        3.945650e-04        5.059548e-14
               76200        3.095640e-04        4.968217e-14
               76300        2.687020e-04        3.675003e-14
               76400        3.599780e-04        3.646877e-14
               76500        3.311710e-04        3.673100e-14
               76600        2.673380e-04        3.321301e-14
               76700        3.803920e-04        2.997231e-14
               76800        4.611350e-04        2.726914e-14
               76900        3.036430e-04        2.719549e-14
               77000        3.218220e-04        2.725426e-14
               77100        3.180280e-04        2.778134e-14
               77200        4.775460e-04        2.250339e-14
               77300        3.246560e-04        2.517935e-14
               77400        4.547960e-04        2.138655e-14
               77500        5.538280e-04        2.132746e-14
               77600        3.042870e-04        1.759064e-14
               77700        4.083220e-04        1.756758e-14
               77800        3.216630e-04        1.666949e-14
               77900        3.712590e-04        1.665530e-14
               78000        4.341480e-04        1.620753e-14
               78100        2.308860e-04        1.620753e-14
               78200        7.779160e-04        1.290700e-14
               78300        2.946760e-04        1.253716e-14
               78400        3.864390e-04        1.253076e-14
               78500        3.350750e-04        1.291781e-14
               78600        2.556540e-04        1.252924e-14
               78700        2.260950e-04        1.251432e-14
               78800        4.365580e-04        1.020901e-14
               78900        2.877190e-04        8.688358e-15
               79000        3.041490e-04        8.688029e-15
               79100        4.148150e-04        8.682893e-15
               79200        2.888530e-04        8.062645e-15
               79300        3.299390e-04        7.543767e-15
               79400        2.940460e-04        7.714781e-15
               79500        3.676250e-04        7.542918e-15
               79600        3.147720e-04        7.542767e-15
               79700        2.021240e-04        6.935417e-15
               79800        7.537660e-04        6.911870e-15
               79900        3.493070e-04        6.932982e-15
               80000        7.556160e-04        6.158415e-15
               80100        3.149530e-04        5.109723e-15
               80200        3.323700e-04        5.108156e-15
               80300        3.144700e-04        5.324775e-15
               80400        2.615030e-04        5.077528e-15
               80500        4.118940e-04        4.232998e-15
               80600        1.183755e-03        4.229726e-15
               80700        3.411490e-04        4.163894e-15
               80800        3.587060e-04        3.754606e-15
               80900        3.007690e-04        3.755059e-15
               81000        2.697900e-04        3.754801e-15
               81100        3.313720e-04        3.754007e-15
               81200        2.066611e-03        3.754551e-15
               81300        2.746920e-04        3.754730e-15
               81400        2.808100e-04        3.136659e-15
               81500        3.968140e-04        2.732274e-15
               81600        3.170990e-04        2.732805e-15
               81700        2.602220e-04        2.732000e-15
               81800        3.252280e-04        2.507282e-15
               81900        4.411910e-04        2.506886e-15
               82000        2.652470e-04        2.089777e-15
               82100        3.291810e-04        2.089245e-15
               82200        3.326650e-04        2.089872e-15
               82300        2.980010e-04        2.231697e-15
               82400        2.207030e-04        1.749657e-15
               82500        3.450730e-04        1.749346e-15
               82600        2.737640e-04        1.749179e-15
               82700        3.423000e-04        1.646532e-15
               82800        2.728420e-04        1.646739e-15
               82900        3.375280e-04        1.646310e-15
               83000        7.841220e-04        2.235196e-15
               83100        3.198480e-04        1.312867e-15
               83200        3.228110e-04        1.312650e-15
               83300        2.718760e-04        1.319864e-15
               83400        3.073240e-04        1.319858e-15
               83500        3.013190e-04        1.310858e-15
               83600        4.400770e-04        1.314321e-15
               83700        3.381300e-04        1.066813e-15
               83800        2.490910e-04        1.067581e-15
               83900        2.988650e-04        1.066592e-15
               84000        2.571980e-04        1.066984e-15
               84100        3.329520e-04        9.849340e-16
               84200        4.294940e-04        8.109951e-16
               84300        4.201400e-04        7.584530e-16
               84400        2.536720e-04        6.486762e-16
               84500        3.322460e-04        6.426506e-16
               84600        2.401370e-04        6.426757e-16
               84700        3.148710e-04        6.422761e-16
               84800        2.943050e-04        6.374188e-16
               84900        7.433070e-04        5.455193e-16
               85000        4.832910e-04        5.264416e-16
               85100        3.186920e-04        5.264396e-16
               85200        3.189110e-04        5.263393e-16
               85300        3.337220e-04        5.214892e-16
               85400        3.318130e-04        4.152355e-16
               85500        3.425050e-04        3.964533e-16
               85600        2.839410e-04        3.964854e-16
               85700        4.100940e-04        3.382261e-16
               85800        2.785080e-04        3.547360e-16
               85900        2.416610e-04        3.384138e-16
               86000        2.000640e-04        3.411847e-16
               86100        2.593040e-04        2.738744e-16
               86200        2.831140e-04        2.731414e-16
               86300        5.343210e-04        2.739391e-16
               86400        3.344010e-04        2.442820e-16
               86500        2.833120e-04        2.349560e-16
               86600        3.367710e-04        2.043171e-16
               86700        2.742470e-04        2.738979e-16
               86800        3.140850e-04        1.934168e-16
               86900        3.216320e-04        1.956395e-16
               87000        2.659780e-04        1.956395e-16
               87100        3.093810e-04        1.438234e-16
               87200        2.635430e-04        1.437599e-16
               87300        5.402970e-04        1.288604e-16
               87400        2.755550e-04        1.203473e-16
               87500        2.891340e-04        1.203956e-16
               87600        4.080180e-04        1.203480e-16
               87700        3.291850e-04        1.203620e-16
               87800        2.684210e-04        1.203507e-16
               87900        2.964250e-04        1.203672e-16
               88000        4.884300e-04        1.037052e-16
               88100        3.204700e-04        7.963485e-17
               88200        2.919350e-04        7.821861e-17
               88300        2.748730e-04        6.477404e-17
               88400        4.459960e-04        6.480049e-17
               88500        2.988850e-04        6.476002e-17
               88600        2.818750e-04        6.477104e-17
               88700        2.838030e-04        6.463308e-17
               88800        4.359420e-04        6.477560e-17
               88900        3.162060e-04        6.478079e-17
               89000        2.947740e-04        6.221439e-17
               89100        2.999380e-04        5.778287e-17
               89200        4.054520e-04        5.777705e-17
               89300        4.701650e-04        5.776324e-17
               89400        2.975420e-04        5.776183e-17
               89500        3.466070e-04        5.777195e-17
               89600        2.307500e-04        6.477560e-17
               89700        3.346970e-04        5.233684e-17
               89800        3.143150e-04        5.108538e-17
               89900        2.387690e-04        5.109109e-17
               90000        4.567720e-04        4.303347e-17
               90100        3.416020e-04        4.227051e-17
               90200        3.219360e-04        4.153372e-17
               90300        3.598750e-04        3.628851e-17
               90400        3.202070e-04        3.413923e-17
               90500        4.791870e-04        3.101412e-17
               90600        1.998440e-04        3.097814e-17
               90700        3.583120e-04        3.097816e-17
               90800        3.248590e-04        3.097814e-17
               90900        3.549940e-04        3.096642e-17
               91000        3.223710e-04        3.096689e-17
               91100        3.265990e-04        3.101412e-17
               91200        3.149290e-04        2.565204e-17
               91300        3.211430e-04        2.573612e-17
               91400        4.245710e-04        2.573552e-17
               91500        3.217840e-04        2.657050e-17
               91600        3.303750e-04        2.165931e-17
               91700        4.265250e-04        2.164634e-17
               91800        3.998380e-04        1.787505e-17
               91900        3.312590e-04        1.614241e-17
               92000        3.504530e-04        1.614288e-17
               92100        4.326650e-04        1.478882e-17
               92200        3.584770e-04        1.598403e-17
               92300        4.447420e-04        1.305588e-17
               92400        3.709530e-04        1.305533e-17
               92500        3.615750e-04        1.259208e-17
               92600        2.184530e-04        1.259208e-17
               92700        3.310560e-04        1.226447e-17
               92800        3.816800e-04        1.226441e-17
               92900        2.246550e-04        9.290253e-18
               93000        3.170740e-04        9.527190e-18
               93100        2.355750e-04        7.199381e-18
               93200        3.370460e-04        6.889526e-18
               93300        2.881410e-04        6.888309e-18
               93400        2.504900e-04        6.888580e-18
               93500        3.380260e-04        5.694205e-18
               93600        4.501120e-04        5.500248e-18
               93700        2.304560e-04        5.498862e-18
               93800        3.613550e-04        5.635134e-18
               93900        2.647120e-04        5.345643e-18
               94000        3.258580e-04        4.496543e-18
               94100        3.079550e-04        4.497225e-18
               94200        2.250180e-04        4.360772e-18
               94300        3.277800e-04        3.385605e-18
               94400        2.359760e-04        3.333712e-18
               94500        3.076160e-04        3.330955e-18
               94600        2.089190e-04        3.446678e-18
               94700        5.982690e-04        2.632900e-18
               94800        2.759530e-04        2.529892e-18
               94900        3.621500e-04        2.533701e-18
               95000        3.128330e-04        2.073850e-18
               95100        2.573710e-04        2.041019e-18
               95200        2.867130e-04        1.808929e-18
               95300        3.072440e-04        1.765096e-18
               95400        2.916600e-04        1.733095e-18
               95500        2.703140e-04        1.539365e-18
               95600        2.929960e-04        1.537819e-18
               95700        2.944750e-04        1.538530e-18
               95800        2.272520e-04        1.378310e-18
               95900        3.048500e-04        1.229362e-18
               96000        2.103570e-04        1.246252e-18
               96100        3.068450e-04        1.102078e-18
               96200        2.030810e-04        1.098782e-18
               96300        2.558480e-04        9.370668e-19
               96400        2.438140e-04        8.428266e-19
               96500        1.899120e-04        8.346641e-19
               96600        2.742800e-04        6.725969e-19
               96700        2.564290e-04        6.729796e-19
               96800        2.545830e-04        6.727285e-19
               96900        3.150100e-04        6.730249e-19
               97000        2.041930e-04        6.729943e-19
               97100        2.735810e-04        1.102300e-18
               97200        2.031160e-04        6.738279e-19
               97300        2.749770e-04        6.059248e-19
               97400        1.833530e-04        5.368895e-19
               97500        2.625980e-04        5.367154e-19
               97600        1.644440e-04        5.369141e-19
               97700        2.549780e-04        4.843982e-19
               97800        1.605620e-04        4.641697e-19
               97900        2.594370e-04        4.741894e-19
               98000        1.593530e-04        3.618574e-19
               98100        2.555890e-04        3.618574e-19
               98200        1.630490e-04        3.132098e-19
               98300        2.578460e-04        2.594291e-19
               98400        1.618580e-04        2.576778e-19
               98500        2.618270e-04        2.288662e-19
               98600        3.111100e-04        2.288643e-19
               98700        2.056690e-04        2.593032e-19
               98800        2.012140e-04        2.593775e-19
               98900        2.939320e-04        2.128360e-19
               99000        2.121480e-04        1.959250e-19
               99100        2.717520e-04        1.957709e-19
               99200        1.692900e-04        1.951060e-19
               99300        2.573100e-04        1.951059e-19
               99400        1.605830e-04        1.699136e-19
               99500        2.597960e-04        1.541448e-19
               99600        2.463100e-04        1.541444e-19
               99700        2.290860e-04        1.264376e-19
               99800        1.542710e-04        1.264323e-19
               99900        1.482950e-04        1.264376e-19
              100000        1.474530e-04        1.264336e-19
