Period: 100
               Epoch           Time cost                Loss
                 100        1.885350e-04        2.408473e+05
                 200        8.671400e-05        1.623189e+05
                 300        7.981200e-05        1.253397e+05
                 400        1.050100e-04        8.913486e+04
                 500        7.994800e-05        6.220490e+04
                 600        1.591190e-04        6.438503e+04
                 700        1.453740e-04        4.657592e+04
                 800        1.168520e-04        4.657592e+04
                 900        9.090900e-05        4.657592e+04
                1000        1.147830e-04        4.657592e+04
                1100        1.177440e-04        3.336026e+04
                1200        1.291630e-04        3.336026e+04
                1300        1.215330e-04        3.336026e+04
                1400        1.347870e-04        3.336026e+04
                1500        1.369070e-04        1.634961e+04
                1600        1.192590e-04        1.635144e+04
                1700        9.548500e-05        1.609316e+04
                1800        1.197250e-04        1.635349e+04
                1900        1.147080e-04        1.221336e+04
                2000        1.425650e-04        1.221336e+04
                2100        1.376730e-04        1.221336e+04
                2200        1.413690e-04        1.221336e+04
                2300        1.397400e-04        1.221336e+04
                2400        1.367630e-04        6.760187e+03
                2500        1.328470e-04        6.704975e+03
                2600        1.380230e-04        6.704975e+03
                2700        1.374060e-04        6.704975e+03
                2800        1.309260e-04        5.605627e+03
                2900        1.280710e-04        5.605627e+03
                3000        1.313600e-04        5.605627e+03
                3100        9.253100e-05        5.605527e+03
                3200        1.241370e-04        5.605627e+03
                3300        1.404950e-04        2.937950e+03
                3400        1.515610e-04        2.938872e+03
                3500        1.461830e-04        2.900265e+03
                3600        1.308630e-04        2.900265e+03
                3700        1.404070e-04        1.419043e+03
                3800        1.946980e-04        1.418738e+03
                3900        1.397920e-04        1.387488e+03
                4000        1.611600e-04        1.418796e+03
                4100        1.320020e-04        1.387488e+03
                4200        1.395840e-04        7.187183e+02
                4300        1.314620e-04        7.186056e+02
                4400        9.966800e-05        7.106949e+02
                4500        1.298210e-04        7.106949e+02
                4600        1.378870e-04        5.650345e+02
                4700        1.290180e-04        5.650412e+02
                4800        9.090500e-05        5.650412e+02
                4900        1.495790e-04        5.650412e+02
                5000        9.614800e-05        4.015480e+02
                5100        1.374320e-04        4.015423e+02
                5200        1.261400e-04        4.015480e+02
                5300        1.383310e-04        4.015480e+02
                5400        1.353370e-04        2.785482e+02
                5500        1.391940e-04        2.785482e+02
                5600        1.344010e-04        2.785482e+02
                5700        1.546120e-04        2.785482e+02
                5800        9.540700e-05        2.246957e+02
                5900        1.286370e-04        2.246957e+02
                6000        1.246340e-04        2.246957e+02
                6100        1.245940e-04        2.246957e+02
                6200        9.145800e-05        1.533566e+02
                6300        1.474430e-04        1.533566e+02
                6400        1.491550e-04        1.533566e+02
                6500        1.388820e-04        1.533566e+02
                6600        1.508430e-04        1.264475e+02
                6700        1.479820e-04        1.264471e+02
                6800        1.377670e-04        1.264492e+02
                6900        1.398550e-04        1.264471e+02
                7000        1.485090e-04        9.102811e+01
                7100        1.507010e-04        9.102811e+01
                7200        1.423240e-04        9.102806e+01
                7300        1.396430e-04        9.102449e+01
                7400        1.484020e-04        6.491326e+01
                7500        1.477900e-04        6.491679e+01
                7600        1.407080e-04        6.491679e+01
                7700        1.384970e-04        6.491789e+01
                7800        1.335160e-04        4.592684e+01
                7900        1.389160e-04        4.592684e+01
                8000        1.421780e-04        4.592684e+01
                8100        1.470880e-04        4.592684e+01
                8200        1.560460e-04        3.565042e+01
                8300        1.489070e-04        3.565042e+01
                8400        1.248270e-04        3.565042e+01
                8500        1.500760e-04        3.565042e+01
                8600        1.861980e-04        3.565042e+01
                8700        1.408980e-04        1.696688e+01
                8800        1.478830e-04        1.653417e+01
                8900        1.308120e-04        1.696708e+01
                9000        1.346290e-04        1.696982e+01
                9100        1.321030e-04        1.248264e+01
                9200        1.350800e-04        1.248264e+01
                9300        1.421490e-04        1.248264e+01
                9400        1.450060e-04        1.248264e+01
                9500        1.260570e-04        9.010027e+00
                9600        1.316010e-04        9.010027e+00
                9700        1.283100e-04        9.010027e+00
                9800        1.468070e-04        9.010027e+00
                9900        1.613550e-04        9.010027e+00
               10000        1.313450e-04        3.814331e+00
               10100        1.435570e-04        3.814374e+00
               10200        9.485200e-05        3.894743e+00
               10300        1.395240e-04        3.814363e+00
               10400        1.247850e-04        2.875413e+00
               10500        1.451200e-04        2.875413e+00
               10600        1.020060e-04        2.875413e+00
               10700        1.385940e-04        2.875413e+00
               10800        1.361480e-04        2.147888e+00
               10900        1.299240e-04        2.147870e+00
               11000        1.283890e-04        2.147879e+00
               11100        1.317450e-04        2.147870e+00
               11200        1.263170e-04        1.513340e+00
               11300        9.583900e-05        1.513340e+00
               11400        1.300410e-04        1.513340e+00
               11500        1.388870e-04        1.513340e+00
               11600        1.394400e-04        1.052592e+00
               11700        1.379920e-04        1.052601e+00
               11800        1.310210e-04        1.052592e+00
               11900        9.202200e-05        1.052601e+00
               12000        1.322430e-04        6.743577e-01
               12100        1.390500e-04        6.743577e-01
               12200        1.169720e-04        6.743574e-01
               12300        1.228420e-04        6.743574e-01
               12400        1.310840e-04        6.743574e-01
               12500        1.284910e-04        6.743574e-01
               12600        1.576190e-04        3.617701e-01
               12700        1.341680e-04        3.617701e-01
               12800        1.317510e-04        3.617701e-01
               12900        1.449450e-04        3.617701e-01
               13000        1.365490e-04        1.784208e-01
               13100        1.242460e-04        1.784503e-01
               13200        1.765840e-04        1.784490e-01
               13300        1.564600e-04        1.738108e-01
               13400        1.645060e-04        1.139565e-01
               13500        1.256430e-04        1.139560e-01
               13600        1.248920e-04        1.139565e-01
               13700        1.134360e-04        1.139568e-01
               13800        8.614200e-05        7.724289e-02
               13900        1.349480e-04        7.724254e-02
               14000        1.569200e-04        7.724291e-02
               14100        9.745700e-05        7.724242e-02
               14200        1.466750e-04        3.189986e-02
               14300        1.224660e-04        3.248910e-02
               14400        1.338740e-04        3.249518e-02
               14500        1.325900e-04        3.249093e-02
               14600        9.706500e-05        1.845368e-02
               14700        1.380230e-04        1.807216e-02
               14800        1.282090e-04        1.844603e-02
               14900        9.687700e-05        1.844762e-02
               15000        1.564470e-04        1.204940e-02
               15100        1.305260e-04        1.204940e-02
               15200        1.363850e-04        1.204940e-02
               15300        1.301870e-04        1.204845e-02
               15400        1.099420e-04        9.249743e-03
               15500        1.363160e-04        9.249747e-03
               15600        1.341270e-04        9.249776e-03
               15700        1.369130e-04        9.249776e-03
               15800        1.373230e-04        6.819366e-03
               15900        1.346140e-04        6.819366e-03
               16000        1.284610e-04        6.819366e-03
               16100        1.382890e-04        6.819366e-03
               16200        1.344130e-04        5.325453e-03
               16300        1.597180e-04        5.325453e-03
               16400        1.376330e-04        5.325453e-03
               16500        1.376980e-04        5.325453e-03
               16600        1.038440e-04        3.483014e-03
               16700        1.320830e-04        3.483014e-03
               16800        1.366520e-04        3.483014e-03
               16900        1.322680e-04        3.483014e-03
               17000        1.290020e-04        2.628977e-03
               17100        1.445600e-04        2.628977e-03
               17200        1.430050e-04        2.628974e-03
               17300        1.388740e-04        2.628977e-03
               17400        1.698840e-04        2.628977e-03
               17500        9.131600e-05        1.435695e-03
               17600        1.371770e-04        1.435856e-03
               17700        1.371480e-04        1.435669e-03
               17800        1.486840e-04        1.424150e-03
               17900        1.398080e-04        9.387233e-04
               18000        1.015500e-04        9.387233e-04
               18100        1.480010e-04        9.387286e-04
               18200        1.389340e-04        9.387233e-04
               18300        1.502830e-04        7.008642e-04
               18400        1.288730e-04        7.008383e-04
               18500        1.396840e-04        7.008642e-04
               18600        1.327090e-04        7.008441e-04
               18700        1.303790e-04        7.008441e-04
               18800        1.349230e-04        3.930041e-04
               18900        9.665800e-05        3.929718e-04
               19000        1.524020e-04        3.929483e-04
               19100        1.318640e-04        3.854468e-04
               19200        1.355690e-04        2.802834e-04
               19300        1.349730e-04        2.802766e-04
               19400        1.304080e-04        2.802834e-04
               19500        9.183500e-05        2.802874e-04
               19600        1.498280e-04        2.074189e-04
               19700        1.398430e-04        2.074288e-04
               19800        1.343380e-04        2.074305e-04
               19900        1.355140e-04        2.074305e-04
               20000        1.316240e-04        2.074288e-04
               20100        1.435700e-04        1.167010e-04
               20200        1.291420e-04        1.136145e-04
               20300        1.407860e-04        1.166965e-04
               20400        1.117880e-04        1.166893e-04
               20500        1.367830e-04        8.095186e-05
               20600        1.409140e-04        8.095186e-05
               20700        1.287340e-04        8.095186e-05
               20800        1.241240e-04        8.095186e-05
               20900        9.541000e-05        5.711725e-05
               21000        1.251590e-04        5.711736e-05
               21100        1.383690e-04        5.711814e-05
               21200        1.327980e-04        5.711685e-05
               21300        1.393530e-04        4.271151e-05
               21400        1.275920e-04        4.270861e-05
               21500        1.321790e-04        4.271151e-05
               21600        1.355760e-04        4.271151e-05
               21700        1.481430e-04        2.873656e-05
               21800        1.456530e-04        2.873655e-05
               21900        1.718700e-04        2.873656e-05
               22000        1.309980e-04        2.873656e-05
               22100        1.004500e-04        2.192247e-05
               22200        1.354820e-04        2.192256e-05
               22300        1.593720e-04        2.192256e-05
               22400        1.622140e-04        2.192269e-05
               22500        1.327050e-04        2.192269e-05
               22600        1.344840e-04        1.167080e-05
               22700        9.756200e-05        1.167056e-05
               22800        1.407820e-04        1.167160e-05
               22900        1.344850e-04        6.641983e-06
               23000        1.340140e-04        6.304043e-06
               23100        1.321450e-04        6.640276e-06
               23200        9.623700e-05        6.639657e-06
               23300        1.385550e-04        4.138683e-06
               23400        1.363360e-04        4.138707e-06
               23500        1.347930e-04        4.138707e-06
               23600        1.900410e-04        4.138707e-06
               23700        9.533900e-05        3.228292e-06
               23800        1.401110e-04        3.228292e-06
               23900        1.481080e-04        3.228293e-06
               24000        1.368070e-04        3.228293e-06
               24100        1.391140e-04        2.413395e-06
               24200        1.014460e-04        2.413395e-06
               24300        1.337390e-04        2.413395e-06
               24400        1.363490e-04        2.413395e-06
               24500        1.398860e-04        1.750001e-06
               24600        1.428310e-04        1.749958e-06
               24700        1.423200e-04        1.749958e-06
               24800        1.414580e-04        1.749958e-06
               24900        1.426360e-04        1.261762e-06
               25000        1.349800e-04        1.261762e-06
               25100        1.482950e-04        1.261803e-06
               25200        1.433050e-04        1.261762e-06
               25300        9.082700e-05        9.020706e-07
               25400        1.510260e-04        9.020706e-07
               25500        1.426930e-04        9.020706e-07
               25600        9.204200e-05        9.020706e-07
               25700        1.949160e-04        6.377656e-07
               25800        1.706410e-04        6.377656e-07
               25900        1.571900e-04        6.378051e-07
               26000        1.493300e-04        6.377656e-07
               26100        1.559930e-04        4.926735e-07
               26200        1.603890e-04        4.926735e-07
               26300        1.526220e-04        4.926762e-07
               26400        1.388340e-04        4.926762e-07
               26500        1.570520e-04        2.917230e-07
               26600        1.482370e-04        2.917337e-07
               26700        1.607110e-04        2.805779e-07
               26800        1.620310e-04        2.917337e-07
               26900        2.870520e-04        1.917928e-07
               27000        1.440130e-04        9.315962e-08
               27100        1.592100e-04        9.315825e-08
               27200        1.531390e-04        9.315825e-08
               27300        1.800340e-04        9.315825e-08
               27400        1.441910e-04        6.854335e-08
               27500        2.043390e-04        6.854347e-08
               27600        1.493410e-04        6.854335e-08
               27700        1.550960e-04        6.854335e-08
               27800        1.450560e-04        6.854335e-08
               27900        1.551570e-04        3.896655e-08
               28000        1.518470e-04        3.823316e-08
               28100        1.519010e-04        3.896426e-08
               28200        1.413850e-04        3.823246e-08
               28300        1.546120e-04        2.728623e-08
               28400        1.404750e-04        2.728623e-08
               28500        1.612570e-04        2.728623e-08
               28600        1.403740e-04        2.728623e-08
               28700        1.475810e-04        1.334487e-08
               28800        1.490180e-04        1.302012e-08
               28900        1.506650e-04        1.334609e-08
               29000        1.539240e-04        1.334319e-08
               29100        1.421970e-04        9.712255e-09
               29200        1.399500e-04        9.712277e-09
               29300        1.588780e-04        9.712255e-09
               29400        1.571350e-04        9.712277e-09
               29500        1.560770e-04        7.586370e-09
               29600        1.507150e-04        7.586370e-09
               29700        1.467790e-04        7.586370e-09
               29800        1.474670e-04        7.586431e-09
               29900        1.436910e-04        3.866045e-09
               30000        1.410040e-04        3.717791e-09
               30100        1.385220e-04        3.867226e-09
               30200        1.513980e-04        3.866704e-09
               30300        1.560590e-04        2.480681e-09
               30400        1.399410e-04        2.480708e-09
               30500        1.342280e-04        2.480750e-09
               30600        1.458220e-04        2.480750e-09
               30700        1.508390e-04        1.998405e-09
               30800        1.369590e-04        1.998405e-09
               30900        1.382200e-04        1.998405e-09
               31000        1.016340e-04        1.998396e-09
               31100        1.521800e-04        1.998396e-09
               31200        1.487630e-04        1.079678e-09
               31300        1.501120e-04        1.059125e-09
               31400        1.812960e-04        1.079230e-09
               31500        1.621580e-04        1.080277e-09
               31600        1.541460e-04        7.321861e-10
               31700        1.500060e-04        7.321861e-10
               31800        1.489800e-04        7.321861e-10
               31900        1.004350e-04        7.321861e-10
               32000        1.343050e-04        5.643137e-10
               32100        1.474770e-04        5.643130e-10
               32200        1.347530e-04        5.642989e-10
               32300        1.490960e-04        5.643130e-10
               32400        1.358360e-04        5.643130e-10
               32500        1.457820e-04        2.951331e-10
               32600        1.471190e-04        2.900845e-10
               32700        1.476710e-04        2.950680e-10
               32800        1.312390e-04        2.951452e-10
               32900        1.488610e-04        2.099817e-10
               33000        1.483570e-04        2.099817e-10
               33100        1.448690e-04        2.099817e-10
               33200        1.464810e-04        2.099817e-10
               33300        1.236090e-04        1.558100e-10
               33400        1.816650e-04        1.558100e-10
               33500        1.150000e-04        1.558100e-10
               33600        1.642870e-04        1.558100e-10
               33700        1.142090e-04        1.051631e-10
               33800        1.594650e-04        1.051631e-10
               33900        1.209960e-04        1.051662e-10
               34000        1.606280e-04        1.051631e-10
               34100        1.336350e-04        7.572505e-11
               34200        1.526520e-04        7.572505e-11
               34300        1.477670e-04        7.572505e-11
               34400        1.648710e-04        7.572505e-11
               34500        1.558230e-04        5.521945e-11
               34600        1.667010e-04        5.522039e-11
               34700        1.418640e-04        5.521938e-11
               34800        1.543860e-04        5.522039e-11
               34900        1.411310e-04        5.522039e-11
               35000        1.537110e-04        2.890918e-11
               35100        1.366260e-04        2.890256e-11
               35200        1.582040e-04        2.815487e-11
               35300        1.429510e-04        2.890867e-11
               35400        1.584130e-04        2.050641e-11
               35500        1.462020e-04        2.050641e-11
               35600        1.239550e-04        2.050641e-11
               35700        1.558260e-04        2.050641e-11
               35800        1.463780e-04        1.399002e-11
               35900        1.733910e-04        1.399002e-11
               36000        1.601740e-04        1.399002e-11
               36100        1.599840e-04        1.399002e-11
               36200        1.533910e-04        1.011212e-11
               36300        1.531850e-04        1.011212e-11
               36400        1.458860e-04        1.011212e-11
               36500        1.486650e-04        1.011212e-11
               36600        1.459790e-04        7.647534e-12
               36700        1.525690e-04        7.647456e-12
               36800        1.498070e-04        7.647574e-12
               36900        1.406950e-04        7.647574e-12
               37000        5.476600e-04        3.661079e-12
               37100        1.520290e-04        3.754298e-12
               37200        1.500380e-04        3.754753e-12
               37300        1.559370e-04        3.755012e-12
               37400        1.571500e-04        2.862189e-12
               37500        1.881330e-04        2.862249e-12
               37600        1.923570e-04        2.862189e-12
               37700        1.437550e-04        2.862189e-12
               37800        1.582700e-04        2.862189e-12
               37900        1.408100e-04        1.320150e-12
               38000        1.003820e-04        1.320150e-12
               38100        1.447020e-04        1.339517e-12
               38200        1.462460e-04        1.339236e-12
               38300        1.506530e-04        1.051710e-12
               38400        1.077660e-04        1.051710e-12
               38500        1.239010e-04        1.051710e-12
               38600        1.504870e-04        1.051710e-12
               38700        1.056600e-04        8.097216e-13
               38800        1.469600e-04        8.097216e-13
               38900        9.590800e-05        8.097216e-13
               39000        1.457180e-04        8.097216e-13
               39100        1.357270e-04        5.981413e-13
               39200        1.380270e-04        5.981399e-13
               39300        1.422640e-04        5.981544e-13
               39400        1.501500e-04        5.981556e-13
               39500        1.050850e-04        4.351631e-13
               39600        1.443620e-04        4.351257e-13
               39700        1.417470e-04        4.351276e-13
               39800        9.396400e-05        4.351257e-13
               39900        1.549620e-04        4.351276e-13
               40000        1.003730e-04        2.289098e-13
               40100        1.308740e-04        2.288667e-13
               40200        1.276110e-04        2.256581e-13
               40300        1.357890e-04        2.256581e-13
               40400        1.632090e-04        1.773192e-13
               40500        1.363600e-04        1.773192e-13
               40600        1.323940e-04        1.773192e-13
               40700        8.921300e-05        1.773192e-13
               40800        1.375270e-04        1.301385e-13
               40900        1.325620e-04        1.301385e-13
               41000        1.328640e-04        1.301394e-13
               41100        1.406650e-04        1.301408e-13
               41200        1.267160e-04        6.849467e-14
               41300        1.337810e-04        6.849547e-14
               41400        1.391390e-04        6.849420e-14
               41500        1.382120e-04        5.242428e-14
               41600        1.310720e-04        3.403024e-14
               41700        1.398790e-04        3.404844e-14
               41800        1.694600e-04        3.403631e-14
               41900        1.445010e-04        2.406966e-14
               42000        1.477410e-04        1.553745e-14
               42100        1.359420e-04        1.553553e-14
               42200        1.923140e-04        1.553770e-14
               42300        1.493430e-04        1.553745e-14
               42400        1.731880e-04        1.019472e-14
               42500        1.552550e-04        6.268015e-15
               42600        1.323190e-04        6.418322e-15
               42700        1.357280e-04        6.417415e-15
               42800        1.465630e-04        2.855917e-15
               42900        1.420110e-04        2.071351e-15
               43000        1.586600e-04        2.071792e-15
               43100        9.980200e-05        2.005055e-15
               43200        1.482820e-04        1.041494e-15
               43300        1.345540e-04        1.041423e-15
               43400        1.541770e-04        1.080175e-15
               43500        1.546210e-04        1.041423e-15
               43600        1.505650e-04        7.580413e-16
               43700        1.511810e-04        7.579946e-16
               43800        1.447650e-04        7.580413e-16
               43900        1.723110e-04        7.579889e-16
               44000        1.516940e-04        3.387603e-16
               44100        1.384600e-04        3.387493e-16
               44200        1.577230e-04        3.298159e-16
               44300        1.507890e-04        3.388518e-16
               44400        1.536570e-04        2.118270e-16
               44500        1.565650e-04        2.118264e-16
               44600        1.539960e-04        2.118302e-16
               44700        9.912600e-05        2.118313e-16
               44800        1.548390e-04        1.148586e-16
               44900        1.029970e-04        1.129083e-16
               45000        1.516350e-04        1.148593e-16
               45100        1.617920e-04        1.148093e-16
               45200        1.461740e-04        7.635208e-17
               45300        1.639860e-04        7.634554e-17
               45400        1.464300e-04        7.634554e-17
               45500        1.606430e-04        7.634554e-17
               45600        1.496940e-04        5.707004e-17
               45700        1.698650e-04        5.707004e-17
               45800        1.460350e-04        5.707004e-17
               45900        1.179320e-04        5.707004e-17
               46000        1.758930e-04        4.505131e-17
               46100        1.637100e-04        4.505131e-17
               46200        1.420000e-04        4.505131e-17
               46300        1.677260e-04        4.505131e-17
               46400        1.575050e-04        4.505131e-17
               46500        1.674190e-04        2.380683e-17
               46600        1.464570e-04        2.410316e-17
               46700        1.546840e-04        2.380455e-17
               46800        1.564960e-04        2.411634e-17
               46900        1.630220e-04        1.797087e-17
               47000        1.551370e-04        1.797087e-17
               47100        1.594930e-04        1.797087e-17
               47200        1.505970e-04        1.797087e-17
               47300        1.588780e-04        1.797087e-17
               47400        1.733540e-04        8.897552e-18
               47500        2.086650e-04        8.898647e-18
               47600        1.919160e-04        8.720453e-18
               47700        1.551960e-04        8.720635e-18
               47800        1.488400e-04        6.218107e-18
               47900        1.547100e-04        6.218107e-18
               48000        1.575630e-04        6.218107e-18
               48100        1.545700e-04        6.218107e-18
               48200        1.502560e-04        4.244387e-18
               48300        1.431050e-04        4.244387e-18
               48400        1.590920e-04        4.244387e-18
               48500        1.468770e-04        4.244387e-18
               48600        1.545560e-04        2.931782e-18
               48700        1.497190e-04        2.931621e-18
               48800        1.573420e-04        2.931782e-18
               48900        1.474720e-04        2.931621e-18
               49000        2.448810e-04        2.393864e-18
               49100        1.487510e-04        2.393864e-18
               49200        1.655540e-04        2.393864e-18
               49300        1.481370e-04        2.393864e-18
               49400        1.317040e-04        2.393864e-18
               49500        1.435970e-04        1.212003e-18
               49600        1.531410e-04        1.263500e-18
               49700        1.434540e-04        1.262617e-18
               49800        1.550920e-04        1.263630e-18
               49900        1.436100e-04        9.028899e-19
               50000        1.409670e-04        9.028894e-19
               50100        1.503100e-04        9.028894e-19
               50200        1.504910e-04        9.028894e-19
               50300        1.447420e-04        4.203896e-19
               50400        1.472270e-04        4.283506e-19
               50500        1.345430e-04        4.284397e-19
               50600        1.517080e-04        4.283765e-19
               50700        1.400700e-04        2.741334e-19
               50800        1.505130e-04        2.741334e-19
               50900        1.467880e-04        2.741334e-19
               51000        1.500850e-04        2.741334e-19
               51100        1.398590e-04        2.076030e-19
               51200        1.514380e-04        2.076030e-19
               51300        1.440770e-04        2.076028e-19
               51400        1.496940e-04        2.076028e-19
               51500        1.370560e-04        1.472114e-19
               51600        1.039280e-04        1.472114e-19
               51700        1.410320e-04        1.472114e-19
               51800        9.855800e-05        1.472114e-19
               51900        1.412590e-04        1.144169e-19
               52000        1.482210e-04        1.144169e-19
               52100        1.477280e-04        1.144169e-19
               52200        1.402920e-04        1.144169e-19
               52300        1.487750e-04        7.967117e-20
               52400        1.521420e-04        7.967117e-20
               52500        1.391120e-04        7.967117e-20
               52600        1.414120e-04        7.967117e-20
               52700        1.572000e-04        5.756368e-20
               52800        1.655940e-04        5.756262e-20
               52900        1.600110e-04        5.756325e-20
               53000        1.066400e-04        5.756368e-20
               53100        1.595660e-04        3.946052e-20
               53200        1.636190e-04        3.946052e-20
               53300        1.382390e-04        3.946052e-20
               53400        1.363070e-04        3.946052e-20
               53500        1.356240e-04        1.854777e-20
               53600        1.341720e-04        1.888248e-20
               53700        1.452020e-04        1.888298e-20
               53800        9.422300e-05        1.887981e-20
               53900        1.337170e-04        1.430399e-20
               54000        1.339180e-04        1.430399e-20
               54100        1.425490e-04        1.430399e-20
               54200        1.493630e-04        1.430399e-20
               54300        1.433870e-04        1.074748e-20
               54400        1.413880e-04        1.074772e-20
               54500        1.402130e-04        1.074772e-20
               54600        1.490320e-04        1.074772e-20
               54700        1.383730e-04        7.355438e-21
               54800        1.550550e-04        7.355438e-21
               54900        1.416850e-04        7.355438e-21
               55000        1.452110e-04        7.355432e-21
               55100        1.395320e-04        7.355438e-21
               55200        1.497360e-04        3.680276e-21
               55300        8.693500e-05        3.681124e-21
               55400        1.434980e-04        3.681369e-21
               55500        1.355730e-04        3.591176e-21
               55600        8.756700e-05        2.339565e-21
               55700        1.404270e-04        2.339563e-21
               55800        8.762100e-05        2.339586e-21
               55900        1.382590e-04        2.339586e-21
               56000        1.287900e-04        1.690750e-21
               56100        1.407800e-04        1.690772e-21
               56200        1.391060e-04        1.690738e-21
               56300        1.408540e-04        1.690772e-21
               56400        8.907400e-05        1.115189e-21
               56500        1.410330e-04        1.115189e-21
               56600        1.378830e-04        1.115189e-21
               56700        1.354690e-04        1.115189e-21
               56800        1.407910e-04        9.027830e-22
               56900        1.423880e-04        9.028000e-22
               57000        1.300430e-04        9.028000e-22
               57100        1.297450e-04        9.028176e-22
               57200        8.598300e-05        6.610784e-22
               57300        1.395180e-04        6.608916e-22
               57400        1.622340e-04        6.607984e-22
               57500        1.427370e-04        6.608672e-22
               57600        1.581690e-04        4.729912e-22
               57700        1.979280e-04        4.729915e-22
               57800        1.797950e-04        4.729915e-22
               57900        1.380990e-04        4.729915e-22
               58000        1.466140e-04        2.924030e-22
               58100        1.426180e-04        2.924030e-22
               58200        1.470790e-04        2.924030e-22
               58300        1.534140e-04        2.924030e-22
               58400        1.407670e-04        1.547785e-22
               58500        1.481600e-04        1.547840e-22
               58600        1.365990e-04        1.529030e-22
               58700        1.457460e-04        1.547650e-22
               58800        1.469070e-04        1.112151e-22
               58900        1.547680e-04        1.112151e-22
               59000        1.470740e-04        1.112173e-22
               59100        1.439740e-04        1.112173e-22
               59200        1.634300e-04        8.376789e-23
               59300        1.642460e-04        8.376960e-23
               59400        9.458400e-05        8.376960e-23
               59500        1.491100e-04        8.376789e-23
               59600        1.463580e-04        5.393938e-23
               59700        1.551940e-04        5.393938e-23
               59800        1.551890e-04        5.393938e-23
               59900        1.557230e-04        5.393938e-23
               60000        1.605960e-04        3.522724e-23
               60100        1.545790e-04        3.522724e-23
               60200        1.410260e-04        3.522724e-23
               60300        1.519930e-04        3.522724e-23
               60400        1.797590e-04        1.989303e-23
               60500        1.474090e-04        2.033733e-23
               60600        1.321210e-04        2.033321e-23
               60700        1.400860e-04        2.033995e-23
               60800        1.467330e-04        1.465549e-23
               60900        1.450120e-04        1.465550e-23
               61000        1.461360e-04        1.465550e-23
               61100        1.399930e-04        1.465550e-23
               61200        1.424770e-04        1.021043e-23
               61300        1.525440e-04        1.021043e-23
               61400        1.440030e-04        1.021043e-23
               61500        1.432320e-04        1.021043e-23
               61600        1.466460e-04        7.964744e-24
               61700        1.516910e-04        7.964501e-24
               61800        9.677100e-05        7.964483e-24
               61900        1.486550e-04        7.964744e-24
               62000        1.631010e-04        5.640690e-24
               62100        2.065370e-04        5.640908e-24
               62200        1.848310e-04        5.640690e-24
               62300        1.708580e-04        5.640690e-24
               62400        1.709230e-04        4.505583e-24
               62500        1.691190e-04        4.505583e-24
               62600        1.784950e-04        4.505583e-24
               62700        1.361410e-04        4.505583e-24
               62800        1.641420e-04        3.612831e-24
               62900        1.706580e-04        3.612638e-24
               63000        1.693320e-04        3.612638e-24
               63100        1.771740e-04        3.612638e-24
               63200        1.407030e-04        2.813157e-24
               63300        1.852230e-04        2.813098e-24
               63400        1.791350e-04        2.813119e-24
               63500        1.476880e-04        2.813157e-24
               63600        1.802620e-04        1.752493e-24
               63700        1.785990e-04        1.759749e-24
               63800        1.741190e-04        1.759527e-24
               63900        1.683700e-04        1.752376e-24
               64000        1.421830e-04        1.303700e-24
               64100        1.759790e-04        1.303700e-24
               64200        1.405330e-04        1.303662e-24
               64300        1.750330e-04        1.303700e-24
               64400        1.734470e-04        1.149545e-24
               64500        1.479480e-04        1.149596e-24
               64600        1.513990e-04        1.149561e-24
               64700        1.588820e-04        1.149561e-24
               64800        1.566200e-04        9.330380e-25
               64900        1.533850e-04        9.330380e-25
               65000        1.539810e-04        9.330380e-25
               65100        1.424690e-04        9.330380e-25
               65200        1.578500e-04        9.330380e-25
               65300        1.491880e-04        7.998648e-25
               65400        1.074140e-04        7.996963e-25
               65500        1.586700e-04        8.052360e-25
               65600        1.599760e-04        7.998040e-25
               65700        1.721750e-04        7.245106e-25
               65800        1.340930e-04        7.244979e-25
               65900        1.400860e-04        7.244813e-25
               66000        1.884750e-04        7.244813e-25
               66100        1.622280e-04        7.476096e-25
               66200        1.230640e-04        7.475215e-25
               66300        1.802510e-04        7.476096e-25
               66400        1.477050e-04        7.475215e-25
               66500        1.494960e-04        6.719272e-25
               66600        9.706300e-05        6.719272e-25
               66700        1.501800e-04        6.721159e-25
               66800        1.434840e-04        6.719272e-25
               66900        1.626140e-04        6.171187e-25
               67000        1.372870e-04        6.171187e-25
               67100        1.639470e-04        6.171187e-25
               67200        1.448040e-04        6.171187e-25
               67300        9.902100e-05        5.935848e-25
               67400        1.558760e-04        5.935848e-25
               67500        1.367770e-04        5.935848e-25
               67600        1.580400e-04        5.935848e-25
               67700        1.374160e-04        6.364981e-25
               67800        1.475610e-04        6.364233e-25
               67900        1.586140e-04        6.364233e-25
               68000        9.465100e-05        6.364233e-25
               68100        1.309610e-04        6.238088e-25
               68200        1.418150e-04        6.238428e-25
               68300        1.022820e-04        6.238428e-25
               68400        1.605020e-04        6.238428e-25
               68500        1.416170e-04        5.080307e-25
               68600        1.306230e-04        5.080307e-25
               68700        1.422370e-04        5.080307e-25
               68800        1.409220e-04        5.080307e-25
               68900        1.349270e-04        5.579129e-25
               69000        1.217020e-04        5.579129e-25
               69100        1.376380e-04        5.579129e-25
               69200        9.523900e-05        5.579129e-25
               69300        1.481420e-04        5.404258e-25
               69400        1.318570e-04        5.404258e-25
               69500        1.403480e-04        5.403677e-25
               69600        1.438130e-04        5.403677e-25
               69700        1.390950e-04        5.404258e-25
               69800        1.435730e-04        5.940822e-25
               69900        1.004530e-04        5.854165e-25
               70000        1.507450e-04        5.856041e-25
               70100        1.358800e-04        5.852334e-25
               70200        9.290300e-05        5.824606e-25
               70300        1.319310e-04        5.824606e-25
               70400        1.373410e-04        5.824606e-25
               70500        1.448350e-04        5.824606e-25
               70600        1.405560e-04        5.824606e-25
               70700        1.356030e-04        6.388266e-25
               70800        9.360100e-05        6.388266e-25
               70900        1.375150e-04        6.378683e-25
               71000        1.711560e-04        6.380241e-25
               71100        1.517110e-04        6.173820e-25
               71200        1.223220e-04        6.173820e-25
               71300        1.413770e-04        6.173820e-25
               71400        1.301900e-04        6.173820e-25
               71500        1.297140e-04        5.702420e-25
               71600        1.309630e-04        5.729566e-25
               71700        1.327590e-04        5.730205e-25
               71800        1.346530e-04        5.729308e-25
               71900        1.322120e-04        5.274692e-25
               72000        1.376990e-04        5.274842e-25
               72100        1.355550e-04        5.275007e-25
               72200        1.435980e-04        5.276758e-25
               72300        9.634800e-05        5.253965e-25
               72400        1.420920e-04        5.254249e-25
               72500        1.501220e-04        5.254249e-25
               72600        9.516900e-05        5.253965e-25
               72700        1.344030e-04        5.278625e-25
               72800        1.292850e-04        5.278625e-25
               72900        1.374540e-04        5.278625e-25
               73000        1.416940e-04        5.278625e-25
               73100        1.403410e-04        5.278625e-25
               73200        1.467210e-04        5.178399e-25
               73300        1.450600e-04        5.183619e-25
               73400        1.379580e-04        5.177824e-25
               73500        1.609640e-04        5.178974e-25
               73600        1.445750e-04        5.255985e-25
               73700        1.379100e-04        5.255710e-25
               73800        1.412740e-04        5.256541e-25
               73900        9.724000e-05        5.255985e-25
               74000        1.381350e-04        4.881937e-25
               74100        1.523300e-04        4.882006e-25
               74200        1.470260e-04        4.881937e-25
               74300        1.522180e-04        4.881937e-25
               74400        1.037430e-04        5.621949e-25
               74500        1.403390e-04        5.621949e-25
               74600        1.578180e-04        5.621949e-25
               74700        1.032180e-04        5.621949e-25
               74800        1.536920e-04        6.124359e-25
               74900        1.576940e-04        6.148385e-25
               75000        1.499480e-04        6.142879e-25
               75100        1.549230e-04        6.140540e-25
               75200        9.824400e-05        6.821594e-25
               75300        1.653210e-04        6.822193e-25
               75400        1.410760e-04        6.821594e-25
               75500        1.540760e-04        6.821594e-25
               75600        2.134450e-04        5.562452e-25
               75700        1.618390e-04        5.562452e-25
               75800        1.379090e-04        5.562452e-25
               75900        1.444380e-04        5.562452e-25
               76000        1.363390e-04        5.565302e-25
               76100        1.661710e-04        5.565302e-25
               76200        1.101080e-04        5.565302e-25
               76300        1.356870e-04        5.565302e-25
               76400        1.372180e-04        5.565302e-25
               76500        1.410390e-04        5.656540e-25
               76600        1.433860e-04        5.635445e-25
               76700        1.462690e-04        5.651317e-25
               76800        1.422330e-04        5.659022e-25
               76900        1.424150e-04        5.651317e-25
               77000        1.464150e-04        5.656540e-25
               77100        1.386470e-04        5.042592e-25
               77200        1.459170e-04        5.042592e-25
               77300        1.532810e-04        5.041416e-25
               77400        1.419730e-04        5.039060e-25
               77500        1.431500e-04        5.662277e-25
               77600        1.513660e-04        5.662277e-25
               77700        1.423700e-04        5.662277e-25
               77800        1.471340e-04        5.662277e-25
               77900        1.498140e-04        6.234335e-25
               78000        1.399340e-04        6.234335e-25
               78100        1.033940e-04        6.234335e-25
               78200        1.540300e-04        5.575420e-25
               78300        1.479020e-04        5.576497e-25
               78400        1.399480e-04        5.579412e-25
               78500        1.450260e-04        5.583647e-25
               78600        1.060880e-04        5.858477e-25
               78700        1.505210e-04        5.858376e-25
               78800        1.784110e-04        5.858376e-25
               78900        1.425430e-04        5.858376e-25
               79000        1.546430e-04        5.113989e-25
               79100        9.643200e-05        5.113831e-25
               79200        1.501670e-04        5.113679e-25
               79300        1.016960e-04        5.113158e-25
               79400        1.435710e-04        5.113616e-25
               79500        1.668430e-04        5.113616e-25
               79600        1.506870e-04        5.113616e-25
               79700        1.438440e-04        5.113616e-25
               79800        1.544400e-04        6.680306e-25
               79900        1.061890e-04        6.678163e-25
               80000        1.816950e-04        6.663438e-25
               80100        1.607650e-04        6.663663e-25
               80200        1.528630e-04        8.095435e-25
               80300        1.014050e-04        8.095183e-25
               80400        1.397370e-04        8.095410e-25
               80500        9.855100e-05        8.095410e-25
               80600        1.487890e-04        7.140519e-25
               80700        1.455550e-04        7.096835e-25
               80800        1.451440e-04        7.141030e-25
               80900        1.389580e-04        7.134506e-25
               81000        1.475730e-04        5.989282e-25
               81100        1.421210e-04        5.989520e-25
               81200        1.560970e-04        5.989282e-25
               81300        1.626840e-04        5.989282e-25
               81400        1.431570e-04        5.526107e-25
               81500        1.440430e-04        5.526949e-25
               81600        1.379050e-04        5.526117e-25
               81700        1.384110e-04        5.499839e-25
               81800        1.459170e-04        5.604749e-25
               81900        1.448220e-04        5.603088e-25
               82000        9.922400e-05        5.604204e-25
               82100        1.433810e-04        5.449968e-25
               82200        1.535560e-04        5.015594e-25
               82300        1.485310e-04        5.021461e-25
               82400        1.427330e-04        5.016896e-25
               82500        1.557240e-04        4.979415e-25
               82600        1.510430e-04        5.082828e-25
               82700        1.458380e-04        5.080425e-25
               82800        1.454260e-04        5.083274e-25
               82900        1.484250e-04        5.104702e-25
               83000        9.913000e-05        5.011208e-25
               83100        1.371390e-04        5.009336e-25
               83200        1.549680e-04        5.012450e-25
               83300        9.551700e-05        5.079827e-25
               83400        1.558240e-04        4.861920e-25
               83500        9.515500e-05        4.862357e-25
               83600        1.523430e-04        4.861402e-25
               83700        1.625290e-04        4.863875e-25
               83800        1.612970e-04        5.100850e-25
               83900        1.614110e-04        5.103670e-25
               84000        1.586370e-04        5.103076e-25
               84100        1.418250e-04        5.571486e-25
               84200        1.691420e-04        5.571718e-25
               84300        1.627330e-04        5.558560e-25
               84400        1.997520e-04        5.571718e-25
               84500        1.826410e-04        5.062964e-25
               84600        1.542690e-04        5.062964e-25
               84700        1.602270e-04        5.062964e-25
               84800        1.507630e-04        5.062964e-25
               84900        1.444200e-04        5.062964e-25
               85000        1.439400e-04        5.698976e-25
               85100        1.069430e-04        5.701759e-25
               85200        1.507850e-04        5.698153e-25
               85300        9.822400e-05        5.812830e-25
               85400        1.367490e-04        5.809135e-25
               85500        1.482180e-04        5.808262e-25
               85600        1.396800e-04        5.811497e-25
               85700        1.474460e-04        5.773422e-25
               85800        1.483910e-04        5.056965e-25
               85900        1.479740e-04        5.057037e-25
               86000        9.984800e-05        5.061260e-25
               86100        1.408900e-04        5.093199e-25
               86200        9.514800e-05        6.626579e-25
               86300        1.463280e-04        6.625078e-25
               86400        1.687310e-04        6.625985e-25
               86500        9.477700e-05        6.533597e-25
               86600        1.394490e-04        6.328176e-25
               86700        8.944300e-05        6.325962e-25
               86800        1.323790e-04        6.323672e-25
               86900        1.461370e-04        6.374231e-25
               87000        1.767580e-04        6.535782e-25
               87100        1.562970e-04        6.535212e-25
               87200        1.633210e-04        6.533710e-25
               87300        1.661520e-04        7.167938e-25
               87400        1.640720e-04        7.167938e-25
               87500        1.618030e-04        7.147942e-25
               87600        9.680000e-05        7.167938e-25
               87700        1.593230e-04        6.980305e-25
               87800        1.527400e-04        6.980305e-25
               87900        1.559130e-04        6.980305e-25
               88000        1.539370e-04        6.980305e-25
               88100        1.359750e-04        7.534356e-25
               88200        1.731810e-04        7.534356e-25
               88300        1.439680e-04        7.534356e-25
               88400        1.496300e-04        7.534356e-25
               88500        1.356550e-04        7.489872e-25
               88600        1.485840e-04        7.490109e-25
               88700        1.351400e-04        7.489872e-25
               88800        1.493800e-04        7.489872e-25
               88900        1.425260e-04        7.388480e-25
               89000        1.588980e-04        7.388480e-25
               89100        1.316710e-04        7.388480e-25
               89200        1.487800e-04        7.388480e-25
               89300        1.599790e-04        7.143398e-25
               89400        1.995520e-04        7.143398e-25
               89500        1.548440e-04        7.143398e-25
               89600        1.491000e-04        7.143377e-25
               89700        1.464510e-04        7.143398e-25
               89800        1.359320e-04        6.960968e-25
               89900        1.543830e-04        6.958494e-25
               90000        1.506600e-04        6.879998e-25
               90100        1.457120e-04        6.879998e-25
               90200        1.411540e-04        5.749178e-25
               90300        1.485600e-04        5.748792e-25
               90400        1.510910e-04        5.748792e-25
               90500        1.433870e-04        5.749399e-25
               90600        1.327700e-04        5.896049e-25
               90700        1.443480e-04        5.895878e-25
               90800        1.293020e-04        5.895878e-25
               90900        1.439870e-04        5.895878e-25
               91000        1.347080e-04        5.158951e-25
               91100        1.408980e-04        5.161743e-25
               91200        1.474740e-04        5.158951e-25
               91300        1.532330e-04        5.158951e-25
               91400        1.487430e-04        6.034910e-25
               91500        1.378350e-04        6.034910e-25
               91600        1.363570e-04        6.034910e-25
               91700        1.369350e-04        6.766414e-25
               91800        1.419560e-04        6.766256e-25
               91900        1.421550e-04        6.766256e-25
               92000        1.391710e-04        6.766256e-25
               92100        1.391910e-04        6.595041e-25
               92200        1.398710e-04        6.595041e-25
               92300        1.634990e-04        6.595041e-25
               92400        1.349570e-04        6.595041e-25
               92500        1.345360e-04        6.512583e-25
               92600        1.338060e-04        6.512583e-25
               92700        1.360470e-04        6.512583e-25
               92800        1.319630e-04        6.512583e-25
               92900        1.421940e-04        5.967442e-25
               93000        1.196840e-04        5.967442e-25
               93100        1.421720e-04        5.967442e-25
               93200        1.405350e-04        5.967442e-25
               93300        1.546900e-04        5.399554e-25
               93400        1.372980e-04        5.400276e-25
               93500        1.371300e-04        5.400455e-25
               93600        1.326780e-04        5.400455e-25
               93700        1.305490e-04        5.419806e-25
               93800        1.312630e-04        5.419806e-25
               93900        1.330550e-04        5.419806e-25
               94000        1.591040e-04        5.419806e-25
               94100        1.751100e-04        5.154921e-25
               94200        1.735220e-04        5.154921e-25
               94300        1.602220e-04        5.154921e-25
               94400        1.809110e-04        5.154921e-25
               94500        1.752560e-04        5.164327e-25
               94600        1.433560e-04        5.164327e-25
               94700        1.360460e-04        5.164327e-25
               94800        1.676810e-04        5.164327e-25
               94900        1.788890e-04        5.798145e-25
               95000        1.638300e-04        5.798145e-25
               95100        1.678360e-04        5.798145e-25
               95200        1.416410e-04        5.798145e-25
               95300        1.700240e-04        5.776903e-25
               95400        1.762400e-04        5.776903e-25
               95500        1.618020e-04        5.776903e-25
               95600        1.783960e-04        5.776903e-25
               95700        1.763230e-04        5.918095e-25
               95800        1.748030e-04        5.918095e-25
               95900        1.605010e-04        5.918095e-25
               96000        1.751350e-04        5.918095e-25
               96100        1.760980e-04        5.919219e-25
               96200        1.335520e-04        5.916279e-25
               96300        1.757060e-04        5.913042e-25
               96400        1.434060e-04        5.913562e-25
               96500        2.043410e-04        5.916279e-25
               96600        1.365480e-04        5.776987e-25
               96700        1.804590e-04        5.773021e-25
               96800        1.659640e-04        5.774261e-25
               96900        1.746050e-04        5.710154e-25
               97000        1.741020e-04        4.702275e-25
               97100        1.779080e-04        4.706001e-25
               97200        1.730490e-04        4.703462e-25
               97300        1.762410e-04        4.469817e-25
               97400        1.755250e-04        4.469817e-25
               97500        1.736610e-04        4.469817e-25
               97600        1.469610e-04        4.469817e-25
               97700        1.715850e-04        4.778062e-25
               97800        1.735220e-04        4.778062e-25
               97900        1.738100e-04        4.778062e-25
               98000        1.728850e-04        4.778062e-25
               98100        1.564970e-04        5.139501e-25
               98200        1.721740e-04        5.139501e-25
               98300        1.745370e-04        5.139501e-25
               98400        1.728160e-04        5.139501e-25
               98500        1.728520e-04        5.062747e-25
               98600        1.627140e-04        5.124952e-25
               98700        1.748520e-04        5.129739e-25
               98800        1.746610e-04        5.126188e-25
               98900        1.111460e-04        5.124952e-25
               99000        1.105810e-04        5.218435e-25
               99100        1.104540e-04        5.217689e-25
               99200        1.111660e-04        5.217342e-25
               99300        8.999300e-05        5.112830e-25
               99400        1.145140e-04        5.663076e-25
               99500        1.041280e-04        5.665172e-25
               99600        8.905700e-05        5.667774e-25
               99700        1.301550e-04        5.578599e-25
               99800        1.228790e-04        5.669231e-25
               99900        1.209620e-04        5.667618e-25
              100000        1.282820e-04        5.669485e-25
