Period: 100
               Epoch           Time cost                Loss
                 100        2.349390e-04        1.200501e+05
                 200        1.974510e-04        1.063762e+05
                 300        1.791560e-04        8.956255e+04
                 400        1.919360e-04        7.907924e+04
                 500        1.912690e-04        6.576271e+04
                 600        1.803310e-04        5.908298e+04
                 700        1.904050e-04        5.506606e+04
                 800        1.905410e-04        4.785340e+04
                 900        1.885300e-04        4.098166e+04
                1000        1.885520e-04        3.895694e+04
                1100        1.832190e-04        3.408366e+04
                1200        1.842010e-04        3.171549e+04
                1300        1.842990e-04        2.949555e+04
                1400        1.841030e-04        2.514823e+04
                1500        1.895620e-04        2.372115e+04
                1600        1.408560e-04        2.172488e+04
                1700        1.603870e-04        2.136560e+04
                1800        1.634120e-04        1.697821e+04
                1900        1.804360e-04        1.622199e+04
                2000        2.013080e-04        1.413809e+04
                2100        2.431980e-04        1.304129e+04
                2200        2.507430e-04        1.157960e+04
                2300        2.144390e-04        9.655608e+03
                2400        2.221470e-04        9.486690e+03
                2500        1.860920e-04        8.966254e+03
                2600        1.772940e-04        7.670310e+03
                2700        1.705420e-04        6.959207e+03
                2800        2.271410e-04        6.706830e+03
                2900        2.235450e-04        5.770964e+03
                3000        2.087800e-04        5.202735e+03
                3100        2.198380e-04        4.629701e+03
                3200        2.171090e-04        4.137651e+03
                3300        1.340880e-04        4.032624e+03
                3400        1.335020e-04        3.655723e+03
                3500        1.596360e-04        3.439121e+03
                3600        1.905330e-04        2.845941e+03
                3700        1.899960e-04        2.535179e+03
                3800        1.811110e-04        2.245033e+03
                3900        1.735210e-04        2.056265e+03
                4000        1.733880e-04        1.900556e+03
                4100        1.628300e-04        1.856421e+03
                4200        1.734790e-04        1.650430e+03
                4300        1.755950e-04        1.550856e+03
                4400        1.741320e-04        1.568576e+03
                4500        1.739030e-04        1.304438e+03
                4600        1.738550e-04        1.232893e+03
                4700        1.636840e-04        1.156202e+03
                4800        1.514800e-04        1.020723e+03
                4900        1.516290e-04        1.016373e+03
                5000        1.409230e-04        9.617818e+02
                5100        1.523900e-04        8.233000e+02
                5200        1.519180e-04        8.034011e+02
                5300        1.518350e-04        7.209175e+02
                5400        1.419870e-04        6.668394e+02
                5500        1.515310e-04        5.644058e+02
                5600        1.518160e-04        5.385874e+02
                5700        1.513900e-04        5.341336e+02
                5800        1.513610e-04        4.936977e+02
                5900        1.510410e-04        4.546273e+02
                6000        1.509600e-04        4.054785e+02
                6100        1.513570e-04        3.518667e+02
                6200        1.509430e-04        3.150291e+02
                6300        1.531660e-04        2.940828e+02
                6400        1.537490e-04        2.939744e+02
                6500        1.521180e-04        2.724297e+02
                6600        1.510410e-04        2.576191e+02
                6700        1.509010e-04        2.228636e+02
                6800        1.413000e-04        2.192596e+02
                6900        1.512440e-04        2.046680e+02
                7000        1.506870e-04        1.928938e+02
                7100        1.508100e-04        1.867870e+02
                7200        1.512900e-04        1.627128e+02
                7300        1.414710e-04        1.584177e+02
                7400        1.518190e-04        1.496829e+02
                7500        1.511470e-04        1.309273e+02
                7600        1.505340e-04        1.210658e+02
                7700        1.511730e-04        1.160538e+02
                7800        1.508750e-04        1.071731e+02
                7900        1.511930e-04        1.013105e+02
                8000        1.509890e-04        9.731860e+01
                8100        1.508420e-04        9.280246e+01
                8200        1.514670e-04        9.111794e+01
                8300        1.518600e-04        8.420658e+01
                8400        1.519450e-04        7.743792e+01
                8500        1.516850e-04        6.753917e+01
                8600        1.513730e-04        6.572374e+01
                8700        1.517400e-04        6.121093e+01
                8800        1.516700e-04        5.220827e+01
                8900        1.510320e-04        4.984461e+01
                9000        1.518640e-04        4.637410e+01
                9100        1.517170e-04        4.597949e+01
                9200        1.514150e-04        4.240077e+01
                9300        1.417030e-04        4.020550e+01
                9400        1.516250e-04        3.820743e+01
                9500        1.633110e-04        3.613363e+01
                9600        1.519270e-04        3.567073e+01
                9700        1.514130e-04        3.259849e+01
                9800        1.516700e-04        3.064466e+01
                9900        1.514290e-04        2.754588e+01
               10000        1.947150e-04        2.695466e+01
               10100        2.317820e-04        2.505249e+01
               10200        2.018160e-04        2.420891e+01
               10300        2.139230e-04        2.155299e+01
               10400        1.633220e-04        1.999564e+01
               10500        1.495710e-04        1.689602e+01
               10600        1.539040e-04        1.549589e+01
               10700        1.379360e-04        1.552874e+01
               10800        1.406050e-04        1.524593e+01
               10900        1.627880e-04        1.383958e+01
               11000        1.632500e-04        1.247089e+01
               11100        1.593640e-04        1.130397e+01
               11200        1.573790e-04        1.049335e+01
               11300        1.559060e-04        1.000533e+01
               11400        1.712790e-04        9.413349e+00
               11500        1.534600e-04        8.685728e+00
               11600        1.520570e-04        7.950133e+00
               11700        1.523470e-04        7.620393e+00
               11800        1.525700e-04        7.284473e+00
               11900        1.520240e-04        6.492770e+00
               12000        1.524330e-04        6.247727e+00
               12100        1.526560e-04        6.385068e+00
               12200        1.522180e-04        6.075127e+00
               12300        1.515660e-04        5.439567e+00
               12400        1.520250e-04        5.168177e+00
               12500        1.738560e-04        4.494630e+00
               12600        1.731860e-04        4.491221e+00
               12700        1.603020e-04        4.238068e+00
               12800        1.740050e-04        3.874456e+00
               12900        1.509890e-04        3.524554e+00
               13000        1.518880e-04        3.323150e+00
               13100        1.416520e-04        3.105042e+00
               13200        1.513610e-04        2.990529e+00
               13300        1.511200e-04        2.721616e+00
               13400        1.513310e-04        2.588474e+00
               13500        1.550150e-04        2.341339e+00
               13600        1.521730e-04        2.167590e+00
               13700        1.516100e-04        2.021775e+00
               13800        1.515260e-04        2.042725e+00
               13900        1.515860e-04        1.773017e+00
               14000        1.514160e-04        1.641513e+00
               14100        1.513500e-04        1.613789e+00
               14200        1.514430e-04        1.510673e+00
               14300        1.513150e-04        1.430829e+00
               14400        1.521020e-04        1.330136e+00
               14500        1.508980e-04        1.268309e+00
               14600        1.554300e-04        1.166243e+00
               14700        1.418590e-04        1.054564e+00
               14800        1.512190e-04        1.053184e+00
               14900        1.511190e-04        1.009039e+00
               15000        1.446910e-04        8.577089e-01
               15100        1.348040e-04        8.500289e-01
               15200        1.343340e-04        7.439002e-01
               15300        1.514680e-04        7.352431e-01
               15400        1.515450e-04        6.681082e-01
               15500        1.509210e-04        6.627687e-01
               15600        1.511510e-04        5.873900e-01
               15700        1.523510e-04        5.348642e-01
               15800        1.515190e-04        4.970427e-01
               15900        1.514020e-04        4.527507e-01
               16000        1.513580e-04        4.275157e-01
               16100        1.513160e-04        3.731632e-01
               16200        1.516940e-04        3.553329e-01
               16300        1.516750e-04        3.561527e-01
               16400        1.518790e-04        3.422645e-01
               16500        1.522750e-04        3.172006e-01
               16600        1.516740e-04        2.872091e-01
               16700        1.563200e-04        2.720902e-01
               16800        1.517000e-04        2.755852e-01
               16900        1.519560e-04        2.474352e-01
               17000        1.519110e-04        2.253519e-01
               17100        1.417770e-04        2.200424e-01
               17200        1.520630e-04        2.049988e-01
               17300        1.518720e-04        1.954399e-01
               17400        1.511520e-04        1.704356e-01
               17500        1.514260e-04        1.658449e-01
               17600        1.521550e-04        1.672071e-01
               17700        1.520830e-04        1.516938e-01
               17800        1.556710e-04        1.408465e-01
               17900        1.518820e-04        1.396377e-01
               18000        1.524550e-04        1.330547e-01
               18100        1.511580e-04        1.167617e-01
               18200        1.524290e-04        1.093755e-01
               18300        1.733020e-04        9.226368e-02
               18400        2.341720e-04        9.196625e-02
               18500        1.932840e-04        7.817922e-02
               18600        2.090630e-04        7.433865e-02
               18700        1.717160e-04        7.310850e-02
               18800        1.610720e-04        7.146615e-02
               18900        1.541590e-04        7.228214e-02
               19000        1.682810e-04        6.582310e-02
               19100        1.749590e-04        6.700886e-02
               19200        1.405390e-04        6.372768e-02
               19300        1.523350e-04        5.645194e-02
               19400        1.624420e-04        5.123637e-02
               19500        1.566680e-04        4.865116e-02
               19600        1.592090e-04        4.484153e-02
               19700        1.525430e-04        4.013589e-02
               19800        1.523650e-04        4.068789e-02
               19900        1.517690e-04        3.831154e-02
               20000        1.522380e-04        3.348824e-02
               20100        1.502600e-04        3.023110e-02
               20200        1.306890e-04        3.067888e-02
               20300        1.312030e-04        3.020271e-02
               20400        1.305610e-04        2.765284e-02
               20500        1.308650e-04        2.743253e-02
               20600        1.308200e-04        2.799438e-02
               20700        1.349150e-04        2.450538e-02
               20800        1.312410e-04        2.293552e-02
               20900        1.304400e-04        2.135847e-02
               21000        1.308450e-04        1.927942e-02
               21100        1.311420e-04        1.865511e-02
               21200        1.308880e-04        1.723955e-02
               21300        1.309140e-04        1.628028e-02
               21400        1.304740e-04        1.599150e-02
               21500        1.306240e-04        1.524485e-02
               21600        1.306350e-04        1.443489e-02
               21700        1.519000e-04        1.334007e-02
               21800        1.638850e-04        1.307517e-02
               21900        1.328930e-04        1.100731e-02
               22000        1.497280e-04        1.113496e-02
               22100        1.488120e-04        1.047389e-02
               22200        1.488410e-04        9.333649e-03
               22300        1.493420e-04        8.962197e-03
               22400        1.490560e-04        8.522758e-03
               22500        1.386860e-04        7.744200e-03
               22600        1.486630e-04        7.304993e-03
               22700        1.486820e-04        6.703882e-03
               22800        1.491050e-04        6.568305e-03
               22900        1.536140e-04        5.727616e-03
               23000        1.486770e-04        5.508898e-03
               23100        1.495380e-04        5.101721e-03
               23200        1.487540e-04        4.780840e-03
               23300        1.489730e-04        4.571951e-03
               23400        1.491890e-04        4.292236e-03
               23500        1.388850e-04        4.120466e-03
               23600        1.592060e-04        4.064409e-03
               23700        1.727790e-04        4.060686e-03
               23800        1.722390e-04        3.739489e-03
               23900        1.720090e-04        3.350140e-03
               24000        1.716790e-04        3.209856e-03
               24100        1.716420e-04        3.213688e-03
               24200        1.721480e-04        2.936977e-03
               24300        1.723490e-04        2.785583e-03
               24400        1.717070e-04        2.557275e-03
               24500        1.734150e-04        2.391038e-03
               24600        1.614360e-04        2.419228e-03
               24700        1.708940e-04        2.257374e-03
               24800        1.715870e-04        2.055277e-03
               24900        1.719100e-04        1.772429e-03
               25000        1.623080e-04        1.906742e-03
               25100        1.615550e-04        1.858906e-03
               25200        1.637360e-04        1.680399e-03
               25300        1.346800e-04        1.624055e-03
               25400        1.340920e-04        1.517055e-03
               25500        1.349170e-04        1.434310e-03
               25600        1.342950e-04        1.373085e-03
               25700        1.343100e-04        1.257780e-03
               25800        1.332500e-04        1.209624e-03
               25900        1.337170e-04        1.148410e-03
               26000        1.335610e-04        1.022385e-03
               26100        1.335910e-04        9.941542e-04
               26200        1.333170e-04        9.833260e-04
               26300        1.334180e-04        9.000857e-04
               26400        1.334400e-04        8.109191e-04
               26500        1.335390e-04        8.027034e-04
               26600        1.793360e-04        7.499146e-04
               26700        2.164370e-04        7.850831e-04
               26800        1.858160e-04        7.415910e-04
               26900        1.893570e-04        6.581441e-04
               27000        1.687790e-04        6.144213e-04
               27100        1.494670e-04        5.821631e-04
               27200        1.532770e-04        5.005310e-04
               27300        1.358080e-04        4.687919e-04
               27400        1.398520e-04        4.536540e-04
               27500        1.623290e-04        4.415250e-04
               27600        1.664930e-04        4.046026e-04
               27700        1.758040e-04        4.199152e-04
               27800        1.463330e-04        3.870800e-04
               27900        1.418160e-04        3.471584e-04
               28000        1.403400e-04        3.025715e-04
               28100        1.572660e-04        2.989468e-04
               28200        1.456600e-04        2.798547e-04
               28300        1.438410e-04        2.626514e-04
               28400        1.537690e-04        2.492722e-04
               28500        1.527100e-04        2.324079e-04
               28600        1.520450e-04        2.224721e-04
               28700        1.522450e-04        1.978030e-04
               28800        1.517200e-04        2.016376e-04
               28900        1.524230e-04        2.014600e-04
               29000        1.517780e-04        1.763076e-04
               29100        1.519960e-04        1.604394e-04
               29200        1.514280e-04        1.583135e-04
               29300        1.516540e-04        1.592829e-04
               29400        1.419440e-04        1.414232e-04
               29500        1.513330e-04        1.282181e-04
               29600        1.523240e-04        1.181066e-04
               29700        1.514750e-04        1.110521e-04
               29800        1.511430e-04        1.036457e-04
               29900        1.516460e-04        1.020353e-04
               30000        1.379870e-04        9.558488e-05
               30100        1.441940e-04        8.384374e-05
               30200        1.527990e-04        7.730841e-05
               30300        1.523250e-04        7.175687e-05
               30400        1.520810e-04        6.808931e-05
               30500        1.518500e-04        6.388300e-05
               30600        1.524020e-04        5.396949e-05
               30700        1.512860e-04        5.243018e-05
               30800        1.513400e-04        5.070627e-05
               30900        1.512840e-04        5.313653e-05
               31000        1.506350e-04        5.293376e-05
               31100        1.519680e-04        4.838973e-05
               31200        1.520010e-04        4.421338e-05
               31300        1.517570e-04        4.031726e-05
               31400        1.505990e-04        3.529729e-05
               31500        1.407740e-04        3.573261e-05
               31600        1.516050e-04        3.355074e-05
               31700        1.512980e-04        2.792923e-05
               31800        1.507280e-04        2.621570e-05
               31900        1.510170e-04        2.621917e-05
               32000        1.517770e-04        2.432100e-05
               32100        1.511500e-04        2.145258e-05
               32200        1.521850e-04        2.054746e-05
               32300        1.517380e-04        1.988549e-05
               32400        1.635010e-04        1.957827e-05
               32500        1.423650e-04        1.916726e-05
               32600        1.514210e-04        1.845106e-05
               32700        1.511430e-04        1.750712e-05
               32800        1.518380e-04        1.544469e-05
               32900        1.523410e-04        1.403387e-05
               33000        1.520650e-04        1.300576e-05
               33100        1.512100e-04        1.198953e-05
               33200        1.520260e-04        1.092297e-05
               33300        1.511400e-04        1.004201e-05
               33400        1.514200e-04        9.323975e-06
               33500        1.509400e-04        8.562304e-06
               33600        1.516400e-04        8.837830e-06
               33700        1.409570e-04        9.135306e-06
               33800        1.515880e-04        8.156817e-06
               33900        1.510980e-04        8.493559e-06
               34000        1.519280e-04        7.884779e-06
               34100        1.522160e-04        7.937159e-06
               34200        1.416060e-04        7.436089e-06
               34300        1.514450e-04        7.041297e-06
               34400        1.518910e-04        6.619576e-06
               34500        1.506340e-04        6.560463e-06
               34600        1.515850e-04        5.805660e-06
               34700        1.509540e-04        5.320579e-06
               34800        1.943690e-04        4.970489e-06
               34900        2.308580e-04        4.301506e-06
               35000        2.022270e-04        4.269553e-06
               35100        2.126060e-04        4.180899e-06
               35200        1.632680e-04        3.843125e-06
               35300        1.625830e-04        3.715620e-06
               35400        1.559080e-04        3.428149e-06
               35500        1.386840e-04        3.343164e-06
               35600        1.412510e-04        3.122453e-06
               35700        1.649670e-04        2.921600e-06
               35800        1.654590e-04        2.690408e-06
               35900        1.637490e-04        2.625270e-06
               36000        1.493080e-04        2.625941e-06
               36100        1.883260e-04        2.266851e-06
               36200        1.544540e-04        2.204803e-06
               36300        1.446250e-04        2.007962e-06
               36400        1.534480e-04        1.775541e-06
               36500        1.523190e-04        1.758911e-06
               36600        1.522680e-04        1.666473e-06
               36700        1.525590e-04        1.573636e-06
               36800        1.521080e-04        1.513429e-06
               36900        1.517740e-04        1.612873e-06
               37000        1.513500e-04        1.415420e-06
               37100        1.375890e-04        1.293941e-06
               37200        1.582400e-04        1.184582e-06
               37300        1.552710e-04        1.120902e-06
               37400        1.527030e-04        1.085469e-06
               37500        1.541240e-04        9.690006e-07
               37600        1.527160e-04        9.393150e-07
               37700        1.534240e-04        8.593022e-07
               37800        1.516620e-04        8.192162e-07
               37900        1.512140e-04        8.537392e-07
               38000        1.512780e-04        7.414265e-07
               38100        1.518610e-04        7.147382e-07
               38200        1.515790e-04        6.436938e-07
               38300        1.519760e-04        6.071267e-07
               38400        1.520690e-04        5.817994e-07
               38500        1.512190e-04        5.442984e-07
               38600        1.509540e-04        5.516909e-07
               38700        1.519740e-04        4.798274e-07
               38800        1.515700e-04        4.430024e-07
               38900        1.512260e-04        4.154388e-07
               39000        1.506610e-04        4.029152e-07
               39100        1.512320e-04        3.931624e-07
               39200        1.522160e-04        3.447643e-07
               39300        1.520080e-04        3.215848e-07
               39400        1.510900e-04        3.179253e-07
               39500        1.514100e-04        3.236746e-07
               39600        1.509610e-04        2.813605e-07
               39700        1.510900e-04        2.608776e-07
               39800        1.523190e-04        2.363104e-07
               39900        1.508060e-04        2.154491e-07
               40000        1.416990e-04        2.049861e-07
               40100        1.509440e-04        1.982894e-07
               40200        1.510050e-04        1.837114e-07
               40300        1.558330e-04        1.598312e-07
               40400        1.410430e-04        1.477617e-07
               40500        1.508210e-04        1.393386e-07
               40600        1.509120e-04        1.346723e-07
               40700        1.511100e-04        1.262743e-07
               40800        1.512570e-04        1.178032e-07
               40900        1.510570e-04        1.036253e-07
               41000        1.512500e-04        9.732825e-08
               41100        1.408940e-04        9.065751e-08
               41200        1.512380e-04        9.116171e-08
               41300        1.511650e-04        7.795787e-08
               41400        1.419650e-04        7.619882e-08
               41500        1.518260e-04        7.056066e-08
               41600        1.508990e-04        6.501171e-08
               41700        1.510780e-04        6.686839e-08
               41800        1.512370e-04        6.414106e-08
               41900        1.512330e-04        5.714560e-08
               42000        1.511940e-04        5.530337e-08
               42100        1.506970e-04        4.726282e-08
               42200        1.511200e-04        4.668426e-08
               42300        1.518370e-04        4.835304e-08
               42400        1.411240e-04        4.598339e-08
               42500        1.515860e-04        4.332378e-08
               42600        1.512270e-04        3.920349e-08
               42700        1.512470e-04        3.613144e-08
               42800        1.512860e-04        3.354578e-08
               42900        1.510420e-04        3.373801e-08
               43000        1.837230e-04        3.080695e-08
               43100        2.319190e-04        2.837457e-08
               43200        2.011080e-04        2.584829e-08
               43300        2.160610e-04        2.494238e-08
               43400        1.703400e-04        2.206531e-08
               43500        1.627040e-04        2.149996e-08
               43600        1.555340e-04        2.176092e-08
               43700        1.391890e-04        1.828482e-08
               43800        1.409300e-04        1.724154e-08
               43900        1.640080e-04        1.612992e-08
               44000        1.654870e-04        1.504317e-08
               44100        1.632610e-04        1.463465e-08
               44200        1.632040e-04        1.429555e-08
               44300        1.912970e-04        1.344824e-08
               44400        1.551070e-04        1.319872e-08
               44500        1.542410e-04        1.211402e-08
               44600        1.533760e-04        1.083041e-08
               44700        1.525790e-04        1.103620e-08
               44800        1.633330e-04        1.077644e-08
               44900        1.525910e-04        9.685614e-09
               45000        1.521160e-04        9.092320e-09
               45100        1.518720e-04        8.495621e-09
               45200        1.412000e-04        8.782824e-09
               45300        1.516930e-04        7.894654e-09
               45400        1.522030e-04        7.668821e-09
               45500        1.523350e-04        7.141114e-09
               45600        1.508220e-04        6.812146e-09
               45700        1.515160e-04        6.153961e-09
               45800        1.514380e-04        6.182509e-09
               45900        1.517740e-04        6.118098e-09
               46000        1.512210e-04        5.653658e-09
               46100        1.509000e-04        5.124718e-09
               46200        1.517150e-04        4.618622e-09
               46300        1.537940e-04        4.406472e-09
               46400        1.570890e-04        4.232507e-09
               46500        1.512500e-04        4.420520e-09
               46600        1.510710e-04        3.956422e-09
               46700        1.524980e-04        3.721136e-09
               46800        1.517220e-04        3.500681e-09
               46900        1.515910e-04        3.266279e-09
               47000        1.513070e-04        3.046188e-09
               47100        1.415900e-04        2.878975e-09
               47200        1.513500e-04        2.731452e-09
               47300        1.515490e-04        2.712036e-09
               47400        1.376810e-04        2.476017e-09
               47500        1.472260e-04        2.368306e-09
               47600        1.546030e-04        2.206920e-09
               47700        1.538680e-04        2.027965e-09
               47800        1.526960e-04        1.859569e-09
               47900        1.522510e-04        1.873055e-09
               48000        1.519160e-04        1.782631e-09
               48100        1.514720e-04        1.669777e-09
               48200        1.518170e-04        1.584408e-09
               48300        1.514350e-04        1.496318e-09
               48400        1.516800e-04        1.362456e-09
               48500        1.516790e-04        1.296807e-09
               48600        1.520130e-04        1.245670e-09
               48700        1.518940e-04        1.201205e-09
               48800        1.513390e-04        1.157478e-09
               48900        1.502430e-04        1.114891e-09
               49000        1.512410e-04        1.090792e-09
               49100        1.513290e-04        1.017297e-09
               49200        1.505960e-04        9.503497e-10
               49300        1.512410e-04        8.883762e-10
               49400        1.516000e-04        8.926911e-10
               49500        1.511450e-04        8.985555e-10
               49600        1.513370e-04        8.273378e-10
               49700        1.511640e-04        7.525996e-10
               49800        1.510610e-04        7.103522e-10
               49900        1.521880e-04        6.731806e-10
               50000        1.511920e-04        5.755785e-10
               50100        1.509410e-04        5.599814e-10
               50200        1.510120e-04        5.407259e-10
               50300        1.516600e-04        4.976479e-10
               50400        1.510820e-04        4.686592e-10
               50500        1.517610e-04        4.899538e-10
               50600        1.507100e-04        4.489489e-10
               50700        1.508640e-04        4.392524e-10
               50800        1.516590e-04        3.907349e-10
               50900        1.513980e-04        3.702779e-10
               51000        1.516710e-04        3.433614e-10
               51100        1.513740e-04        3.136718e-10
               51200        1.929120e-04        2.881795e-10
               51300        2.312910e-04        2.659502e-10
               51400        1.992570e-04        2.618102e-10
               51500        2.079200e-04        2.380544e-10
               51600        1.700130e-04        2.190530e-10
               51700        1.613100e-04        2.214000e-10
               51800        1.554390e-04        1.979752e-10
               51900        1.368290e-04        1.828935e-10
               52000        1.401460e-04        1.758962e-10
               52100        1.637090e-04        1.628571e-10
               52200        1.638130e-04        1.535780e-10
               52300        1.617450e-04        1.507677e-10
               52400        1.595290e-04        1.307705e-10
               52500        1.783890e-04        1.305218e-10
               52600        1.537200e-04        1.213019e-10
               52700        1.526720e-04        1.218562e-10
               52800        1.530220e-04        1.035496e-10
               52900        1.412580e-04        9.558769e-11
               53000        1.516760e-04        9.515776e-11
               53100        1.501260e-04        9.136592e-11
               53200        1.406270e-04        7.920702e-11
               53300        1.497710e-04        7.344348e-11
               53400        1.416580e-04        7.085866e-11
               53500        1.503730e-04        6.857449e-11
               53600        1.506980e-04        6.388703e-11
               53700        1.503320e-04        6.412521e-11
               53800        1.499880e-04        6.115016e-11
               53900        1.497830e-04        5.998867e-11
               54000        1.502680e-04        5.214079e-11
               54100        1.501090e-04        4.862079e-11
               54200        1.498550e-04        4.849425e-11
               54300        1.495660e-04        4.811366e-11
               54400        1.504500e-04        4.385320e-11
               54500        1.503930e-04        3.784860e-11
               54600        1.531480e-04        3.538544e-11
               54700        1.497920e-04        3.420846e-11
               54800        1.497540e-04        3.122504e-11
               54900        1.494720e-04        2.984314e-11
               55000        1.497890e-04        2.941909e-11
               55100        1.346120e-04        2.630956e-11
               55200        1.550240e-04        2.649202e-11
               55300        1.524270e-04        2.469131e-11
               55400        1.521780e-04        2.248683e-11
               55500        1.509250e-04        2.478325e-11
               55600        1.434570e-04        2.432729e-11
               55700        1.538340e-04        2.092395e-11
               55800        1.517790e-04        1.956570e-11
               55900        1.507150e-04        1.863073e-11
               56000        1.512280e-04        1.736100e-11
               56100        1.503170e-04        1.605449e-11
               56200        1.504910e-04        1.597514e-11
               56300        1.496550e-04        1.444807e-11
               56400        1.499190e-04        1.436464e-11
               56500        1.502660e-04        1.384883e-11
               56600        1.498530e-04        1.316368e-11
               56700        1.542600e-04        1.339230e-11
               56800        1.499080e-04        1.218299e-11
               56900        1.497080e-04        1.178254e-11
               57000        1.495370e-04        1.122702e-11
               57100        1.506680e-04        1.029860e-11
               57200        1.498420e-04        9.299553e-12
               57300        1.496400e-04        8.773074e-12
               57400        1.498610e-04        7.697332e-12
               57500        1.498060e-04        7.497060e-12
               57600        1.498150e-04        7.017366e-12
               57700        1.397860e-04        6.806372e-12
               57800        1.588410e-04        6.689629e-12
               57900        1.499510e-04        6.076455e-12
               58000        1.498290e-04        6.094680e-12
               58100        1.500780e-04        5.539671e-12
               58200        1.498350e-04        5.082054e-12
               58300        1.532750e-04        4.675186e-12
               58400        1.396240e-04        4.725762e-12
               58500        1.497770e-04        4.075677e-12
               58600        1.500380e-04        4.053826e-12
               58700        1.501890e-04        3.959386e-12
               58800        1.399390e-04        3.708082e-12
               58900        1.411920e-04        3.438288e-12
               59000        1.430200e-04        3.055708e-12
               59100        1.469360e-04        2.924663e-12
               59200        1.383210e-04        3.060058e-12
               59300        1.476550e-04        2.722725e-12
               59400        1.653500e-04        2.724025e-12
               59500        2.224000e-04        2.626297e-12
               59600        1.920190e-04        2.595159e-12
               59700        2.092090e-04        2.367321e-12
               59800        1.408380e-04        2.091089e-12
               59900        1.405980e-04        1.896511e-12
               60000        1.541200e-04        1.922772e-12
               60100        1.865090e-04        1.774244e-12
               60200        2.013200e-04        1.743960e-12
               60300        1.947450e-04        1.540076e-12
               60400        1.998930e-04        1.456440e-12
               60500        1.948960e-04        1.407650e-12
               60600        1.759710e-04        1.312943e-12
               60700        1.890880e-04        1.231377e-12
               60800        1.862310e-04        1.085033e-12
               60900        2.192990e-04        1.026023e-12
               61000        1.727800e-04        9.833339e-13
               61100        1.880580e-04        9.702235e-13
               61200        1.774470e-04        9.404352e-13
               61300        1.858870e-04        8.727956e-13
               61400        1.871580e-04        8.497879e-13
               61500        1.874680e-04        7.685245e-13
               61600        1.631950e-04        8.292757e-13
               61700        1.724150e-04        7.063892e-13
               61800        1.623120e-04        6.699540e-13
               61900        1.502370e-04        5.940289e-13
               62000        1.504750e-04        5.204190e-13
               62100        1.505010e-04        4.748672e-13
               62200        1.501480e-04        4.442102e-13
               62300        1.503900e-04        4.217091e-13
               62400        1.498530e-04        4.068577e-13
               62500        1.496430e-04        3.674487e-13
               62600        1.542890e-04        3.556773e-13
               62700        1.502230e-04        3.168227e-13
               62800        1.497000e-04        3.060877e-13
               62900        1.494690e-04        3.035127e-13
               63000        1.496820e-04        3.020498e-13
               63100        1.501560e-04        2.779159e-13
               63200        1.491740e-04        2.624904e-13
               63300        1.402600e-04        2.702829e-13
               63400        1.501150e-04        2.544881e-13
               63500        1.500380e-04        2.292255e-13
               63600        1.498270e-04        2.130489e-13
               63700        1.531310e-04        1.986933e-13
               63800        1.498280e-04        1.828302e-13
               63900        1.492550e-04        1.871401e-13
               64000        1.497220e-04        1.807659e-13
               64100        1.498450e-04        1.566082e-13
               64200        1.500270e-04        1.511741e-13
               64300        1.400900e-04        1.357784e-13
               64400        1.497740e-04        1.304860e-13
               64500        1.498250e-04        1.200445e-13
               64600        1.496200e-04        1.261287e-13
               64700        1.497400e-04        1.134808e-13
               64800        1.497470e-04        1.047541e-13
               64900        1.397810e-04        1.010769e-13
               65000        1.496460e-04        9.566631e-14
               65100        1.495560e-04        8.930324e-14
               65200        1.494360e-04        8.302365e-14
               65300        1.737910e-04        7.715617e-14
               65400        1.497990e-04        7.200259e-14
               65500        1.497460e-04        7.287997e-14
               65600        1.377280e-04        6.734793e-14
               65700        1.511010e-04        6.409940e-14
               65800        1.506510e-04        5.824891e-14
               65900        1.500130e-04        5.684750e-14
               66000        1.400510e-04        5.422452e-14
               66100        1.401810e-04        4.783615e-14
               66200        1.504210e-04        4.446879e-14
               66300        1.499300e-04        4.173926e-14
               66400        1.499700e-04        4.267254e-14
               66500        1.496730e-04        3.793026e-14
               66600        1.495980e-04        3.817954e-14
               66700        1.496180e-04        3.406813e-14
               66800        1.497930e-04        3.169297e-14
               66900        1.497730e-04        2.906754e-14
               67000        1.503390e-04        2.769641e-14
               67100        1.498490e-04        2.682886e-14
               67200        1.493160e-04        2.382076e-14
               67300        1.501590e-04        2.431038e-14
               67400        1.903190e-04        2.223731e-14
               67500        2.290310e-04        2.116935e-14
               67600        1.972580e-04        2.143675e-14
               67700        2.148330e-04        2.003768e-14
               67800        1.711320e-04        1.848506e-14
               67900        1.610350e-04        1.610514e-14
               68000        1.536530e-04        1.558676e-14
               68100        1.366760e-04        1.482128e-14
               68200        1.386220e-04        1.348269e-14
               68300        1.628760e-04        1.233241e-14
               68400        1.516310e-04        1.149808e-14
               68500        1.619120e-04        1.044046e-14
               68600        1.602690e-04        9.674530e-15
               68700        1.560650e-04        8.971510e-15
               68800        1.387450e-04        8.465686e-15
               68900        1.400040e-04        7.974633e-15
               69000        1.481060e-04        7.893301e-15
               69100        1.393240e-04        6.894829e-15
               69200        1.411910e-04        6.209880e-15
               69300        1.556460e-04        6.668532e-15
               69400        1.549010e-04        6.618931e-15
               69500        1.542140e-04        6.082807e-15
               69600        1.529680e-04        5.425108e-15
               69700        1.585700e-04        4.597346e-15
               69800        1.513540e-04        4.335292e-15
               69900        1.519970e-04        4.367550e-15
               70000        1.733270e-04        4.321891e-15
               70100        1.731120e-04        4.197963e-15
               70200        1.750720e-04        3.794941e-15
               70300        1.338960e-04        3.798281e-15
               70400        1.322360e-04        3.704446e-15
               70500        1.513390e-04        3.510981e-15
               70600        1.319530e-04        3.248226e-15
               70700        1.326420e-04        3.009216e-15
               70800        1.319410e-04        2.659620e-15
               70900        1.324200e-04        2.527350e-15
               71000        1.321450e-04        2.362740e-15
               71100        1.322440e-04        2.174500e-15
               71200        1.325200e-04        2.024602e-15
               71300        1.324280e-04        1.896983e-15
               71400        1.322580e-04        1.976023e-15
               71500        1.324570e-04        1.796581e-15
               71600        1.321890e-04        1.670247e-15
               71700        1.320500e-04        1.494374e-15
               71800        1.321460e-04        1.393248e-15
               71900        1.325140e-04        1.360689e-15
               72000        1.324790e-04        1.345337e-15
               72100        1.323670e-04        1.206211e-15
               72200        1.319120e-04        1.057692e-15
               72300        1.321770e-04        9.743315e-16
               72400        1.328090e-04        9.972320e-16
               72500        1.322730e-04        8.208277e-16
               72600        1.321290e-04        7.563273e-16
               72700        1.353970e-04        7.087032e-16
               72800        1.376180e-04        6.875294e-16
               72900        1.370820e-04        6.723933e-16
               73000        1.380850e-04        6.084596e-16
               73100        1.364980e-04        5.578274e-16
               73200        1.426610e-04        5.521105e-16
               73300        1.528820e-04        5.127274e-16
               73400        1.521060e-04        5.101624e-16
               73500        1.519570e-04        5.372295e-16
               73600        1.503190e-04        4.754459e-16
               73700        1.629900e-04        3.975057e-16
               73800        1.722230e-04        3.855255e-16
               73900        1.626860e-04        3.686146e-16
               74000        1.607920e-04        3.864646e-16
               74100        1.724120e-04        3.654659e-16
               74200        1.724230e-04        3.381924e-16
               74300        1.729430e-04        3.162504e-16
               74400        1.728570e-04        2.879614e-16
               74500        1.494000e-04        2.743582e-16
               74600        1.499620e-04        2.518610e-16
               74700        1.497690e-04        2.187538e-16
               74800        1.497660e-04        2.165655e-16
               74900        1.494630e-04        2.017530e-16
               75000        1.541000e-04        1.861825e-16
               75100        1.400410e-04        1.689433e-16
               75200        1.492750e-04        1.670101e-16
               75300        1.502930e-04        1.412287e-16
               75400        1.495700e-04        1.438237e-16
               75500        1.499950e-04        1.495088e-16
               75600        1.898300e-04        1.364500e-16
               75700        2.278820e-04        1.290526e-16
               75800        2.002550e-04        1.201028e-16
               75900        2.205180e-04        1.153971e-16
               76000        1.516620e-04        1.139729e-16
               76100        1.420320e-04        1.046673e-16
               76200        1.369710e-04        9.887255e-17
               76300        1.395550e-04        9.551025e-17
               76400        1.382580e-04        8.312899e-17
               76500        1.617860e-04        8.301065e-17
               76600        1.656670e-04        7.847071e-17
               76700        1.617650e-04        7.333347e-17
               76800        1.613750e-04        6.539535e-17
               76900        1.680250e-04        6.295875e-17
               77000        1.539940e-04        5.880475e-17
               77100        1.428870e-04        5.470341e-17
               77200        1.533620e-04        5.281998e-17
               77300        1.508140e-04        4.536281e-17
               77400        1.503910e-04        4.445883e-17
               77500        1.511400e-04        4.251864e-17
               77600        1.505980e-04        4.035981e-17
               77700        1.509710e-04        4.008308e-17
               77800        1.500120e-04        3.644904e-17
               77900        1.502920e-04        3.500328e-17
               78000        1.501860e-04        3.155458e-17
               78100        1.502370e-04        3.008860e-17
               78200        1.496270e-04        2.731373e-17
               78300        1.502860e-04        2.546107e-17
               78400        1.501100e-04        2.436195e-17
               78500        1.492960e-04        2.211373e-17
               78600        1.495780e-04        2.089076e-17
               78700        1.500820e-04        1.950622e-17
               78800        1.495960e-04        1.930760e-17
               78900        1.507050e-04        1.866667e-17
               79000        1.550970e-04        1.683365e-17
               79100        1.499160e-04        1.628872e-17
               79200        1.502410e-04        1.522234e-17
               79300        1.494780e-04        1.497808e-17
               79400        1.502560e-04        1.413209e-17
               79500        1.495120e-04        1.393309e-17
               79600        1.498130e-04        1.311203e-17
               79700        1.400130e-04        1.216985e-17
               79800        1.499130e-04        1.118328e-17
               79900        1.500740e-04        1.053819e-17
               80000        1.397870e-04        9.857162e-18
               80100        1.548160e-04        9.122669e-18
               80200        1.503390e-04        8.142243e-18
               80300        1.499130e-04        7.742825e-18
               80400        1.497680e-04        7.426836e-18
               80500        1.497400e-04        6.935708e-18
               80600        1.506150e-04        6.687147e-18
               80700        1.500200e-04        6.621210e-18
               80800        1.498890e-04        5.993080e-18
               80900        1.497400e-04        5.681023e-18
               81000        1.499630e-04        5.641233e-18
               81100        1.421520e-04        4.895276e-18
               81200        1.537010e-04        4.531285e-18
               81300        1.527400e-04        4.129655e-18
               81400        1.515570e-04        3.869052e-18
               81500        1.503250e-04        3.681675e-18
               81600        1.498460e-04        3.458435e-18
               81700        1.498030e-04        3.238981e-18
               81800        1.396930e-04        3.174962e-18
               81900        1.498610e-04        3.416895e-18
               82000        1.501080e-04        3.081212e-18
               82100        1.498020e-04        2.930260e-18
               82200        1.503290e-04        2.721392e-18
               82300        1.498040e-04        2.700509e-18
               82400        1.505720e-04        2.560780e-18
               82500        1.496620e-04        2.547467e-18
               82600        1.499480e-04        2.541147e-18
               82700        1.495400e-04        2.411800e-18
               82800        1.496950e-04        2.194406e-18
               82900        1.495120e-04        2.005293e-18
               83000        1.500430e-04        1.975061e-18
               83100        1.401680e-04        1.902147e-18
               83200        1.498630e-04        1.695256e-18
               83300        1.540860e-04        1.476287e-18
               83400        1.498220e-04        1.349564e-18
               83500        1.497020e-04        1.224363e-18
               83600        1.496150e-04        1.166416e-18
               83700        1.502620e-04        1.046204e-18
               83800        1.495800e-04        9.282737e-19
               83900        1.891730e-04        9.175998e-19
               84000        2.285200e-04        8.571446e-19
               84100        2.022590e-04        8.952791e-19
               84200        2.234630e-04        8.375109e-19
               84300        1.597290e-04        7.718817e-19
               84400        1.610820e-04        7.532835e-19
               84500        1.554030e-04        7.283859e-19
               84600        1.396220e-04        7.279049e-19
               84700        1.393150e-04        6.944471e-19
               84800        1.621170e-04        6.968900e-19
               84900        1.652770e-04        6.747087e-19
               85000        1.608220e-04        5.758750e-19
               85100        1.635560e-04        5.500440e-19
               85200        1.534550e-04        5.366456e-19
               85300        1.540400e-04        4.518728e-19
               85400        1.534170e-04        4.430524e-19
               85500        1.522220e-04        4.162529e-19
               85600        1.422840e-04        3.861998e-19
               85700        1.518670e-04        3.711246e-19
               85800        1.522620e-04        3.479616e-19
               85900        1.504450e-04        3.215055e-19
               86000        1.423650e-04        2.958713e-19
               86100        1.338340e-04        2.979085e-19
               86200        1.317220e-04        2.643847e-19
               86300        1.321750e-04        2.537083e-19
               86400        1.321610e-04        2.363439e-19
               86500        1.328460e-04        2.166551e-19
               86600        1.317010e-04        2.125156e-19
               86700        1.317330e-04        1.964015e-19
               86800        1.318540e-04        1.872909e-19
               86900        1.318720e-04        1.811189e-19
               87000        1.319300e-04        1.806660e-19
               87100        1.320200e-04        1.606874e-19
               87200        1.319300e-04        1.511348e-19
               87300        1.324200e-04        1.335519e-19
               87400        1.328030e-04        1.274442e-19
               87500        1.322830e-04        1.168198e-19
               87600        1.328550e-04        1.200074e-19
               87700        1.328020e-04        1.191847e-19
               87800        1.328330e-04        1.147895e-19
               87900        1.324050e-04        9.792354e-20
               88000        1.321230e-04        9.395628e-20
               88100        1.323930e-04        8.328934e-20
               88200        1.322690e-04        8.126147e-20
               88300        1.323020e-04        7.782130e-20
               88400        1.325690e-04        7.792770e-20
               88500        1.324630e-04        6.960563e-20
               88600        1.319950e-04        6.037128e-20
               88700        1.320670e-04        5.864775e-20
               88800        1.390780e-04        5.421651e-20
               88900        1.494400e-04        5.152970e-20
               89000        1.493030e-04        4.420178e-20
               89100        1.492450e-04        4.299019e-20
               89200        1.492940e-04        4.017209e-20
               89300        1.495750e-04        3.890615e-20
               89400        1.497290e-04        3.563751e-20
               89500        1.403560e-04        3.595407e-20
               89600        1.494040e-04        3.612284e-20
               89700        1.492900e-04        3.403267e-20
               89800        1.497320e-04        2.912956e-20
               89900        1.492420e-04        2.691303e-20
               90000        1.495140e-04        2.473997e-20
               90100        1.493900e-04        2.497850e-20
               90200        1.492130e-04        2.416558e-20
               90300        1.496780e-04        2.208416e-20
               90400        1.500250e-04        2.088345e-20
               90500        1.498380e-04        1.988491e-20
               90600        1.492360e-04        1.953341e-20
               90700        1.495920e-04        1.763938e-20
               90800        1.497550e-04        1.698664e-20
               90900        1.650360e-04        1.619673e-20
               91000        1.373140e-04        1.613372e-20
               91100        1.355410e-04        1.418380e-20
               91200        1.336040e-04        1.425956e-20
               91300        1.409390e-04        1.319642e-20
               91400        1.512840e-04        1.177119e-20
               91500        1.500260e-04        1.093851e-20
               91600        1.500320e-04        1.045342e-20
               91700        1.500470e-04        9.456618e-21
               91800        1.495100e-04        9.282896e-21
               91900        1.502280e-04        8.798615e-21
               92000        1.287060e-04        7.465615e-21
               92100        1.282960e-04        7.249091e-21
               92200        1.284360e-04        6.367831e-21
               92300        1.639870e-04        5.877184e-21
               92400        2.076680e-04        5.258773e-21
               92500        1.846100e-04        4.980190e-21
               92600        1.949360e-04        5.236976e-21
               92700        1.877850e-04        5.139676e-21
               92800        1.403330e-04        5.133305e-21
               92900        1.361110e-04        5.024017e-21
               93000        1.462480e-04        4.806764e-21
               93100        1.893740e-04        4.209508e-21
               93200        1.925860e-04        3.669635e-21
               93300        1.957200e-04        3.469097e-21
               93400        1.949520e-04        3.498969e-21
               93500        1.909210e-04        3.037310e-21
               93600        1.831530e-04        2.952331e-21
               93700        1.911150e-04        2.696310e-21
               93800        1.866150e-04        2.686639e-21
               93900        1.957670e-04        2.658025e-21
               94000        1.874110e-04        2.590838e-21
               94100        1.718290e-04        2.313090e-21
               94200        1.876310e-04        2.188568e-21
               94300        1.754290e-04        2.058410e-21
               94400        1.870600e-04        1.976485e-21
               94500        1.829380e-04        1.896248e-21
               94600        1.465360e-04        1.788365e-21
               94700        1.485270e-04        1.741973e-21
               94800        1.663050e-04        1.595834e-21
               94900        1.746210e-04        1.632054e-21
               95000        1.746930e-04        1.616436e-21
               95100        1.736260e-04        1.468778e-21
               95200        1.732630e-04        1.342454e-21
               95300        1.506470e-04        1.277319e-21
               95400        1.504250e-04        1.205305e-21
               95500        1.572500e-04        1.135543e-21
               95600        1.506530e-04        1.056954e-21
               95700        1.503060e-04        1.084610e-21
               95800        1.500570e-04        1.071457e-21
               95900        1.491700e-04        8.790525e-22
               96000        1.606270e-04        8.093909e-22
               96100        1.511330e-04        7.559345e-22
               96200        1.396620e-04        7.723409e-22
               96300        1.497730e-04        6.944994e-22
               96400        1.502730e-04        6.289000e-22
               96500        1.504450e-04        6.056032e-22
               96600        1.501990e-04        5.687536e-22
               96700        1.501220e-04        5.167342e-22
               96800        1.501770e-04        4.724953e-22
               96900        1.489800e-04        4.624798e-22
               97000        1.496480e-04        4.735526e-22
               97100        1.504290e-04        4.596183e-22
               97200        1.501290e-04        4.359317e-22
               97300        1.504550e-04        4.272186e-22
               97400        1.490570e-04        3.796406e-22
               97500        1.500880e-04        3.543392e-22
               97600        1.494240e-04        3.639287e-22
               97700        1.501820e-04        3.426203e-22
               97800        1.505460e-04        3.468401e-22
               97900        1.395920e-04        3.368298e-22
               98000        1.505620e-04        3.199668e-22
               98100        1.396200e-04        3.110036e-22
               98200        1.497710e-04        2.507811e-22
               98300        1.497060e-04        2.518164e-22
               98400        1.492660e-04        2.265961e-22
               98500        1.490870e-04        2.045287e-22
               98600        1.346610e-04        2.004752e-22
               98700        1.407520e-04        1.848844e-22
               98800        1.530400e-04        1.899010e-22
               98900        1.517390e-04        1.812035e-22
               99000        1.509670e-04        1.788945e-22
               99100        1.524920e-04        1.714021e-22
               99200        1.404560e-04        1.639585e-22
               99300        1.507240e-04        1.578155e-22
               99400        1.500630e-04        1.421626e-22
               99500        1.507620e-04        1.293916e-22
               99600        1.504720e-04        1.163937e-22
               99700        1.498690e-04        1.105530e-22
               99800        1.503220e-04        1.127205e-22
               99900        1.498190e-04        1.077130e-22
              100000        1.493010e-04        1.001959e-22
