Period: 100
               Epoch           Time cost                Loss
                 100        8.244460e-04        7.206569e+05
                 200        2.842210e-04        7.206569e+05
                 300        2.696760e-04        7.206569e+05
                 400        2.486060e-04        7.206569e+05
                 500        2.175210e-04        7.206569e+05
                 600        2.379420e-04        5.370992e+05
                 700        2.583210e-04        5.370807e+05
                 800        2.522830e-04        5.371159e+05
                 900        2.505240e-04        5.310238e+05
                1000        2.296590e-04        4.828652e+05
                1100        2.436900e-04        4.828652e+05
                1200        2.514610e-04        4.828652e+05
                1300        2.584850e-04        4.828652e+05
                1400        2.527310e-04        4.345353e+05
                1500        2.384650e-04        4.345357e+05
                1600        2.498310e-04        3.803473e+05
                1700        2.412150e-04        3.803473e+05
                1800        2.638230e-04        3.272410e+05
                1900        3.284110e-04        3.272587e+05
                2000        2.524870e-04        2.960409e+05
                2100        2.610190e-04        2.960409e+05
                2200        2.216970e-04        2.677584e+05
                2300        2.332330e-04        2.677574e+05
                2400        2.412760e-04        2.416624e+05
                2500        2.567880e-04        2.416577e+05
                2600        2.322890e-04        2.163898e+05
                2700        2.546030e-04        2.163900e+05
                2800        2.500810e-04        1.937524e+05
                2900        2.596190e-04        1.937524e+05
                3000        2.375060e-04        1.661351e+05
                3100        2.488900e-04        1.661427e+05
                3200        2.828830e-04        1.407381e+05
                3300        2.554950e-04        1.407383e+05
                3400        2.384330e-04        1.237667e+05
                3500        2.673270e-04        1.237594e+05
                3600        1.794700e-04        1.052543e+05
                3700        2.523190e-04        1.052543e+05
                3800        2.901570e-04        1.052546e+05
                3900        3.021000e-04        1.052543e+05
                4000        2.605490e-04        9.127654e+04
                4100        2.889100e-04        9.128319e+04
                4200        2.357550e-04        9.127654e+04
                4300        2.478420e-04        9.128319e+04
                4400        2.712330e-04        7.873063e+04
                4500        2.411220e-04        7.873063e+04
                4600        2.940560e-04        7.873063e+04
                4700        2.630380e-04        7.873037e+04
                4800        2.384430e-04        6.795266e+04
                4900        1.950120e-04        6.795266e+04
                5000        2.157290e-04        6.795266e+04
                5100        2.046550e-04        6.795266e+04
                5200        2.157240e-04        5.843991e+04
                5300        2.052560e-04        5.843987e+04
                5400        2.099370e-04        5.843987e+04
                5500        2.048530e-04        5.843987e+04
                5600        1.883660e-04        5.162813e+04
                5700        2.767600e-04        4.619610e+04
                5800        1.948120e-04        4.619788e+04
                5900        2.746530e-04        4.046812e+04
                6000        2.129780e-04        4.046812e+04
                6100        2.840530e-04        3.612318e+04
                6200        2.412830e-04        3.612100e+04
                6300        1.783270e-04        3.612182e+04
                6400        2.771830e-04        3.612100e+04
                6500        3.976160e-04        3.121003e+04
                6600        2.298960e-04        3.121004e+04
                6700        2.134140e-04        2.833075e+04
                6800        2.100260e-04        2.833075e+04
                6900        2.303360e-04        2.535633e+04
                7000        1.957950e-04        2.535633e+04
                7100        2.779840e-04        2.157165e+04
                7200        1.952140e-04        2.157165e+04
                7300        2.895440e-04        1.998589e+04
                7400        1.974270e-04        1.998589e+04
                7500        2.821610e-04        1.679793e+04
                7600        1.990890e-04        1.679793e+04
                7700        2.314340e-04        1.467730e+04
                7800        1.716660e-04        1.467837e+04
                7900        2.034930e-04        1.300821e+04
                8000        2.718020e-04        1.300820e+04
                8100        1.983410e-04        1.136077e+04
                8200        2.868920e-04        1.136076e+04
                8300        2.021050e-04        9.551086e+03
                8400        2.846220e-04        9.472083e+03
                8500        2.008190e-04        7.481223e+03
                8600        2.300310e-04        7.622869e+03
                8700        1.996340e-04        5.861057e+03
                8800        2.675580e-04        5.861377e+03
                8900        2.630880e-04        5.862274e+03
                9000        2.985920e-04        5.861057e+03
                9100        2.821020e-04        5.433935e+03
                9200        2.775140e-04        4.324332e+03
                9300        2.354340e-04        4.303967e+03
                9400        2.410990e-04        4.303115e+03
                9500        1.763890e-04        3.402076e+03
                9600        2.303620e-04        3.401897e+03
                9700        2.927040e-04        3.382297e+03
                9800        2.594460e-04        2.708873e+03
                9900        2.708660e-04        2.709261e+03
               10000        2.496150e-04        2.710209e+03
               10100        2.770710e-04        2.576747e+03
               10200        2.335920e-04        2.237410e+03
               10300        2.151380e-04        2.237514e+03
               10400        2.560110e-04        1.843784e+03
               10500        2.348730e-04        1.843783e+03
               10600        2.301850e-04        1.883405e+03
               10700        2.422330e-04        1.600569e+03
               10800        2.288310e-04        1.600593e+03
               10900        2.405640e-04        1.423060e+03
               11000        2.603900e-04        1.423060e+03
               11100        2.836350e-04        1.299931e+03
               11200        1.999090e-04        1.300001e+03
               11300        2.652790e-04        1.105611e+03
               11400        2.366530e-04        1.105612e+03
               11500        2.687450e-04        9.426651e+02
               11600        2.606480e-04        9.426979e+02
               11700        2.789350e-04        8.429929e+02
               11800        2.565150e-04        8.430327e+02
               11900        2.636470e-04        7.488864e+02
               12000        2.315750e-04        7.488864e+02
               12100        2.383350e-04        6.613682e+02
               12200        2.423530e-04        6.613682e+02
               12300        2.355530e-04        6.617383e+02
               12400        2.671950e-04        6.617173e+02
               12500        2.253140e-04        5.195517e+02
               12600        2.317370e-04        5.195377e+02
               12700        2.729060e-04        5.004729e+02
               12800        2.684150e-04        5.004713e+02
               12900        2.708580e-04        4.151841e+02
               13000        2.566820e-04        4.151482e+02
               13100        2.763500e-04        3.687027e+02
               13200        2.361510e-04        3.686915e+02
               13300        2.774600e-04        3.403704e+02
               13400        2.782400e-04        3.402988e+02
               13500        3.069320e-04        3.403704e+02
               13600        2.399610e-04        2.497522e+02
               13700        2.307410e-04        2.497662e+02
               13800        2.527740e-04        2.028265e+02
               13900        2.786010e-04        2.028265e+02
               14000        2.823630e-04        2.028146e+02
               14100        2.865050e-04        2.028140e+02
               14200        2.651940e-04        1.805776e+02
               14300        2.647710e-04        1.805776e+02
               14400        2.864530e-04        1.580948e+02
               14500        2.595760e-04        1.580948e+02
               14600        2.940770e-04        1.354969e+02
               14700        2.764580e-04        1.354967e+02
               14800        2.877410e-04        1.036790e+02
               14900        2.358610e-04        1.035202e+02
               15000        2.933490e-04        1.032690e+02
               15100        2.392110e-04        8.212178e+01
               15200        3.052840e-04        8.212822e+01
               15300        2.281230e-04        7.492643e+01
               15400        2.971870e-04        7.492886e+01
               15500        2.047830e-04        6.385343e+01
               15600        2.619810e-04        6.385473e+01
               15700        1.752770e-04        5.545269e+01
               15800        1.952640e-04        5.545386e+01
               15900        3.004560e-04        5.228783e+01
               16000        2.302760e-04        5.228486e+01
               16100        3.069830e-04        3.983092e+01
               16200        2.362710e-04        3.983092e+01
               16300        3.080770e-04        2.981467e+01
               16400        2.160620e-04        2.958047e+01
               16500        2.306140e-04        2.957170e+01
               16600        2.058160e-04        2.253089e+01
               16700        2.991520e-04        2.252942e+01
               16800        2.254320e-04        2.130949e+01
               16900        2.939110e-04        2.130994e+01
               17000        2.103130e-04        1.886410e+01
               17100        3.405260e-04        1.886443e+01
               17200        2.065110e-04        1.598698e+01
               17300        2.685390e-04        1.598706e+01
               17400        2.287470e-04        1.504248e+01
               17500        2.091260e-04        1.504255e+01
               17600        1.979260e-04        1.194397e+01
               17700        3.128640e-04        1.194383e+01
               17800        2.154360e-04        1.067404e+01
               17900        3.200460e-04        1.067404e+01
               18000        2.217610e-04        7.809704e+00
               18100        3.376820e-04        7.810184e+00
               18200        2.182320e-04        7.804009e+00
               18300        2.858820e-04        7.432097e+00
               18400        2.250680e-04        6.699524e+00
               18500        3.164170e-04        6.690702e+00
               18600        2.232570e-04        5.466460e+00
               18700        3.119600e-04        5.466460e+00
               18800        3.115400e-04        5.694943e+00
               18900        3.108180e-04        4.782851e+00
               19000        2.134230e-04        4.782871e+00
               19100        2.158040e-04        4.782856e+00
               19200        2.076340e-04        4.782851e+00
               19300        3.043270e-04        4.225032e+00
               19400        2.146400e-04        4.225026e+00
               19500        2.964980e-04        4.225032e+00
               19600        2.502770e-04        3.471913e+00
               19700        2.890340e-04        3.485679e+00
               19800        2.394450e-04        3.485988e+00
               19900        2.618700e-04        3.485725e+00
               20000        2.071640e-04        3.097027e+00
               20100        2.947160e-04        3.097027e+00
               20200        2.092380e-04        3.097094e+00
               20300        1.830680e-04        3.096999e+00
               20400        2.995510e-04        2.687701e+00
               20500        2.109280e-04        2.687701e+00
               20600        2.984120e-04        2.687701e+00
               20700        2.114490e-04        2.687701e+00
               20800        2.745320e-04        2.308178e+00
               20900        1.849380e-04        2.308196e+00
               21000        2.092710e-04        2.308196e+00
               21100        2.924230e-04        2.308243e+00
               21200        2.152930e-04        2.175767e+00
               21300        3.479180e-04        2.175767e+00
               21400        2.241340e-04        2.175753e+00
               21500        2.981150e-04        2.175767e+00
               21600        2.533390e-04        1.918476e+00
               21700        2.783630e-04        1.918476e+00
               21800        2.432410e-04        1.918476e+00
               21900        2.959620e-04        1.918476e+00
               22000        2.647880e-04        1.669886e+00
               22100        2.939020e-04        1.669839e+00
               22200        2.699960e-04        1.502686e+00
               22300        2.907480e-04        1.502690e+00
               22400        2.382330e-04        1.308838e+00
               22500        2.871570e-04        1.308481e+00
               22600        2.146190e-04        1.179251e+00
               22700        2.985590e-04        1.179302e+00
               22800        3.221560e-04        1.002846e+00
               22900        2.219910e-04        1.002846e+00
               23000        2.732450e-04        9.311407e-01
               23100        2.941340e-04        9.311407e-01
               23200        2.500960e-04        8.305818e-01
               23300        3.149400e-04        8.305788e-01
               23400        2.522960e-04        7.085115e-01
               23500        2.539450e-04        7.085115e-01
               23600        2.869290e-04        6.176693e-01
               23700        2.453550e-04        5.158678e-01
               23800        3.008930e-04        5.158660e-01
               23900        2.388030e-04        5.158660e-01
               24000        2.714680e-04        4.023211e-01
               24100        3.090280e-04        4.040985e-01
               24200        2.987960e-04        4.040771e-01
               24300        2.326490e-04        4.040780e-01
               24400        3.255400e-04        3.591237e-01
               24500        3.575240e-04        3.591195e-01
               24600        2.389060e-04        3.588288e-01
               24700        2.967810e-04        2.812100e-01
               24800        2.391100e-04        2.811943e-01
               24900        2.988300e-04        2.713007e-01
               25000        2.445190e-04        2.348171e-01
               25100        2.789140e-04        2.347443e-01
               25200        2.535650e-04        2.348277e-01
               25300        2.166770e-04        1.946579e-01
               25400        3.071030e-04        1.976537e-01
               25500        2.149710e-04        1.946579e-01
               25600        2.988240e-04        1.741770e-01
               25700        2.102410e-04        1.741770e-01
               25800        3.090830e-04        1.554385e-01
               25900        2.504780e-04        1.554385e-01
               26000        2.180630e-04        1.409358e-01
               26100        2.351930e-04        1.409358e-01
               26200        2.649770e-04        1.258641e-01
               26300        2.628200e-04        1.258639e-01
               26400        2.567420e-04        1.129769e-01
               26500        2.604960e-04        1.129769e-01
               26600        2.571860e-04        9.546430e-02
               26700        2.746680e-04        9.546767e-02
               26800        2.812480e-04        8.062340e-02
               26900        2.659550e-04        8.062340e-02
               27000        3.584490e-04        6.219881e-02
               27100        2.130010e-04        6.218348e-02
               27200        2.555470e-04        5.978912e-02
               27300        2.078990e-04        5.444442e-02
               27400        2.566970e-04        5.442903e-02
               27500        2.901860e-04        5.444746e-02
               27600        2.202830e-04        4.746606e-02
               27700        2.399090e-04        4.528641e-02
               27800        1.904240e-04        4.528641e-02
               27900        2.553600e-04        3.849815e-02
               28000        2.562760e-04        3.850323e-02
               28100        2.546870e-04        3.322773e-02
               28200        3.050720e-04        3.322654e-02
               28300        2.658650e-04        2.918923e-02
               28400        2.821060e-04        2.918923e-02
               28500        2.582290e-04        2.918978e-02
               28600        2.628180e-04        2.918978e-02
               28700        2.719220e-04        2.610507e-02
               28800        2.577570e-04        2.610507e-02
               28900        2.739030e-04        2.610507e-02
               29000        2.749680e-04        2.610507e-02
               29100        2.911160e-04        2.364186e-02
               29200        2.622210e-04        2.364167e-02
               29300        2.666520e-04        2.015623e-02
               29400        2.604500e-04        2.015660e-02
               29500        2.557110e-04        1.769529e-02
               29600        2.514130e-04        1.769512e-02
               29700        2.717230e-04        1.765563e-02
               29800        2.681550e-04        1.392665e-02
               29900        2.679200e-04        1.392679e-02
               30000        2.626750e-04        1.333904e-02
               30100        2.528920e-04        1.177716e-02
               30200        2.752140e-04        1.178325e-02
               30300        2.715870e-04        1.001680e-02
               30400        1.951220e-04        1.001690e-02
               30500        2.686290e-04        1.025921e-02
               30600        1.898240e-04        9.998673e-03
               30700        2.572820e-04        7.543511e-03
               30800        1.866100e-04        7.539605e-03
               30900        2.573330e-04        7.341647e-03
               31000        1.884780e-04        6.404363e-03
               31100        2.777320e-04        6.407519e-03
               31200        2.357210e-04        5.386128e-03
               31300        2.570270e-04        5.157123e-03
               31400        2.808540e-04        5.157123e-03
               31500        3.392330e-04        4.275921e-03
               31600        2.095380e-04        4.275921e-03
               31700        2.262570e-04        4.253132e-03
               31800        2.392520e-04        4.252711e-03
               31900        1.964460e-04        3.336708e-03
               32000        2.477460e-04        3.338143e-03
               32100        2.358020e-04        3.235680e-03
               32200        2.366310e-04        3.235825e-03
               32300        2.449300e-04        2.704410e-03
               32400        2.414030e-04        2.703208e-03
               32500        2.323370e-04        2.367384e-03
               32600        2.693370e-04        2.367325e-03
               32700        2.656210e-04        2.100687e-03
               32800        2.638290e-04        2.100743e-03
               32900        2.617120e-04        1.831423e-03
               33000        2.687500e-04        1.831409e-03
               33100        2.505480e-04        1.780973e-03
               33200        1.986750e-04        1.492817e-03
               33300        2.627740e-04        1.496091e-03
               33400        1.944550e-04        1.484007e-03
               33500        2.623760e-04        1.484027e-03
               33600        2.636940e-04        1.158883e-03
               33700        2.575410e-04        1.158805e-03
               33800        2.949750e-04        1.092080e-03
               33900        1.896950e-04        1.092063e-03
               34000        2.755350e-04        8.593592e-04
               34100        2.729750e-04        8.595159e-04
               34200        3.852850e-04        7.593178e-04
               34300        2.701800e-04        7.593587e-04
               34400        2.704320e-04        7.046251e-04
               34500        2.845560e-04        7.046050e-04
               34600        2.648250e-04        5.930182e-04
               34700        2.577130e-04        5.930161e-04
               34800        2.953170e-04        5.230304e-04
               34900        2.782560e-04        5.230308e-04
               35000        2.649420e-04        5.214267e-04
               35100        1.928200e-04        5.214047e-04
               35200        2.635400e-04        4.153224e-04
               35300        2.760880e-04        4.154032e-04
               35400        1.989610e-04        3.971564e-04
               35500        2.743120e-04        3.970461e-04
               35600        2.618320e-04        3.322696e-04
               35700        1.954730e-04        3.322212e-04
               35800        2.480360e-04        2.951142e-04
               35900        2.123330e-04        2.951292e-04
               36000        2.747140e-04        2.735863e-04
               36100        1.958130e-04        2.735214e-04
               36200        2.891260e-04        2.134144e-04
               36300        2.092730e-04        2.134144e-04
               36400        2.050300e-04        1.959726e-04
               36500        2.616830e-04        1.959726e-04
               36600        2.634920e-04        1.728919e-04
               36700        4.023090e-04        1.728881e-04
               36800        3.276460e-04        1.544433e-04
               36900        1.985750e-04        1.544433e-04
               37000        2.626760e-04        1.540327e-04
               37100        2.726990e-04        1.540389e-04
               37200        2.771480e-04        1.190057e-04
               37300        2.610970e-04        1.190161e-04
               37400        2.696230e-04        1.164280e-04
               37500        2.747750e-04        1.164326e-04
               37600        1.875850e-04        1.004298e-04
               37700        2.840400e-04        1.004385e-04
               37800        2.892420e-04        8.872747e-05
               37900        2.812910e-04        8.872781e-05
               38000        2.697150e-04        7.831402e-05
               38100        2.519870e-04        7.832076e-05
               38200        2.556640e-04        6.412646e-05
               38300        1.949350e-04        6.412647e-05
               38400        2.959700e-04        6.509274e-05
               38500        2.507610e-04        6.509687e-05
               38600        2.754340e-04        5.384129e-05
               38700        2.733220e-04        5.384767e-05
               38800        3.010830e-04        5.349330e-05
               38900        2.903150e-04        5.347035e-05
               39000        2.897770e-04        4.297137e-05
               39100        3.523720e-04        4.296737e-05
               39200        2.535890e-04        4.102971e-05
               39300        2.623910e-04        4.102823e-05
               39400        2.851010e-04        3.484478e-05
               39500        2.581290e-04        3.483789e-05
               39600        2.594710e-04        3.067920e-05
               39700        2.897570e-04        3.067928e-05
               39800        3.034770e-04        2.804236e-05
               39900        3.306120e-04        2.803892e-05
               40000        2.817600e-04        2.173830e-05
               40100        3.011590e-04        2.173830e-05
               40200        2.700710e-04        1.886089e-05
               40300        2.791620e-04        1.886236e-05
               40400        2.732740e-04        1.870725e-05
               40500        3.007940e-04        1.870734e-05
               40600        2.741300e-04        1.457984e-05
               40700        2.131810e-04        1.458006e-05
               40800        2.269280e-04        1.411359e-05
               40900        2.643990e-04        1.411406e-05
               41000        2.820300e-04        1.227563e-05
               41100        3.589720e-04        1.227732e-05
               41200        4.024890e-04        1.062841e-05
               41300        1.847050e-04        1.062887e-05
               41400        2.633090e-04        9.775899e-06
               41500        1.838910e-04        9.767555e-06
               41600        2.694240e-04        7.571762e-06
               41700        2.245720e-04        7.571762e-06
               41800        3.139100e-04        6.714286e-06
               41900        2.751170e-04        6.714325e-06
               42000        2.752700e-04        6.694601e-06
               42100        3.076650e-04        6.695006e-06
               42200        2.650450e-04        5.539081e-06
               42300        2.720120e-04        5.538820e-06
               42400        2.676600e-04        5.538820e-06
               42500        2.692650e-04        5.269689e-06
               42600        1.845740e-04        5.269937e-06
               42700        2.630910e-04        3.956359e-06
               42800        2.886680e-04        4.008822e-06
               42900        2.705820e-04        3.753667e-06
               43000        2.656890e-04        3.753633e-06
               43100        2.822790e-04        3.242630e-06
               43200        2.861520e-04        3.242178e-06
               43300        2.098310e-04        2.818686e-06
               43400        2.920920e-04        2.818707e-06
               43500        2.868230e-04        2.756213e-06
               43600        2.799510e-04        2.028484e-06
               43700        2.831400e-04        2.013533e-06
               43800        2.617310e-04        2.016219e-06
               43900        2.727980e-04        2.015890e-06
               44000        2.788970e-04        1.645900e-06
               44100        2.771130e-04        1.645711e-06
               44200        2.738330e-04        1.593136e-06
               44300        2.985550e-04        1.593170e-06
               44400        2.519820e-04        1.417944e-06
               44500        2.834900e-04        1.417189e-06
               44600        2.644370e-04        1.247847e-06
               44700        2.942940e-04        1.247801e-06
               44800        2.752920e-04        1.124459e-06
               44900        2.777660e-04        1.124414e-06
               45000        2.871920e-04        9.259369e-07
               45100        2.921100e-04        9.259369e-07
               45200        2.773300e-04        9.444721e-07
               45300        2.885370e-04        8.006720e-07
               45400        2.646900e-04        8.006720e-07
               45500        2.676570e-04        8.010807e-07
               45600        2.721740e-04        6.119882e-07
               45700        2.843210e-04        6.114550e-07
               45800        3.215140e-04        5.715796e-07
               45900        2.639300e-04        4.770476e-07
               46000        2.630040e-04        4.767712e-07
               46100        2.886280e-04        3.946155e-07
               46200        2.051830e-04        3.247907e-07
               46300        2.874590e-04        3.247831e-07
               46400        2.767440e-04        3.243103e-07
               46500        2.652250e-04        3.243107e-07
               46600        1.928860e-04        2.462721e-07
               46700        2.714380e-04        2.463425e-07
               46800        1.988010e-04        2.425914e-07
               46900        2.671780e-04        2.425999e-07
               47000        2.683930e-04        2.425999e-07
               47100        2.820540e-04        1.921518e-07
               47200        2.492580e-04        1.921233e-07
               47300        3.201250e-04        1.496943e-07
               47400        3.033650e-04        1.455897e-07
               47500        2.100650e-04        1.102531e-07
               47600        2.744720e-04        1.102526e-07
               47700        3.994790e-04        1.051061e-07
               47800        2.114400e-04        8.935441e-08
               47900        2.869530e-04        8.936500e-08
               48000        3.074840e-04        7.655497e-08
               48100        2.155170e-04        7.421816e-08
               48200        2.145150e-04        5.683921e-08
               48300        2.487630e-04        5.683911e-08
               48400        2.858930e-04        5.287044e-08
               48500        2.160440e-04        4.603246e-08
               48600        2.273870e-04        4.602021e-08
               48700        2.447170e-04        4.017814e-08
               48800        3.056840e-04        3.895573e-08
               48900        2.066820e-04        2.901185e-08
               49000        2.195900e-04        2.900982e-08
               49100        1.911890e-04        2.902668e-08
               49200        2.199150e-04        2.901185e-08
               49300        2.622020e-04        2.541670e-08
               49400        2.182910e-04        2.052971e-08
               49500        2.594560e-04        2.062829e-08
               49600        2.620500e-04        2.062085e-08
               49700        2.043360e-04        1.634008e-08
               49800        2.074830e-04        1.634008e-08
               49900        2.652240e-04        1.626997e-08
               50000        2.005750e-04        1.299340e-08
               50100        2.662870e-04        1.299408e-08
               50200        2.059300e-04        1.216508e-08
               50300        2.542790e-04        1.060332e-08
               50400        2.321820e-04        1.060203e-08
               50500        1.970670e-04        8.555811e-09
               50600        2.906090e-04        8.555811e-09
               50700        3.230450e-04        8.800095e-09
               50800        2.737500e-04        7.246338e-09
               50900        2.009140e-04        7.223416e-09
               51000        2.618570e-04        7.168670e-09
               51100        2.076220e-04        5.385709e-09
               51200        2.708640e-04        5.384293e-09
               51300        2.018730e-04        5.011233e-09
               51400        2.726580e-04        5.012413e-09
               51500        2.068060e-04        4.335145e-09
               51600        2.636600e-04        4.334667e-09
               51700        1.958100e-04        3.626468e-09
               51800        1.961150e-04        3.626495e-09
               51900        2.593020e-04        3.428902e-09
               52000        2.591540e-04        3.429045e-09
               52100        2.638350e-04        2.546534e-09
               52200        2.649320e-04        2.230097e-09
               52300        2.789040e-04        2.229986e-09
               52400        1.905900e-04        2.230097e-09
               52500        2.714150e-04        2.229986e-09
               52600        3.596120e-04        1.954925e-09
               52700        2.758150e-04        1.954906e-09
               52800        2.822800e-04        1.954913e-09
               52900        2.736220e-04        1.954925e-09
               53000        2.694760e-04        1.728440e-09
               53100        2.894680e-04        1.728432e-09
               53200        2.908280e-04        1.728466e-09
               53300        3.939240e-04        1.728432e-09
               53400        2.818190e-04        1.553296e-09
               53500        2.718700e-04        1.553296e-09
               53600        2.881260e-04        1.553295e-09
               53700        3.009720e-04        1.553295e-09
               53800        2.685560e-04        1.421186e-09
               53900        2.922680e-04        1.421165e-09
               54000        2.800480e-04        1.421186e-09
               54100        2.734010e-04        1.421188e-09
               54200        2.848470e-04        1.228805e-09
               54300        2.698970e-04        1.228795e-09
               54400        2.866860e-04        1.228805e-09
               54500        2.868150e-04        1.228797e-09
               54600        2.787440e-04        1.228795e-09
               54700        2.842520e-04        1.228797e-09
               54800        2.803150e-04        1.228805e-09
               54900        2.810670e-04        9.651104e-10
               55000        2.907700e-04        9.652215e-10
               55100        3.088170e-04        9.651104e-10
               55200        3.881280e-04        9.651104e-10
               55300        2.828290e-04        8.293955e-10
               55400        2.855460e-04        8.294124e-10
               55500        2.925340e-04        8.294104e-10
               55600        2.802160e-04        7.738394e-10
               55700        2.005780e-04        6.554868e-10
               55800        2.872520e-04        6.554342e-10
               55900        2.909160e-04        6.554074e-10
               56000        2.929900e-04        5.730733e-10
               56100        2.915390e-04        5.283974e-10
               56200        2.765260e-04        5.282316e-10
               56300        2.864900e-04        5.283326e-10
               56400        2.786160e-04        5.282316e-10
               56500        2.844310e-04        4.258301e-10
               56600        2.884010e-04        3.906427e-10
               56700        2.695430e-04        3.906818e-10
               56800        2.718040e-04        3.855063e-10
               56900        2.188210e-04        3.082958e-10
               57000        2.960590e-04        2.707437e-10
               57100        3.002650e-04        2.707437e-10
               57200        4.031970e-04        2.707437e-10
               57300        2.775630e-04        2.499808e-10
               57400        2.730390e-04        2.499778e-10
               57500        1.952840e-04        2.499808e-10
               57600        2.731130e-04        2.499778e-10
               57700        2.776290e-04        2.196433e-10
               57800        2.769040e-04        2.196395e-10
               57900        2.242570e-04        2.196395e-10
               58000        2.904340e-04        2.196395e-10
               58100        2.924610e-04        1.925017e-10
               58200        2.812620e-04        1.925017e-10
               58300        2.823410e-04        1.924926e-10
               58400        2.821420e-04        1.925022e-10
               58500        2.750620e-04        1.672479e-10
               58600        2.747570e-04        1.672479e-10
               58700        2.595340e-04        1.672479e-10
               58800        2.640270e-04        1.672479e-10
               58900        2.732570e-04        1.482750e-10
               59000        1.965830e-04        1.482745e-10
               59100        2.779370e-04        1.482748e-10
               59200        3.025770e-04        1.482745e-10
               59300        3.060750e-04        1.328954e-10
               59400        3.040990e-04        1.328954e-10
               59500        2.766960e-04        1.328954e-10
               59600        2.805740e-04        1.328954e-10
               59700        1.981490e-04        1.188148e-10
               59800        3.364760e-04        1.188148e-10
               59900        2.745180e-04        1.188147e-10
               60000        2.687270e-04        1.188158e-10
               60100        3.116650e-04        1.024934e-10
               60200        2.814510e-04        1.024933e-10
               60300        2.740280e-04        1.024933e-10
               60400        3.090160e-04        1.024933e-10
               60500        2.869710e-04        9.083849e-11
               60600        2.914970e-04        9.084082e-11
               60700        2.645610e-04        9.083849e-11
               60800        2.808700e-04        9.083922e-11
               60900        2.901910e-04        8.015337e-11
               61000        2.869810e-04        8.015370e-11
               61100        3.039930e-04        8.015408e-11
               61200        2.961140e-04        8.015509e-11
               61300        3.027780e-04        7.038333e-11
               61400        2.562370e-04        7.038330e-11
               61500        3.825920e-04        7.038218e-11
               61600        2.868290e-04        7.038328e-11
               61700        2.802260e-04        6.342939e-11
               61800        2.770390e-04        6.343281e-11
               61900        1.963690e-04        6.343281e-11
               62000        2.783380e-04        6.343281e-11
               62100        2.802930e-04        5.593386e-11
               62200        2.874570e-04        5.593386e-11
               62300        2.629170e-04        5.593386e-11
               62400        2.678090e-04        5.593386e-11
               62500        2.730360e-04        4.834100e-11
               62600        2.645430e-04        4.834100e-11
               62700        2.779680e-04        4.834100e-11
               62800        2.870110e-04        4.834370e-11
               62900        2.718450e-04        4.254963e-11
               63000        2.997830e-04        4.254947e-11
               63100        3.032550e-04        4.254947e-11
               63200        2.969660e-04        4.254935e-11
               63300        3.051600e-04        3.938824e-11
               63400        3.099420e-04        3.938673e-11
               63500        2.977410e-04        3.938673e-11
               63600        2.770660e-04        3.938808e-11
               63700        2.188030e-04        3.426041e-11
               63800        4.173200e-04        3.426045e-11
               63900        2.082000e-04        3.426038e-11
               64000        2.738970e-04        3.426041e-11
               64100        2.252240e-04        3.012197e-11
               64200        2.631750e-04        3.012197e-11
               64300        2.001090e-04        3.012197e-11
               64400        2.551970e-04        3.012197e-11
               64500        2.037110e-04        2.634101e-11
               64600        2.557970e-04        2.634101e-11
               64700        2.754030e-04        2.634101e-11
               64800        3.332180e-04        2.634101e-11
               64900        2.752950e-04        2.229286e-11
               65000        1.949240e-04        2.229278e-11
               65100        2.600450e-04        2.229247e-11
               65200        3.006560e-04        2.229247e-11
               65300        2.562540e-04        2.002336e-11
               65400        2.975200e-04        2.002336e-11
               65500        2.452530e-04        2.002370e-11
               65600        3.126110e-04        2.002370e-11
               65700        2.422920e-04        1.850413e-11
               65800        3.320720e-04        1.850413e-11
               65900        2.583510e-04        1.850413e-11
               66000        3.506080e-04        1.850413e-11
               66100        2.771230e-04        1.612869e-11
               66200        4.060440e-04        1.612840e-11
               66300        4.165790e-04        1.612871e-11
               66400        2.563810e-04        1.612869e-11
               66500        4.735890e-04        1.411131e-11
               66600        2.160630e-04        1.411140e-11
               66700        3.574790e-04        1.411131e-11
               66800        2.212870e-04        1.373233e-11
               66900        3.034330e-04        1.132781e-11
               67000        2.044090e-04        1.132103e-11
               67100        2.449880e-04        1.055371e-11
               67200        2.085790e-04        9.306846e-12
               67300        2.162010e-04        9.307172e-12
               67400        3.322030e-04        9.305611e-12
               67500        2.301220e-04        8.484233e-12
               67600        3.340170e-04        7.182514e-12
               67700        3.357880e-04        7.181357e-12
               67800        2.351740e-04        7.180822e-12
               67900        3.055340e-04        6.447402e-12
               68000        2.125920e-04        5.906873e-12
               68100        2.273380e-04        5.908393e-12
               68200        3.128410e-04        5.901567e-12
               68300        2.339540e-04        4.802023e-12
               68400        3.250590e-04        4.440077e-12
               68500        2.480550e-04        4.439406e-12
               68600        2.019160e-04        4.438941e-12
               68700        3.119210e-04        4.438941e-12
               68800        2.281020e-04        3.045254e-12
               68900        1.998650e-04        3.115852e-12
               69000        2.896180e-04        3.045904e-12
               69100        2.505100e-04        2.861426e-12
               69200        3.105890e-04        2.043253e-12
               69300        2.109340e-04        2.092364e-12
               69400        3.140950e-04        2.093476e-12
               69500        2.572890e-04        1.842596e-12
               69600        3.379670e-04        1.491129e-12
               69700        2.591820e-04        1.506951e-12
               69800        3.141210e-04        1.507156e-12
               69900        2.252700e-04        1.337525e-12
               70000        2.503410e-04        1.213319e-12
               70100        2.168130e-04        1.213578e-12
               70200        3.121980e-04        1.213600e-12
               70300        2.279310e-04        9.867411e-13
               70400        3.098550e-04        9.348473e-13
               70500        2.218880e-04        9.348039e-13
               70600        3.121770e-04        9.348212e-13
               70700        2.227700e-04        7.288019e-13
               70800        2.847270e-04        7.288037e-13
               70900        2.998110e-04        7.288087e-13
               71000        2.783050e-04        7.310103e-13
               71100        3.127470e-04        6.683148e-13
               71200        2.759070e-04        6.683147e-13
               71300        2.883960e-04        6.683053e-13
               71400        2.162080e-04        6.683053e-13
               71500        3.071880e-04        5.851808e-13
               71600        2.226010e-04        5.851937e-13
               71700        3.009850e-04        5.851808e-13
               71800        2.460030e-04        5.851808e-13
               71900        3.046760e-04        5.192281e-13
               72000        2.165390e-04        5.192281e-13
               72100        3.065570e-04        5.192271e-13
               72200        3.167440e-04        5.192281e-13
               72300        2.153940e-04        4.723773e-13
               72400        2.629510e-04        4.723764e-13
               72500        2.646960e-04        4.723764e-13
               72600        2.820360e-04        4.723756e-13
               72700        2.585490e-04        4.723764e-13
               72800        2.015570e-04        4.723773e-13
               72900        2.739610e-04        3.102436e-13
               73000        2.067810e-04        3.102754e-13
               73100        3.287310e-04        3.064410e-13
               73200        2.100240e-04        3.057243e-13
               73300        2.962580e-04        3.102754e-13
               73400        2.394190e-04        2.435579e-13
               73500        3.106850e-04        2.433913e-13
               73600        2.350150e-04        2.435557e-13
               73700        2.902140e-04        2.425111e-13
               73800        2.294080e-04        2.262740e-13
               73900        3.037270e-04        2.262735e-13
               74000        2.602360e-04        2.262735e-13
               74100        3.065310e-04        2.262735e-13
               74200        2.305780e-04        2.077260e-13
               74300        3.266690e-04        2.077269e-13
               74400        2.291670e-04        2.077260e-13
               74500        2.914140e-04        2.077283e-13
               74600        1.951050e-04        1.781349e-13
               74700        2.393400e-04        1.781349e-13
               74800        3.157220e-04        1.781333e-13
               74900        2.391050e-04        1.781333e-13
               75000        4.474440e-04        1.424748e-13
               75100        2.325780e-04        1.434225e-13
               75200        3.124360e-04        1.434201e-13
               75300        2.218830e-04        1.434344e-13
               75400        2.520610e-04        1.267862e-13
               75500        2.187720e-04        1.267862e-13
               75600        3.019090e-04        1.267862e-13
               75700        2.177230e-04        1.267862e-13
               75800        3.382110e-04        1.140392e-13
               75900        2.154030e-04        1.140393e-13
               76000        2.970030e-04        1.140393e-13
               76100        2.140080e-04        1.140393e-13
               76200        2.870040e-04        1.018696e-13
               76300        2.060140e-04        1.018696e-13
               76400        2.831750e-04        1.018697e-13
               76500        2.145380e-04        1.018696e-13
               76600        2.999240e-04        8.939067e-14
               76700        2.270710e-04        8.939103e-14
               76800        3.031350e-04        8.939067e-14
               76900        3.276310e-04        8.939099e-14
               77000        2.279720e-04        8.148636e-14
               77100        2.742380e-04        8.148332e-14
               77200        2.928900e-04        8.148332e-14
               77300        2.457370e-04        8.148332e-14
               77400        2.990440e-04        7.196722e-14
               77500        2.597630e-04        7.196722e-14
               77600        2.662880e-04        7.196952e-14
               77700        3.848440e-04        7.196710e-14
               77800        2.406500e-04        6.351650e-14
               77900        3.180830e-04        6.351445e-14
               78000        2.166900e-04        6.352060e-14
               78100        3.071160e-04        6.352049e-14
               78200        2.188830e-04        5.462199e-14
               78300        3.008830e-04        5.462199e-14
               78400        2.240460e-04        5.462876e-14
               78500        2.786140e-04        5.462199e-14
               78600        2.184690e-04        4.872227e-14
               78700        3.025060e-04        4.872209e-14
               78800        2.278630e-04        4.872209e-14
               78900        3.186280e-04        4.872209e-14
               79000        2.242660e-04        4.235537e-14
               79100        3.157660e-04        4.235530e-14
               79200        2.285430e-04        4.235537e-14
               79300        2.829430e-04        4.235537e-14
               79400        2.992200e-04        3.235289e-14
               79500        2.211640e-04        3.250165e-14
               79600        3.120510e-04        3.249179e-14
               79700        2.370040e-04        3.250401e-14
               79800        2.797680e-04        2.888315e-14
               79900        2.697560e-04        2.888315e-14
               80000        2.226630e-04        2.888315e-14
               80100        3.024050e-04        2.888281e-14
               80200        3.038570e-04        2.888315e-14
               80300        2.869160e-04        2.328536e-14
               80400        3.792440e-04        2.331110e-14
               80500        2.086470e-04        2.331001e-14
               80600        3.074230e-04        2.331027e-14
               80700        2.121700e-04        1.988992e-14
               80800        3.241230e-04        1.988992e-14
               80900        2.232790e-04        1.989004e-14
               81000        3.035610e-04        1.988995e-14
               81100        2.190690e-04        1.988992e-14
               81200        2.956350e-04        1.542351e-14
               81300        2.219070e-04        1.542714e-14
               81400        2.071140e-04        1.542747e-14
               81500        3.023720e-04        1.511784e-14
               81600        2.091350e-04        1.254511e-14
               81700        3.212520e-04        1.253985e-14
               81800        2.125170e-04        1.254410e-14
               81900        3.022210e-04        1.158564e-14
               82000        2.269090e-04        9.426672e-15
               82100        2.779040e-04        9.427779e-15
               82200        2.339310e-04        9.424393e-15
               82300        3.155070e-04        8.591906e-15
               82400        2.331560e-04        6.555323e-15
               82500        3.248630e-04        6.598442e-15
               82600        2.362380e-04        6.602085e-15
               82700        3.159630e-04        5.984220e-15
               82800        2.375320e-04        5.279120e-15
               82900        2.976560e-04        5.278819e-15
               83000        3.854210e-04        5.279197e-15
               83100        2.280700e-04        5.279197e-15
               83200        3.112510e-04        3.778006e-15
               83300        2.177390e-04        3.509445e-15
               83400        3.082920e-04        3.484522e-15
               83500        3.611780e-04        3.509708e-15
               83600        2.207000e-04        2.554997e-15
               83700        2.683750e-04        2.572435e-15
               83800        2.930330e-04        2.554998e-15
               83900        2.304200e-04        2.554998e-15
               84000        2.993010e-04        2.554998e-15
               84100        2.423390e-04        2.061129e-15
               84200        2.859470e-04        2.061115e-15
               84300        2.053040e-04        2.031954e-15
               84400        2.080360e-04        2.060630e-15
               84500        2.901180e-04        1.786360e-15
               84600        2.177190e-04        1.786360e-15
               84700        2.971100e-04        1.786368e-15
               84800        2.114390e-04        1.786360e-15
               84900        3.006070e-04        1.521759e-15
               85000        2.161830e-04        1.521800e-15
               85100        2.699040e-04        1.521783e-15
               85200        2.059040e-04        1.521800e-15
               85300        3.237120e-04        1.521800e-15
               85400        2.360560e-04        1.138388e-15
               85500        3.105620e-04        1.136058e-15
               85600        3.127040e-04        1.138270e-15
               85700        2.748390e-04        1.137889e-15
               85800        4.158320e-04        1.031161e-15
               85900        2.745440e-04        1.031151e-15
               86000        2.706070e-04        1.031151e-15
               86100        2.652730e-04        1.031151e-15
               86200        2.499620e-04        8.680677e-16
               86300        2.638200e-04        8.680313e-16
               86400        2.490070e-04        8.680313e-16
               86500        2.734600e-04        8.680368e-16
               86600        2.663790e-04        7.783873e-16
               86700        2.540800e-04        7.783873e-16
               86800        2.673090e-04        7.783949e-16
               86900        2.688710e-04        7.783873e-16
               87000        2.686460e-04        7.783873e-16
               87100        2.625320e-04        5.996761e-16
               87200        2.706870e-04        5.948489e-16
               87300        2.726960e-04        5.994941e-16
               87400        1.960720e-04        5.948734e-16
               87500        2.899840e-04        5.996761e-16
               87600        2.982810e-04        4.575140e-16
               87700        2.509690e-04        4.606674e-16
               87800        3.143550e-04        4.606004e-16
               87900        2.212510e-04        4.606335e-16
               88000        2.572710e-04        4.056527e-16
               88100        2.531180e-04        4.056525e-16
               88200        2.597270e-04        4.056527e-16
               88300        2.452460e-04        4.056525e-16
               88400        2.639920e-04        3.522809e-16
               88500        2.852390e-04        3.522809e-16
               88600        2.839890e-04        3.522809e-16
               88700        2.747810e-04        3.522809e-16
               88800        2.700080e-04        3.122529e-16
               88900        3.075160e-04        3.122564e-16
               89000        2.918810e-04        3.122529e-16
               89100        2.084750e-04        3.122529e-16
               89200        2.875280e-04        2.727353e-16
               89300        2.924540e-04        2.727368e-16
               89400        2.892080e-04        2.727353e-16
               89500        2.948640e-04        2.727295e-16
               89600        3.116420e-04        2.370142e-16
               89700        2.942610e-04        2.370142e-16
               89800        3.733570e-04        2.370142e-16
               89900        7.929780e-04        2.370142e-16
               90000        2.625430e-04        2.177137e-16
               90100        2.252200e-04        2.177137e-16
               90200        2.087640e-04        2.177068e-16
               90300        2.665980e-04        2.177137e-16
               90400        2.009100e-04        1.984096e-16
               90500        2.988980e-04        1.984096e-16
               90600        2.087030e-04        1.984096e-16
               90700        2.658000e-04        1.984093e-16
               90800        1.998930e-04        1.741427e-16
               90900        2.704330e-04        1.741427e-16
               91000        2.234510e-04        1.741427e-16
               91100        2.777450e-04        1.741427e-16
               91200        2.055800e-04        1.580738e-16
               91300        2.654290e-04        1.580887e-16
               91400        1.857300e-04        1.581022e-16
               91500        2.532510e-04        1.581022e-16
               91600        2.733020e-04        1.372810e-16
               91700        2.509240e-04        1.373000e-16
               91800        2.770230e-04        1.372967e-16
               91900        2.785800e-04        1.372809e-16
               92000        2.059860e-04        1.260616e-16
               92100        3.079920e-04        1.260667e-16
               92200        2.914740e-04        1.260667e-16
               92300        3.018580e-04        1.260616e-16
               92400        3.018510e-04        1.117690e-16
               92500        2.736690e-04        1.117690e-16
               92600        3.245550e-04        1.117689e-16
               92700        2.141720e-04        1.117690e-16
               92800        2.694670e-04        9.657902e-17
               92900        2.956960e-04        9.657902e-17
               93000        2.114330e-04        9.657977e-17
               93100        2.439540e-04        9.657902e-17
               93200        2.419620e-04        8.489951e-17
               93300        2.411230e-04        8.489821e-17
               93400        2.427890e-04        8.489838e-17
               93500        2.450270e-04        8.490260e-17
               93600        2.446370e-04        7.281214e-17
               93700        2.409090e-04        7.281087e-17
               93800        2.503210e-04        7.281223e-17
               93900        2.745260e-04        7.281444e-17
               94000        2.762670e-04        6.434160e-17
               94100        3.268760e-04        6.434163e-17
               94200        3.034870e-04        6.434149e-17
               94300        2.913480e-04        6.434163e-17
               94400        2.947800e-04        5.685150e-17
               94500        3.082540e-04        5.685150e-17
               94600        2.349830e-04        5.685206e-17
               94700        3.094860e-04        5.685206e-17
               94800        3.067640e-04        5.009515e-17
               94900        2.363610e-04        5.009551e-17
               95000        2.878500e-04        5.009625e-17
               95100        2.638050e-04        5.009551e-17
               95200        2.744640e-04        4.371751e-17
               95300        2.229220e-04        4.371763e-17
               95400        2.725520e-04        4.371763e-17
               95500        2.778570e-04        4.371755e-17
               95600        2.465600e-04        3.881387e-17
               95700        2.481460e-04        3.881387e-17
               95800        2.568130e-04        3.881366e-17
               95900        2.492080e-04        3.881387e-17
               96000        2.449780e-04        3.334983e-17
               96100        2.296930e-04        3.334966e-17
               96200        2.368600e-04        3.335084e-17
               96300        2.364750e-04        3.334966e-17
               96400        2.343620e-04        2.799056e-17
               96500        2.425210e-04        2.799387e-17
               96600        2.404510e-04        2.799058e-17
               96700        2.916250e-04        2.636130e-17
               96800        1.969330e-04        2.073678e-17
               96900        2.420490e-04        2.084016e-17
               97000        2.465040e-04        2.084081e-17
               97100        3.045870e-04        1.818843e-17
               97200        2.587730e-04        1.656703e-17
               97300        2.057670e-04        1.656625e-17
               97400        2.208120e-04        1.656801e-17
               97500        2.153520e-04        1.214081e-17
               97600        2.308060e-04        1.159362e-17
               97700        1.968690e-04        1.149973e-17
               97800        2.166030e-04        1.159426e-17
               97900        1.759040e-04        7.995955e-18
               98000        1.797460e-04        7.842160e-18
               98100        1.779370e-04        7.970445e-18
               98200        1.810050e-04        7.966825e-18
               98300        1.724140e-04        7.995955e-18
               98400        1.790440e-04        5.989006e-18
               98500        1.780550e-04        5.989005e-18
               98600        1.800220e-04        5.402957e-18
               98700        1.785640e-04        5.402957e-18
               98800        1.784920e-04        5.402957e-18
               98900        1.742220e-04        5.402957e-18
               99000        1.765500e-04        4.803317e-18
               99100        1.763900e-04        4.803320e-18
               99200        1.784440e-04        4.803478e-18
               99300        1.676160e-04        4.803298e-18
               99400        1.759360e-04        4.185075e-18
               99500        1.711840e-04        4.185118e-18
               99600        1.752140e-04        4.184847e-18
               99700        1.731320e-04        4.185118e-18
               99800        1.706280e-04        3.753859e-18
               99900        1.632180e-04        3.753829e-18
              100000        1.651080e-04        3.754035e-18
