Period: 100
               Epoch           Time cost                Loss
                 100        1.540200e-04        1.052858e+05
                 200        8.027300e-05        8.025303e+04
                 300        8.254900e-05        5.889690e+04
                 400        7.802800e-05        4.385537e+04
                 500        8.546800e-05        3.187665e+04
                 600        7.243200e-05        2.239129e+04
                 700        9.684700e-05        1.529040e+04
                 800        8.611900e-05        1.106824e+04
                 900        9.389900e-05        8.444619e+03
                1000        9.586500e-05        6.147228e+03
                1100        8.361300e-05        6.147228e+03
                1200        8.547400e-05        4.373748e+03
                1300        8.651300e-05        4.375053e+03
                1400        8.144300e-05        3.009059e+03
                1500        8.166500e-05        3.009059e+03
                1600        8.048000e-05        2.152637e+03
                1700        8.307300e-05        2.153207e+03
                1800        8.564700e-05        1.716700e+03
                1900        9.935000e-05        1.716700e+03
                2000        9.298000e-05        1.303785e+03
                2100        8.404700e-05        1.303785e+03
                2200        8.430300e-05        9.367581e+02
                2300        9.402900e-05        9.367448e+02
                2400        8.326500e-05        6.962246e+02
                2500        9.375600e-05        6.962246e+02
                2600        9.318400e-05        5.374379e+02
                2700        8.412500e-05        3.485341e+02
                2800        8.480000e-05        2.808564e+02
                2900        8.319200e-05        2.808564e+02
                3000        8.333800e-05        1.992523e+02
                3100        8.224500e-05        1.565312e+02
                3200        8.473300e-05        1.565314e+02
                3300        8.520300e-05        1.056337e+02
                3400        8.323300e-05        1.056383e+02
                3500        8.266600e-05        7.852327e+01
                3600        8.271900e-05        7.852327e+01
                3700        8.537900e-05        5.825934e+01
                3800        8.609600e-05        5.825753e+01
                3900        8.393800e-05        4.429808e+01
                4000        8.452500e-05        4.429812e+01
                4100        8.369100e-05        3.180443e+01
                4200        6.949400e-05        3.180444e+01
                4300        8.038900e-05        2.055962e+01
                4400        8.614500e-05        2.055962e+01
                4500        8.416800e-05        1.648113e+01
                4600        8.491100e-05        1.648113e+01
                4700        8.489700e-05        1.114514e+01
                4800        8.386100e-05        1.114172e+01
                4900        8.325400e-05        8.064918e+00
                5000        8.438200e-05        8.065755e+00
                5100        9.451800e-05        6.474684e+00
                5200        9.543900e-05        6.474684e+00
                5300        8.546200e-05        4.901488e+00
                5400        8.657600e-05        4.902130e+00
                5500        8.628200e-05        3.884618e+00
                5600        8.745100e-05        3.884618e+00
                5700        8.840500e-05        2.852870e+00
                5800        8.521100e-05        2.852881e+00
                5900        8.575700e-05        2.057176e+00
                6000        8.485000e-05        2.057389e+00
                6100        8.617400e-05        1.560088e+00
                6200        8.652800e-05        1.559568e+00
                6300        8.546600e-05        1.108773e+00
                6400        7.569700e-05        1.108868e+00
                6500        7.247700e-05        7.988368e-01
                6600        8.596200e-05        7.988368e-01
                6700        8.756000e-05        5.428532e-01
                6800        8.474900e-05        5.428532e-01
                6900        8.759700e-05        5.428532e-01
                7000        8.658200e-05        2.689658e-01
                7100        8.658600e-05        1.738160e-01
                7200        8.720500e-05        1.738160e-01
                7300        8.760100e-05        1.199344e-01
                7400        8.544000e-05        1.199299e-01
                7500        8.617200e-05        9.387436e-02
                7600        8.478700e-05        9.387454e-02
                7700        8.672600e-05        6.400483e-02
                7800        8.461200e-05        6.400476e-02
                7900        8.577200e-05        4.482591e-02
                8000        8.832200e-05        4.482591e-02
                8100        8.556400e-05        3.299597e-02
                8200        8.733500e-05        3.299122e-02
                8300        8.992400e-05        2.548309e-02
                8400        8.782900e-05        2.548309e-02
                8500        8.670900e-05        1.986920e-02
                8600        1.033880e-04        1.986920e-02
                8700        9.921800e-05        1.332630e-02
                8800        1.062320e-04        1.332398e-02
                8900        1.023400e-04        9.511395e-03
                9000        8.465500e-05        9.511395e-03
                9100        8.505900e-05        7.062395e-03
                9200        8.692400e-05        7.062063e-03
                9300        1.003510e-04        5.191431e-03
                9400        8.629900e-05        5.191431e-03
                9500        9.860700e-05        3.720867e-03
                9600        9.720000e-05        3.720867e-03
                9700        1.101110e-04        2.687034e-03
                9800        9.746800e-05        2.687029e-03
                9900        8.519000e-05        1.977803e-03
               10000        1.051830e-04        1.977803e-03
               10100        1.068690e-04        1.273909e-03
               10200        9.676900e-05        1.273909e-03
               10300        9.368200e-05        1.091436e-03
               10400        1.029970e-04        1.091426e-03
               10500        1.055110e-04        6.932878e-04
               10600        9.310200e-05        6.932878e-04
               10700        1.041510e-04        4.864325e-04
               10800        1.020620e-04        4.864524e-04
               10900        8.380400e-05        3.520919e-04
               11000        8.698800e-05        3.520646e-04
               11100        8.687800e-05        3.520646e-04
               11200        9.259400e-05        2.038023e-04
               11300        1.022640e-04        1.438434e-04
               11400        9.344500e-05        1.438434e-04
               11500        9.380900e-05        1.045244e-04
               11600        9.361900e-05        1.044890e-04
               11700        1.022130e-04        7.991860e-05
               11800        1.056900e-04        7.991860e-05
               11900        9.526900e-05        5.322802e-05
               12000        8.505500e-05        5.322635e-05
               12100        9.436500e-05        4.083334e-05
               12200        9.437300e-05        4.083073e-05
               12300        9.478300e-05        3.023829e-05
               12400        9.520700e-05        3.023822e-05
               12500        1.033420e-04        2.361478e-05
               12600        9.429300e-05        2.361459e-05
               12700        1.032760e-04        1.824476e-05
               12800        1.031080e-04        1.824486e-05
               12900        1.025020e-04        1.341138e-05
               13000        1.036590e-04        1.341180e-05
               13100        9.201800e-05        8.971024e-06
               13200        9.454100e-05        8.970436e-06
               13300        1.025800e-04        6.413682e-06
               13400        8.367400e-05        6.414549e-06
               13500        8.492500e-05        4.142409e-06
               13600        8.556400e-05        4.142407e-06
               13700        8.634400e-05        2.928174e-06
               13800        1.089420e-04        2.928054e-06
               13900        9.697700e-05        1.930649e-06
               14000        9.711800e-05        1.931115e-06
               14100        9.664100e-05        1.534126e-06
               14200        9.711600e-05        1.534126e-06
               14300        9.635900e-05        1.111697e-06
               14400        9.608900e-05        1.111728e-06
               14500        9.539500e-05        7.697996e-07
               14600        9.701300e-05        7.697700e-07
               14700        9.679700e-05        6.472200e-07
               14800        9.741600e-05        6.472200e-07
               14900        1.080560e-04        4.508015e-07
               15000        9.620700e-05        4.507727e-07
               15100        1.090360e-04        3.475784e-07
               15200        1.056990e-04        3.475845e-07
               15300        1.049980e-04        2.459844e-07
               15400        9.582800e-05        2.459813e-07
               15500        1.079470e-04        1.886854e-07
               15600        1.047290e-04        1.886782e-07
               15700        1.049110e-04        1.375789e-07
               15800        8.645400e-05        1.375775e-07
               15900        8.690200e-05        9.323976e-08
               16000        8.757200e-05        9.324044e-08
               16100        8.697500e-05        6.832084e-08
               16200        8.702700e-05        6.832084e-08
               16300        8.537800e-05        4.476406e-08
               16400        8.779000e-05        4.476283e-08
               16500        9.032000e-05        2.912050e-08
               16600        8.639300e-05        2.912324e-08
               16700        9.029600e-05        2.301346e-08
               16800        9.160200e-05        2.301346e-08
               16900        9.300800e-05        1.526967e-08
               17000        9.117300e-05        1.526967e-08
               17100        9.137100e-05        1.113219e-08
               17200        9.053900e-05        1.113081e-08
               17300        8.804700e-05        8.552800e-09
               17400        8.872200e-05        8.550012e-09
               17500        8.819900e-05        5.708802e-09
               17600        8.767000e-05        5.708936e-09
               17700        8.765900e-05        3.898682e-09
               17800        7.045400e-05        3.898771e-09
               17900        7.989300e-05        2.939361e-09
               18000        8.992900e-05        2.939378e-09
               18100        9.037400e-05        2.130135e-09
               18200        8.968600e-05        2.130138e-09
               18300        8.919600e-05        1.449482e-09
               18400        8.744100e-05        1.449606e-09
               18500        8.911900e-05        1.264976e-09
               18600        8.715800e-05        1.264981e-09
               18700        8.879200e-05        8.717521e-10
               18800        8.764000e-05        8.717521e-10
               18900        9.107100e-05        6.484366e-10
               19000        8.916700e-05        6.484403e-10
               19100        8.978000e-05        4.755296e-10
               19200        8.828400e-05        4.755883e-10
               19300        7.046300e-05        3.432034e-10
               19400        7.681700e-05        3.432560e-10
               19500        9.109700e-05        2.276324e-10
               19600        8.771900e-05        2.276359e-10
               19700        9.130300e-05        1.849675e-10
               19800        8.910300e-05        1.849608e-10
               19900        9.896700e-05        1.334422e-10
               20000        8.812800e-05        1.334422e-10
               20100        8.915700e-05        1.001962e-10
               20200        8.773600e-05        1.001979e-10
               20300        8.782700e-05        6.565511e-11
               20400        8.639700e-05        6.565510e-11
               20500        8.822400e-05        5.103827e-11
               20600        9.158200e-05        5.103770e-11
               20700        9.068300e-05        3.463283e-11
               20800        9.026400e-05        3.463305e-11
               20900        9.484700e-05        2.215104e-11
               21000        8.874000e-05        2.215300e-11
               21100        8.885500e-05        1.489936e-11
               21200        8.902100e-05        1.490040e-11
               21300        9.074200e-05        9.957570e-12
               21400        9.146600e-05        9.958555e-12
               21500        9.729200e-05        7.110303e-12
               21600        9.295100e-05        7.110327e-12
               21700        9.136700e-05        5.485586e-12
               21800        9.047200e-05        5.485586e-12
               21900        8.919600e-05        3.726966e-12
               22000        9.097600e-05        3.726966e-12
               22100        8.950800e-05        2.673167e-12
               22200        8.830200e-05        2.673163e-12
               22300        9.046900e-05        1.950888e-12
               22400        9.183300e-05        1.950888e-12
               22500        9.055900e-05        1.304438e-12
               22600        8.873500e-05        1.304444e-12
               22700        9.104200e-05        1.026174e-12
               22800        8.856600e-05        1.026174e-12
               22900        8.941300e-05        7.646110e-13
               23000        8.926100e-05        7.646110e-13
               23100        9.060000e-05        5.708455e-13
               23200        9.070100e-05        5.708455e-13
               23300        9.071100e-05        3.746331e-13
               23400        9.063000e-05        3.745840e-13
               23500        8.950900e-05        3.057915e-13
               23600        8.819900e-05        3.058025e-13
               23700        9.026500e-05        2.171709e-13
               23800        8.889400e-05        2.171701e-13
               23900        7.244700e-05        1.540928e-13
               24000        7.763200e-05        1.540928e-13
               24100        9.187900e-05        1.128490e-13
               24200        9.038100e-05        1.128550e-13
               24300        8.933100e-05        8.083698e-14
               24400        8.851900e-05        8.083698e-14
               24500        9.142600e-05        6.613703e-14
               24600        9.196700e-05        6.613151e-14
               24700        8.974600e-05        4.548915e-14
               24800        8.836700e-05        4.548885e-14
               24900        8.951400e-05        3.604112e-14
               25000        8.923800e-05        3.603835e-14
               25100        9.062400e-05        2.409832e-14
               25200        9.353900e-05        2.409832e-14
               25300        8.805100e-05        1.824884e-14
               25400        8.746300e-05        1.824884e-14
               25500        9.215900e-05        1.158032e-14
               25600        8.823900e-05        1.158032e-14
               25700        8.987200e-05        8.441483e-15
               25800        9.044900e-05        8.442122e-15
               25900        8.925100e-05        6.156519e-15
               26000        9.027700e-05        6.156519e-15
               26100        8.947000e-05        5.006862e-15
               26200        8.959000e-05        5.006862e-15
               26300        8.864300e-05        4.053458e-15
               26400        8.842400e-05        4.053458e-15
               26500        8.965100e-05        3.186433e-15
               26600        9.189200e-05        3.186433e-15
               26700        9.132800e-05        2.217001e-15
               26800        8.909400e-05        2.217171e-15
               26900        9.035800e-05        1.599243e-15
               27000        9.014700e-05        1.599219e-15
               27100        9.114000e-05        1.147873e-15
               27200        9.076700e-05        1.148079e-15
               27300        9.126900e-05        9.155651e-16
               27400        9.059000e-05        9.155651e-16
               27500        9.938600e-05        6.835642e-16
               27600        9.129900e-05        6.836032e-16
               27700        9.009700e-05        4.851597e-16
               27800        9.239800e-05        4.851597e-16
               27900        9.106200e-05        3.382893e-16
               28000        9.372400e-05        3.382935e-16
               28100        9.259500e-05        2.468480e-16
               28200        9.284800e-05        2.468479e-16
               28300        9.269900e-05        1.771582e-16
               28400        9.149100e-05        1.771582e-16
               28500        9.105500e-05        1.296993e-16
               28600        9.183300e-05        1.296966e-16
               28700        8.947200e-05        8.919132e-17
               28800        9.117200e-05        8.919408e-17
               28900        9.264800e-05        6.809594e-17
               29000        8.948200e-05        6.809594e-17
               29100        9.141300e-05        4.694888e-17
               29200        9.136000e-05        4.692490e-17
               29300        9.042300e-05        3.216127e-17
               29400        9.126200e-05        3.216100e-17
               29500        9.058600e-05        2.499917e-17
               29600        9.263200e-05        2.499827e-17
               29700        9.316700e-05        1.783875e-17
               29800        9.137300e-05        1.783875e-17
               29900        9.359100e-05        1.502418e-17
               30000        9.241300e-05        1.502418e-17
               30100        9.232300e-05        9.608155e-18
               30200        9.228000e-05        9.607943e-18
               30300        9.212800e-05        6.921155e-18
               30400        8.984100e-05        6.915315e-18
               30500        9.199700e-05        4.783050e-18
               30600        9.071300e-05        4.783145e-18
               30700        9.207400e-05        3.562879e-18
               30800        9.007400e-05        3.563864e-18
               30900        8.964400e-05        2.566857e-18
               31000        9.309100e-05        2.567001e-18
               31100        9.218500e-05        1.701904e-18
               31200        8.920600e-05        1.701905e-18
               31300        9.116400e-05        1.252386e-18
               31400        8.986500e-05        1.252333e-18
               31500        8.929000e-05        8.667566e-19
               31600        9.354700e-05        8.669361e-19
               31700        8.917600e-05        5.531504e-19
               31800        8.908800e-05        5.531606e-19
               31900        9.065700e-05        3.704048e-19
               32000        9.202000e-05        3.704028e-19
               32100        9.061200e-05        2.928816e-19
               32200        9.306800e-05        2.928816e-19
               32300        9.128600e-05        2.149540e-19
               32400        9.441800e-05        2.149541e-19
               32500        8.966200e-05        1.675263e-19
               32600        9.451200e-05        1.675263e-19
               32700        9.271700e-05        1.208285e-19
               32800        9.648700e-05        1.208285e-19
               32900        9.155800e-05        9.161249e-20
               33000        9.199100e-05        9.159942e-20
               33100        8.996500e-05        6.815960e-20
               33200        8.885600e-05        6.815909e-20
               33300        8.565500e-05        4.867509e-20
               33400        8.994500e-05        4.867509e-20
               33500        8.876900e-05        3.489095e-20
               33600        8.947000e-05        3.489095e-20
               33700        1.034330e-04        1.873275e-20
               33800        1.013610e-04        1.256721e-20
               33900        8.789900e-05        1.256776e-20
               34000        8.685300e-05        1.076724e-20
               34100        9.076800e-05        1.076724e-20
               34200        9.081700e-05        7.360949e-21
               34300        9.088100e-05        7.360949e-21
               34400        8.894000e-05        5.953884e-21
               34500        8.750000e-05        5.953978e-21
               34600        8.842300e-05        3.955696e-21
               34700        8.572900e-05        3.955993e-21
               34800        8.944800e-05        3.354866e-21
               34900        8.682500e-05        3.354373e-21
               35000        8.762700e-05        2.379540e-21
               35100        9.016000e-05        2.379489e-21
               35200        1.000860e-04        1.791216e-21
               35300        8.724700e-05        1.791244e-21
               35400        8.840100e-05        1.242123e-21
               35500        8.485300e-05        1.242117e-21
               35600        9.097400e-05        9.445892e-22
               35700        8.487900e-05        9.445892e-22
               35800        8.803500e-05        6.370703e-22
               35900        9.341800e-05        6.370703e-22
               36000        8.624800e-05        4.678733e-22
               36100        8.561900e-05        4.679221e-22
               36200        8.670600e-05        3.471579e-22
               36300        9.209200e-05        3.471606e-22
               36400        8.751300e-05        3.471606e-22
               36500        9.036200e-05        1.916094e-22
               36600        8.958200e-05        1.370852e-22
               36700        8.965800e-05        1.370823e-22
               36800        8.731900e-05        1.120723e-22
               36900        8.645600e-05        1.120723e-22
               37000        8.854600e-05        7.900996e-23
               37100        8.812800e-05        7.898821e-23
               37200        8.750700e-05        5.529437e-23
               37300        8.894300e-05        5.529449e-23
               37400        9.285100e-05        3.847174e-23
               37500        8.764800e-05        3.847174e-23
               37600        8.773400e-05        2.813907e-23
               37700        8.820100e-05        2.813907e-23
               37800        8.573200e-05        1.860183e-23
               37900        8.734300e-05        1.860183e-23
               38000        8.921600e-05        1.269330e-23
               38100        8.605500e-05        1.269330e-23
               38200        8.772000e-05        9.262172e-24
               38300        8.779400e-05        9.261843e-24
               38400        8.693100e-05        6.473597e-24
               38500        8.671400e-05        6.473842e-24
               38600        8.944000e-05        4.975670e-24
               38700        8.871100e-05        4.975337e-24
               38800        8.763900e-05        3.390238e-24
               38900        8.892700e-05        3.388476e-24
               39000        8.871100e-05        2.326394e-24
               39100        8.644300e-05        2.326394e-24
               39200        8.530800e-05        1.927595e-24
               39300        8.881800e-05        1.927595e-24
               39400        8.507300e-05        1.310937e-24
               39500        9.092300e-05        1.310937e-24
               39600        8.891500e-05        9.019918e-25
               39700        8.821800e-05        9.019918e-25
               39800        8.933300e-05        7.958148e-25
               39900        8.702000e-05        7.959349e-25
               40000        8.578800e-05        6.477837e-25
               40100        9.030200e-05        6.477837e-25
               40200        8.569000e-05        5.899736e-25
               40300        8.595800e-05        5.899736e-25
               40400        8.688400e-05        4.980625e-25
               40500        8.724000e-05        4.980010e-25
               40600        8.790000e-05        4.042277e-25
               40700        8.669600e-05        4.042277e-25
               40800        8.714500e-05        4.120169e-25
               40900        8.717300e-05        4.116873e-25
               41000        9.036200e-05        3.794217e-25
               41100        8.829600e-05        3.792924e-25
               41200        8.909800e-05        3.622184e-25
               41300        9.243800e-05        3.622294e-25
               41400        8.616500e-05        4.002992e-25
               41500        8.668300e-05        4.002992e-25
               41600        9.209400e-05        3.930092e-25
               41700        8.706400e-05        3.930092e-25
               41800        8.702400e-05        3.774371e-25
               41900        8.684200e-05        3.772362e-25
               42000        8.526100e-05        3.864629e-25
               42100        9.034400e-05        3.864446e-25
               42200        9.093000e-05        3.711109e-25
               42300        8.780200e-05        3.711487e-25
               42400        8.619800e-05        3.560098e-25
               42500        7.557900e-05        3.560098e-25
               42600        7.213700e-05        3.461938e-25
               42700        9.055900e-05        3.461938e-25
               42800        8.960800e-05        3.308355e-25
               42900        8.640700e-05        3.308355e-25
               43000        8.862100e-05        3.551002e-25
               43100        9.228400e-05        3.551095e-25
               43200        8.705600e-05        3.232226e-25
               43300        8.968600e-05        3.232320e-25
               43400        9.035800e-05        3.237926e-25
               43500        9.011400e-05        3.238163e-25
               43600        8.894100e-05        3.326717e-25
               43700        8.859500e-05        3.326717e-25
               43800        8.555900e-05        3.294814e-25
               43900        8.795100e-05        3.293114e-25
               44000        8.700000e-05        3.590396e-25
               44100        8.744400e-05        3.591235e-25
               44200        8.871900e-05        3.454060e-25
               44300        8.653600e-05        3.454060e-25
               44400        8.853500e-05        3.302659e-25
               44500        8.922500e-05        3.301900e-25
               44600        8.950500e-05        3.013369e-25
               44700        8.781400e-05        3.013369e-25
               44800        8.749500e-05        2.720242e-25
               44900        8.860200e-05        2.719516e-25
               45000        8.640300e-05        2.978266e-25
               45100        8.802500e-05        2.976941e-25
               45200        9.077700e-05        2.680726e-25
               45300        8.871900e-05        2.680666e-25
               45400        8.469300e-05        2.680666e-25
               45500        9.320700e-05        2.687325e-25
               45600        8.971800e-05        2.688202e-25
               45700        9.115000e-05        2.688202e-25
               45800        8.932100e-05        2.706790e-25
               45900        8.679600e-05        2.706790e-25
               46000        8.954800e-05        2.351073e-25
               46100        9.058700e-05        2.350867e-25
               46200        9.307500e-05        2.693782e-25
               46300        9.073200e-05        2.693782e-25
               46400        8.757500e-05        2.816225e-25
               46500        8.838200e-05        2.816691e-25
               46600        9.098900e-05        3.167290e-25
               46700        9.000200e-05        3.167290e-25
               46800        9.097400e-05        2.808896e-25
               46900        9.470600e-05        2.808896e-25
               47000        9.129800e-05        2.851662e-25
               47100        8.902700e-05        2.851662e-25
               47200        8.825400e-05        2.864359e-25
               47300        8.718300e-05        2.864359e-25
               47400        8.930900e-05        2.646978e-25
               47500        8.909600e-05        2.644133e-25
               47600        8.549900e-05        2.805110e-25
               47700        8.567400e-05        2.805110e-25
               47800        8.798600e-05        2.887946e-25
               47900        8.939000e-05        2.887749e-25
               48000        8.790000e-05        2.894855e-25
               48100        8.686600e-05        2.893924e-25
               48200        8.867700e-05        2.951320e-25
               48300        8.772700e-05        2.950961e-25
               48400        8.714500e-05        2.845761e-25
               48500        8.873600e-05        2.845761e-25
               48600        8.609800e-05        2.831314e-25
               48700        8.807200e-05        2.831314e-25
               48800        9.135300e-05        2.763535e-25
               48900        8.992100e-05        2.763436e-25
               49000        8.689200e-05        2.580523e-25
               49100        8.715900e-05        2.580523e-25
               49200        8.580300e-05        2.433171e-25
               49300        8.734000e-05        2.433171e-25
               49400        8.580600e-05        2.451702e-25
               49500        8.620000e-05        2.451702e-25
               49600        8.639500e-05        2.243979e-25
               49700        8.532400e-05        2.243979e-25
               49800        8.822900e-05        2.166140e-25
               49900        8.786800e-05        2.166008e-25
               50000        8.760800e-05        2.443773e-25
               50100        8.620100e-05        2.443662e-25
               50200        8.739600e-05        2.592681e-25
               50300        8.615900e-05        2.592681e-25
               50400        8.666900e-05        2.393929e-25
               50500        8.483200e-05        2.393929e-25
               50600        8.880000e-05        2.896530e-25
               50700        8.952100e-05        2.896165e-25
               50800        8.664200e-05        2.897490e-25
               50900        9.222500e-05        2.897202e-25
               51000        8.763400e-05        2.985596e-25
               51100        8.932300e-05        2.985596e-25
               51200        8.873600e-05        3.053844e-25
               51300        9.150900e-05        3.053844e-25
               51400        9.114300e-05        2.817412e-25
               51500        9.092500e-05        2.816860e-25
               51600        8.526600e-05        2.734278e-25
               51700        8.908700e-05        2.733726e-25
               51800        8.662300e-05        2.990263e-25
               51900        8.708100e-05        2.990263e-25
               52000        8.734200e-05        3.029904e-25
               52100        8.543600e-05        3.030115e-25
               52200        8.614800e-05        2.549742e-25
               52300        8.611100e-05        2.549742e-25
               52400        8.620300e-05        2.765087e-25
               52500        8.562100e-05        2.765087e-25
               52600        8.493700e-05        2.797741e-25
               52700        9.271300e-05        2.797760e-25
               52800        8.690400e-05        2.730039e-25
               52900        8.710900e-05        2.730039e-25
               53000        8.843300e-05        2.700189e-25
               53100        8.827800e-05        2.700189e-25
               53200        9.141700e-05        2.573601e-25
               53300        9.060900e-05        2.573601e-25
               53400        9.025500e-05        2.464112e-25
               53500        8.347600e-05        2.464049e-25
               53600        8.697700e-05        2.411860e-25
               53700        9.051300e-05        2.411860e-25
               53800        9.095600e-05        2.148060e-25
               53900        9.016400e-05        2.148060e-25
               54000        8.472300e-05        2.370050e-25
               54100        8.704000e-05        2.370050e-25
               54200        8.611100e-05        2.010326e-25
               54300        9.073900e-05        2.010287e-25
               54400        9.102800e-05        2.421202e-25
               54500        8.696000e-05        2.421281e-25
               54600        9.027100e-05        2.539578e-25
               54700        9.015700e-05        2.539578e-25
               54800        9.003400e-05        2.623205e-25
               54900        9.183400e-05        2.623205e-25
               55000        9.091700e-05        2.426618e-25
               55100        8.434400e-05        2.426981e-25
               55200        8.974900e-05        2.500776e-25
               55300        9.052500e-05        2.501250e-25
               55400        9.083400e-05        2.350373e-25
               55500        8.534200e-05        2.349056e-25
               55600        8.674000e-05        3.007796e-25
               55700        8.623900e-05        3.008222e-25
               55800        9.047500e-05        2.751905e-25
               55900        8.520900e-05        2.751905e-25
               56000        8.472700e-05        2.785895e-25
               56100        8.819800e-05        2.786007e-25
               56200        8.719900e-05        2.818545e-25
               56300        8.774400e-05        2.818246e-25
               56400        9.069100e-05        2.373661e-25
               56500        9.192300e-05        2.373661e-25
               56600        9.021800e-05        2.620289e-25
               56700        8.431600e-05        2.620289e-25
               56800        8.563900e-05        2.601492e-25
               56900        8.496900e-05        2.600756e-25
               57000        8.667500e-05        2.350506e-25
               57100        8.431500e-05        2.350506e-25
               57200        8.928500e-05        2.595370e-25
               57300        9.124400e-05        2.595370e-25
               57400        8.581300e-05        2.756083e-25
               57500        8.705500e-05        2.756083e-25
               57600        8.968800e-05        2.622926e-25
               57700        8.694500e-05        2.623036e-25
               57800        8.592800e-05        2.781640e-25
               57900        8.465300e-05        2.781640e-25
               58000        8.539100e-05        3.198585e-25
               58100        8.789300e-05        3.197936e-25
               58200        8.848100e-05        2.964457e-25
               58300        9.113500e-05        2.964457e-25
               58400        9.097500e-05        3.043639e-25
               58500        8.630300e-05        3.042079e-25
               58600        8.697500e-05        3.019754e-25
               58700        8.629600e-05        3.019754e-25
               58800        8.907300e-05        2.771059e-25
               58900        8.776600e-05        2.771059e-25
               59000        9.129300e-05        2.796558e-25
               59100        8.931700e-05        2.796558e-25
               59200        8.961400e-05        2.999758e-25
               59300        9.674500e-05        2.998654e-25
               59400        8.845000e-05        2.957723e-25
               59500        9.006300e-05        2.958049e-25
               59600        9.193300e-05        2.912249e-25
               59700        8.940200e-05        2.912352e-25
               59800        8.996500e-05        2.908289e-25
               59900        9.090000e-05        2.908289e-25
               60000        1.037330e-04        2.486869e-25
               60100        8.958500e-05        2.486656e-25
               60200        8.922900e-05        2.419353e-25
               60300        8.949200e-05        2.419353e-25
               60400        1.120240e-04        2.593211e-25
               60500        8.880300e-05        2.592737e-25
               60600        9.091000e-05        2.438945e-25
               60700        8.836800e-05        2.439524e-25
               60800        8.697200e-05        2.600350e-25
               60900        8.845100e-05        2.600760e-25
               61000        7.221100e-05        2.255171e-25
               61100        7.585000e-05        2.254540e-25
               61200        8.914000e-05        2.300813e-25
               61300        8.894000e-05        2.300813e-25
               61400        8.631400e-05        2.725397e-25
               61500        8.697900e-05        2.725397e-25
               61600        8.686200e-05        2.892366e-25
               61700        8.855500e-05        2.892366e-25
               61800        8.672300e-05        2.690727e-25
               61900        8.933600e-05        2.691469e-25
               62000        9.324400e-05        2.667002e-25
               62100        9.103100e-05        2.667347e-25
               62200        8.877100e-05        2.436098e-25
               62300        8.727500e-05        2.436382e-25
               62400        8.743300e-05        2.434812e-25
               62500        8.898900e-05        2.434812e-25
               62600        8.714700e-05        2.606876e-25
               62700        8.823400e-05        2.606876e-25
               62800        8.854500e-05        3.063526e-25
               62900        9.151000e-05        3.063329e-25
               63000        8.688700e-05        2.765467e-25
               63100        8.807900e-05        2.765467e-25
               63200        8.652500e-05        2.855863e-25
               63300        8.675000e-05        2.524699e-25
               63400        8.917300e-05        2.524699e-25
               63500        8.830100e-05        2.385408e-25
               63600        8.846600e-05        2.385475e-25
               63700        8.603900e-05        2.798795e-25
               63800        8.856900e-05        2.798795e-25
               63900        8.819800e-05        2.504632e-25
               64000        8.778300e-05        2.505125e-25
               64100        9.227500e-05        2.344216e-25
               64200        8.871000e-05        2.344465e-25
               64300        8.800100e-05        2.626177e-25
               64400        8.908700e-05        2.626177e-25
               64500        8.872500e-05        3.019526e-25
               64600        8.565500e-05        3.019526e-25
               64700        8.674300e-05        3.336857e-25
               64800        8.703200e-05        3.336857e-25
               64900        8.575300e-05        3.072229e-25
               65000        8.778500e-05        3.072229e-25
               65100        8.615800e-05        3.209749e-25
               65200        8.708200e-05        3.209433e-25
               65300        8.603600e-05        3.012909e-25
               65400        8.737100e-05        3.012909e-25
               65500        8.863500e-05        2.798341e-25
               65600        9.160000e-05        2.798590e-25
               65700        9.160300e-05        2.844452e-25
               65800        9.063000e-05        2.844700e-25
               65900        8.771800e-05        2.803363e-25
               66000        8.813300e-05        2.803363e-25
               66100        9.207900e-05        2.808460e-25
               66200        8.932100e-05        2.808460e-25
               66300        9.080000e-05        2.632910e-25
               66400        8.946700e-05        2.632910e-25
               66500        8.936700e-05        2.488904e-25
               66600        9.035500e-05        2.490407e-25
               66700        9.042200e-05        2.527005e-25
               66800        9.071800e-05        2.527143e-25
               66900        9.042100e-05        2.518652e-25
               67000        9.061800e-05        2.518652e-25
               67100        9.170100e-05        2.824769e-25
               67200        9.079400e-05        2.824769e-25
               67300        9.031900e-05        2.719738e-25
               67400        8.859200e-05        2.717923e-25
               67500        9.123200e-05        2.535451e-25
               67600        9.090600e-05        2.535451e-25
               67700        9.057600e-05        2.816410e-25
               67800        8.800200e-05        2.816410e-25
               67900        8.645600e-05        2.816128e-25
               68000        9.047600e-05        2.816128e-25
               68100        8.999200e-05        2.681587e-25
               68200        9.348000e-05        2.682415e-25
               68300        8.824500e-05        2.504047e-25
               68400        8.722700e-05        2.504047e-25
               68500        8.858200e-05        2.479250e-25
               68600        8.941300e-05        2.479250e-25
               68700        9.198100e-05        2.654387e-25
               68800        9.040400e-05        2.652404e-25
               68900        9.060200e-05        2.922891e-25
               69000        9.031900e-05        2.922986e-25
               69100        9.060200e-05        2.649495e-25
               69200        9.024700e-05        2.649495e-25
               69300        9.125900e-05        2.695531e-25
               69400        8.829300e-05        2.692363e-25
               69500        9.064100e-05        3.018688e-25
               69600        9.084300e-05        3.019288e-25
               69700        9.014900e-05        3.200869e-25
               69800        9.253600e-05        3.200869e-25
               69900        8.957900e-05        3.192113e-25
               70000        8.866900e-05        3.191577e-25
               70100        9.190000e-05        3.405704e-25
               70200        8.903800e-05        3.406287e-25
               70300        9.097700e-05        3.380761e-25
               70400        9.067900e-05        3.381367e-25
               70500        9.034000e-05        2.677715e-25
               70600        9.240800e-05        2.677715e-25
               70700        9.961300e-05        2.522300e-25
               70800        9.047200e-05        2.522300e-25
               70900        8.891400e-05        2.999930e-25
               71000        8.747200e-05        2.999930e-25
               71100        8.664900e-05        2.945216e-25
               71200        9.009300e-05        2.945815e-25
               71300        8.929500e-05        2.886722e-25
               71400        9.058900e-05        2.887483e-25
               71500        9.309500e-05        2.829919e-25
               71600        9.339600e-05        2.828714e-25
               71700        8.982200e-05        2.932064e-25
               71800        8.884200e-05        2.932893e-25
               71900        9.196400e-05        2.879422e-25
               72000        9.245900e-05        2.879731e-25
               72100        9.369300e-05        2.544080e-25
               72200        9.570200e-05        2.545489e-25
               72300        9.579600e-05        2.411580e-25
               72400        9.363600e-05        2.411580e-25
               72500        9.372700e-05        2.913155e-25
               72600        9.179200e-05        2.913155e-25
               72700        9.094600e-05        2.879280e-25
               72800        9.094500e-05        2.879280e-25
               72900        9.076300e-05        2.573510e-25
               73000        9.277400e-05        2.573510e-25
               73100        9.051200e-05        2.430877e-25
               73200        8.976300e-05        2.430877e-25
               73300        8.984500e-05        2.053663e-25
               73400        9.044900e-05        2.053663e-25
               73500        9.048300e-05        2.243751e-25
               73600        8.973400e-05        2.243751e-25
               73700        9.366800e-05        2.507959e-25
               73800        9.171500e-05        2.507959e-25
               73900        8.639900e-05        2.552541e-25
               74000        8.918000e-05        2.552541e-25
               74100        9.096300e-05        2.579171e-25
               74200        9.127700e-05        2.579171e-25
               74300        9.092900e-05        2.594208e-25
               74400        9.267100e-05        2.594395e-25
               74500        9.150800e-05        2.808836e-25
               74600        9.001800e-05        2.808933e-25
               74700        8.695600e-05        2.943214e-25
               74800        9.016200e-05        2.943214e-25
               74900        1.137910e-04        2.814609e-25
               75000        8.989000e-05        2.814278e-25
               75100        9.174300e-05        3.029356e-25
               75200        8.992800e-05        3.029457e-25
               75300        9.078200e-05        2.616296e-25
               75400        9.126300e-05        2.616120e-25
               75500        9.462700e-05        2.816637e-25
               75600        9.187800e-05        2.815832e-25
               75700        9.269000e-05        3.096384e-25
               75800        9.146100e-05        3.096360e-25
               75900        9.129600e-05        3.467226e-25
               76000        8.900300e-05        3.467226e-25
               76100        9.076200e-05        2.691672e-25
               76200        8.833800e-05        2.692098e-25
               76300        9.222700e-05        3.088229e-25
               76400        9.159700e-05        3.087574e-25
               76500        1.115380e-04        2.544215e-25
               76600        8.948700e-05        2.544421e-25
               76700        9.004200e-05        2.632012e-25
               76800        9.043900e-05        2.632012e-25
               76900        8.903200e-05        2.908375e-25
               77000        8.777500e-05        2.908261e-25
               77100        9.073800e-05        3.055886e-25
               77200        8.933000e-05        3.055105e-25
               77300        9.169000e-05        2.762986e-25
               77400        8.952900e-05        2.763681e-25
               77500        8.895900e-05        2.682155e-25
               77600        9.047900e-05        2.681066e-25
               77700        9.161000e-05        2.993756e-25
               77800        9.095500e-05        2.994032e-25
               77900        8.868500e-05        3.472209e-25
               78000        8.981700e-05        3.472334e-25
               78100        8.926100e-05        2.991494e-25
               78200        9.073200e-05        2.991494e-25
               78300        9.148100e-05        2.764646e-25
               78400        9.074100e-05        2.764500e-25
               78500        8.900100e-05        2.884967e-25
               78600        8.951200e-05        2.884762e-25
               78700        8.936800e-05        2.662256e-25
               78800        8.885600e-05        2.662256e-25
               78900        9.173100e-05        2.784837e-25
               79000        9.161200e-05        2.784837e-25
               79100        8.930200e-05        2.905186e-25
               79200        9.031900e-05        2.905274e-25
               79300        8.884800e-05        3.259074e-25
               79400        8.938900e-05        3.260683e-25
               79500        8.871000e-05        3.200882e-25
               79600        9.070400e-05        3.200882e-25
               79700        9.041400e-05        3.032011e-25
               79800        8.783100e-05        3.032450e-25
               79900        9.154800e-05        3.083169e-25
               80000        8.959600e-05        3.082882e-25
               80100        8.880600e-05        2.933083e-25
               80200        9.218100e-05        2.933083e-25
               80300        8.852100e-05        3.066067e-25
               80400        8.954100e-05        3.066067e-25
               80500        9.073400e-05        3.050351e-25
               80600        9.086900e-05        3.050351e-25
               80700        8.933000e-05        3.000924e-25
               80800        9.233800e-05        3.001492e-25
               80900        8.772200e-05        2.551896e-25
               81000        9.289100e-05        2.551896e-25
               81100        9.162900e-05        2.532955e-25
               81200        9.152900e-05        2.532955e-25
               81300        9.133200e-05        2.498963e-25
               81400        8.943100e-05        2.499397e-25
               81500        8.853000e-05        2.853041e-25
               81600        9.226700e-05        2.852957e-25
               81700        9.155600e-05        2.635474e-25
               81800        9.096500e-05        2.636010e-25
               81900        9.429400e-05        2.206489e-25
               82000        9.099400e-05        2.206489e-25
               82100        9.193200e-05        2.494955e-25
               82200        9.138700e-05        2.494955e-25
               82300        9.010500e-05        2.494955e-25
               82400        9.047000e-05        2.286824e-25
               82500        8.930200e-05        2.437052e-25
               82600        8.793200e-05        2.437608e-25
               82700        8.684200e-05        2.649954e-25
               82800        8.885400e-05        2.650989e-25
               82900        9.018400e-05        2.731415e-25
               83000        8.999500e-05        2.731400e-25
               83100        9.294400e-05        2.627771e-25
               83200        8.848700e-05        2.628008e-25
               83300        8.864700e-05        2.489760e-25
               83400        9.288200e-05        2.489760e-25
               83500        8.921700e-05        2.568441e-25
               83600        9.164900e-05        2.568441e-25
               83700        9.404300e-05        2.480865e-25
               83800        9.066900e-05        2.480865e-25
               83900        9.222900e-05        2.698312e-25
               84000        9.037400e-05        2.698312e-25
               84100        8.866700e-05        2.534424e-25
               84200        8.907700e-05        2.536262e-25
               84300        9.560600e-05        2.540779e-25
               84400        9.138900e-05        2.541150e-25
               84500        9.724200e-05        2.617493e-25
               84600        9.074500e-05        2.617493e-25
               84700        9.110500e-05        2.854618e-25
               84800        9.292600e-05        2.854398e-25
               84900        9.238700e-05        3.118227e-25
               85000        9.547700e-05        3.118227e-25
               85100        9.530000e-05        2.756955e-25
               85200        9.602400e-05        2.756955e-25
               85300        9.335800e-05        2.722728e-25
               85400        9.010400e-05        2.721872e-25
               85500        9.233800e-05        2.813951e-25
               85600        9.218000e-05        2.813683e-25
               85700        8.687200e-05        2.758917e-25
               85800        9.032300e-05        2.758917e-25
               85900        8.767100e-05        2.308475e-25
               86000        8.931300e-05        2.308475e-25
               86100        9.188400e-05        2.706461e-25
               86200        9.070000e-05        2.706461e-25
               86300        9.106700e-05        3.216625e-25
               86400        9.020800e-05        3.216625e-25
               86500        9.188500e-05        3.123504e-25
               86600        8.958800e-05        3.123504e-25
               86700        9.328300e-05        3.048648e-25
               86800        9.093100e-05        3.048648e-25
               86900        8.755500e-05        2.859322e-25
               87000        9.148000e-05        2.859322e-25
               87100        9.154700e-05        2.691098e-25
               87200        9.134600e-05        2.691224e-25
               87300        9.093800e-05        3.141350e-25
               87400        8.702100e-05        3.141350e-25
               87500        8.835500e-05        2.755472e-25
               87600        9.016900e-05        2.755472e-25
               87700        9.196200e-05        2.870524e-25
               87800        9.331000e-05        2.870524e-25
               87900        9.378400e-05        2.804491e-25
               88000        9.248000e-05        2.804417e-25
               88100        8.994100e-05        2.756059e-25
               88200        9.344800e-05        2.756548e-25
               88300        9.219400e-05        2.709225e-25
               88400        7.274600e-05        2.709281e-25
               88500        7.596400e-05        2.731606e-25
               88600        9.092600e-05        2.730574e-25
               88700        9.193800e-05        2.996535e-25
               88800        8.850900e-05        2.995921e-25
               88900        9.204700e-05        3.277928e-25
               89000        8.935400e-05        3.278214e-25
               89100        9.153500e-05        3.216443e-25
               89200        9.110900e-05        3.216443e-25
               89300        8.950400e-05        2.917518e-25
               89400        9.147800e-05        2.917518e-25
               89500        9.160400e-05        3.016312e-25
               89600        9.176700e-05        3.016312e-25
               89700        9.098100e-05        3.047222e-25
               89800        9.093400e-05        3.047222e-25
               89900        9.111500e-05        2.756320e-25
               90000        9.360800e-05        2.756320e-25
               90100        8.792700e-05        2.649302e-25
               90200        9.246600e-05        2.649302e-25
               90300        8.968400e-05        2.837268e-25
               90400        8.806900e-05        2.837268e-25
               90500        9.237900e-05        2.737310e-25
               90600        8.807300e-05        2.737310e-25
               90700        9.221000e-05        2.774809e-25
               90800        8.897300e-05        2.774809e-25
               90900        9.052300e-05        2.790664e-25
               91000        9.138100e-05        2.790664e-25
               91100        9.268000e-05        2.635314e-25
               91200        9.283000e-05        2.635314e-25
               91300        8.951300e-05        2.530345e-25
               91400        9.200900e-05        2.530345e-25
               91500        9.062400e-05        2.699875e-25
               91600        8.914900e-05        2.699875e-25
               91700        9.242100e-05        2.662325e-25
               91800        9.025800e-05        2.662522e-25
               91900        9.111100e-05        2.418552e-25
               92000        9.254200e-05        2.418331e-25
               92100        9.047600e-05        2.365164e-25
               92200        8.769100e-05        2.364675e-25
               92300        9.186000e-05        2.361062e-25
               92400        8.984700e-05        2.361062e-25
               92500        9.059200e-05        2.445452e-25
               92600        9.075400e-05        2.445452e-25
               92700        9.477800e-05        2.683666e-25
               92800        9.231500e-05        2.683130e-25
               92900        9.013700e-05        2.544754e-25
               93000        9.141600e-05        2.544660e-25
               93100        9.104800e-05        2.778941e-25
               93200        8.995700e-05        2.778941e-25
               93300        9.003600e-05        2.500320e-25
               93400        8.998800e-05        2.500320e-25
               93500        9.088500e-05        2.859854e-25
               93600        9.288000e-05        2.859854e-25
               93700        9.299400e-05        3.150783e-25
               93800        9.011100e-05        3.151004e-25
               93900        9.136800e-05        2.901460e-25
               94000        9.063200e-05        2.901460e-25
               94100        8.873300e-05        2.652919e-25
               94200        8.949300e-05        2.652919e-25
               94300        9.123500e-05        2.541762e-25
               94400        8.923600e-05        2.541762e-25
               94500        8.918600e-05        2.295771e-25
               94600        8.689600e-05        2.295771e-25
               94700        9.303400e-05        2.577950e-25
               94800        9.055100e-05        2.578282e-25
               94900        9.190100e-05        2.439153e-25
               95000        8.942100e-05        2.439153e-25
               95100        9.094700e-05        2.534231e-25
               95200        9.105800e-05        2.534231e-25
               95300        9.245200e-05        3.042011e-25
               95400        9.046300e-05        3.042011e-25
               95500        9.052900e-05        2.849537e-25
               95600        9.261000e-05        2.849537e-25
               95700        8.956700e-05        2.995847e-25
               95800        8.778900e-05        2.995847e-25
               95900        9.250000e-05        3.157592e-25
               96000        9.231300e-05        3.157560e-25
               96100        8.832200e-05        3.032481e-25
               96200        9.177500e-05        3.032481e-25
               96300        8.828500e-05        2.913859e-25
               96400        9.239700e-05        2.913859e-25
               96500        9.193000e-05        2.414581e-25
               96600        8.906000e-05        2.414801e-25
               96700        8.838500e-05        2.599579e-25
               96800        9.086600e-05        2.599579e-25
               96900        9.240000e-05        2.712814e-25
               97000        8.764700e-05        2.714061e-25
               97100        9.277000e-05        2.679972e-25
               97200        9.258900e-05        2.679972e-25
               97300        9.514400e-05        2.993282e-25
               97400        9.249100e-05        2.993306e-25
               97500        9.508200e-05        2.821984e-25
               97600        9.437900e-05        2.821636e-25
               97700        9.250300e-05        3.162273e-25
               97800        9.994800e-05        3.163115e-25
               97900        9.263400e-05        3.263521e-25
               98000        9.307100e-05        3.263521e-25
               98100        9.218300e-05        3.542982e-25
               98200        9.206100e-05        3.544503e-25
               98300        9.181700e-05        3.072255e-25
               98400        9.057000e-05        3.071466e-25
               98500        9.158000e-05        3.251207e-25
               98600        8.994700e-05        3.251156e-25
               98700        9.114600e-05        3.445925e-25
               98800        8.784100e-05        3.445925e-25
               98900        8.829900e-05        3.369989e-25
               99000        9.016800e-05        3.369989e-25
               99100        8.970900e-05        3.143421e-25
               99200        8.951800e-05        3.143421e-25
               99300        8.132000e-05        3.015618e-25
               99400        7.174600e-05        3.015618e-25
               99500        7.147300e-05        3.059514e-25
               99600        7.162900e-05        3.059514e-25
               99700        7.209700e-05        2.908603e-25
               99800        7.256200e-05        2.909392e-25
               99900        7.228000e-05        2.754855e-25
              100000        7.195400e-05        2.754855e-25
