Period: 100
               Epoch           Time cost                Loss
                 100        1.100560e-04        3.284296e+04
                 200        5.058200e-05        2.176990e+04
                 300        4.857800e-05        1.018586e+04
                 400        4.775700e-05        5.436015e+03
                 500        4.764900e-05        2.295713e+03
                 600        4.826700e-05        1.495226e+03
                 700        4.857100e-05        7.275437e+02
                 800        7.361500e-05        3.943546e+02
                 900        5.503300e-05        1.931479e+02
                1000        6.490300e-05        1.062894e+02
                1100        1.076240e-04        5.233139e+01
                1200        6.598000e-05        2.401075e+01
                1300        5.601300e-05        1.307009e+01
                1400        8.426200e-05        7.319628e+00
                1500        5.819400e-05        3.551459e+00
                1600        8.591100e-05        2.417599e+00
                1700        1.012780e-04        1.110800e+00
                1800        1.105760e-04        5.786191e-01
                1900        7.612500e-05        2.596846e-01
                2000        7.617900e-05        1.496686e-01
                2100        7.852300e-05        1.496686e-01
                2200        4.901700e-05        4.720119e-02
                2300        7.897300e-05        2.123277e-02
                2400        7.392000e-05        2.123277e-02
                2500        4.914900e-05        2.123277e-02
                2600        7.796300e-05        7.087999e-03
                2700        7.325400e-05        3.239922e-03
                2800        6.330200e-05        3.239922e-03
                2900        7.608600e-05        1.605508e-03
                3000        7.921800e-05        8.751085e-04
                3100        4.850700e-05        8.751085e-04
                3200        7.939400e-05        3.291861e-04
                3300        7.690200e-05        1.497667e-04
                3400        4.847500e-05        1.497667e-04
                3500        8.041500e-05        3.625750e-05
                3600        7.977100e-05        2.012532e-05
                3700        6.725800e-05        8.270673e-06
                3800        7.728100e-05        8.270936e-06
                3900        4.847700e-05        4.362267e-06
                4000        7.691200e-05        2.558582e-06
                4100        7.403800e-05        2.558582e-06
                4200        9.968700e-05        6.194700e-07
                4300        7.229200e-05        3.204323e-07
                4400        6.594100e-05        3.204323e-07
                4500        7.533800e-05        3.204323e-07
                4600        6.738500e-05        1.014113e-07
                4700        7.351800e-05        1.014110e-07
                4800        6.829600e-05        5.998935e-08
                4900        7.355100e-05        3.037080e-08
                5000        6.484700e-05        3.037080e-08
                5100        7.631900e-05        1.522522e-08
                5200        4.838600e-05        9.381224e-09
                5300        8.011300e-05        9.381030e-09
                5400        7.820700e-05        5.145586e-09
                5500        6.644900e-05        2.377164e-09
                5600        7.701600e-05        2.377164e-09
                5700        5.105900e-05        1.147066e-09
                5800        8.246900e-05        1.132296e-09
                5900        7.855000e-05        4.287175e-10
                6000        7.359200e-05        2.065969e-10
                6100        7.753400e-05        8.378008e-11
                6200        5.281500e-05        8.377979e-11
                6300        8.093800e-05        4.141224e-11
                6400        7.964700e-05        2.013208e-11
                6500        7.167500e-05        1.078560e-11
                6600        7.807800e-05        4.511137e-12
                6700        6.999700e-05        4.511132e-12
                6800        7.702800e-05        2.238015e-12
                6900        7.150000e-05        8.203711e-13
                7000        7.773600e-05        2.839943e-13
                7100        6.969600e-05        1.366953e-13
                7200        7.619900e-05        1.366326e-13
                7300        6.895200e-05        7.640412e-14
                7400        7.584100e-05        4.410624e-14
                7500        6.894400e-05        4.410421e-14
                7600        7.742900e-05        2.376878e-14
                7700        7.212400e-05        1.365408e-14
                7800        5.119100e-05        1.365418e-14
                7900        7.981600e-05        7.330678e-15
                8000        7.826500e-05        4.716088e-15
                8100        7.061400e-05        4.716088e-15
                8200        7.393800e-05        2.345578e-15
                8300        7.199700e-05        1.374885e-15
                8400        7.313300e-05        1.374885e-15
                8500        6.409500e-05        7.273373e-16
                8600        7.498300e-05        3.773714e-16
                8700        7.510000e-05        3.773714e-16
                8800        7.815800e-05        2.187664e-16
                8900        7.393700e-05        1.140089e-16
                9000        6.779600e-05        1.140371e-16
                9100        7.534000e-05        5.769362e-17
                9200        7.557000e-05        2.023781e-17
                9300        4.726900e-05        9.181799e-18
                9400        8.053200e-05        9.181799e-18
                9500        7.551500e-05        4.609583e-18
                9600        6.604600e-05        2.240142e-18
                9700        7.529800e-05        2.240150e-18
                9800        6.915700e-05        1.339605e-18
                9900        7.648800e-05        4.663221e-19
               10000        6.653300e-05        4.663221e-19
               10100        7.555600e-05        2.550572e-19
               10200        4.762300e-05        1.298660e-19
               10300        8.210900e-05        7.464177e-20
               10400        9.324700e-05        5.219868e-20
               10500        9.007200e-05        2.740266e-20
               10600        7.397200e-05        2.740266e-20
               10700        7.845900e-05        1.340775e-20
               10800        4.626600e-05        6.484363e-21
               10900        8.077200e-05        6.484363e-21
               11000        7.029600e-05        3.296799e-21
               11100        5.886600e-05        1.773406e-21
               11200        7.142300e-05        7.804151e-22
               11300        7.400700e-05        7.803353e-22
               11400        7.200800e-05        3.785323e-22
               11500        7.461100e-05        2.142303e-22
               11600        7.348700e-05        2.142303e-22
               11700        7.324700e-05        1.188276e-22
               11800        7.121900e-05        5.589914e-23
               11900        7.439600e-05        5.589914e-23
               12000        7.282200e-05        3.036938e-23
               12100        4.677200e-05        3.001396e-23
               12200        7.851300e-05        1.066912e-23
               12300        7.389300e-05        5.309463e-24
               12400        6.985500e-05        2.215796e-24
               12500        7.288000e-05        1.159222e-24
               12600        7.585700e-05        6.161797e-25
               12700        7.204000e-05        6.161797e-25
               12800        7.190500e-05        2.506485e-25
               12900        7.242800e-05        1.696443e-25
               13000        7.071900e-05        1.166170e-25
               13100        7.216300e-05        1.166170e-25
               13200        7.255500e-05        1.016523e-25
               13300        7.118400e-05        8.254318e-26
               13400        7.019700e-05        8.794150e-26
               13500        7.247600e-05        6.325949e-26
               13600        7.148500e-05        5.869527e-26
               13700        7.125300e-05        4.959754e-26
               13800        7.285500e-05        8.415603e-26
               13900        7.363300e-05        8.712803e-26
               14000        7.410300e-05        7.969012e-26
               14100        7.031800e-05        8.609013e-26
               14200        7.199400e-05        8.864254e-26
               14300        7.436400e-05        8.253705e-26
               14400        7.221200e-05        7.560991e-26
               14500        7.376600e-05        6.512927e-26
               14600        7.265700e-05        6.136568e-26
               14700        7.298300e-05        5.127679e-26
               14800        7.233000e-05        6.372557e-26
               14900        7.339000e-05        6.120014e-26
               15000        7.108500e-05        6.073619e-26
               15100        7.213800e-05        5.907444e-26
               15200        7.000000e-05        6.953066e-26
               15300        7.294400e-05        7.320433e-26
               15400        7.101900e-05        6.462682e-26
               15500        7.959100e-05        6.755343e-26
               15600        4.737300e-05        6.297028e-26
               15700        8.098500e-05        5.140983e-26
               15800        7.188400e-05        4.797681e-26
               15900        6.174800e-05        5.052140e-26
               16000        6.985200e-05        5.154080e-26
               16100        6.191000e-05        5.338750e-26
               16200        7.265300e-05        5.990870e-26
               16300        7.436200e-05        6.496851e-26
               16400        9.441900e-05        5.660017e-26
               16500        7.293100e-05        4.671339e-26
               16600        6.645700e-05        5.725985e-26
               16700        7.425500e-05        6.682354e-26
               16800        7.110400e-05        6.204649e-26
               16900        7.158600e-05        8.800435e-26
               17000        7.287500e-05        9.245184e-26
               17100        7.386000e-05        7.088587e-26
               17200        9.396100e-05        5.352036e-26
               17300        9.342200e-05        6.094798e-26
               17400        9.755200e-05        6.382893e-26
               17500        9.489800e-05        6.382893e-26
               17600        1.005200e-04        5.895547e-26
               17700        8.256600e-05        6.290392e-26
               17800        1.048880e-04        5.687344e-26
               17900        6.979100e-05        5.687344e-26
               18000        5.180000e-05        6.487685e-26
               18100        7.956300e-05        7.632699e-26
               18200        8.468300e-05        7.632699e-26
               18300        7.958600e-05        5.528792e-26
               18400        6.844400e-05        5.852616e-26
               18500        7.216800e-05        6.623775e-26
               18600        7.453600e-05        4.641325e-26
               18700        7.268700e-05        4.641325e-26
               18800        6.887500e-05        4.081241e-26
               18900        7.033700e-05        4.081241e-26
               19000        7.173600e-05        5.970873e-26
               19100        7.423400e-05        6.598564e-26
               19200        5.809400e-05        6.606426e-26
               19300        7.109500e-05        6.233194e-26
               19400        8.231200e-05        5.188359e-26
               19500        4.746800e-05        6.703428e-26
               19600        7.709800e-05        7.840882e-26
               19700        7.324600e-05        7.443860e-26
               19800        7.251800e-05        6.344625e-26
               19900        7.079300e-05        7.068453e-26
               20000        7.013300e-05        6.201737e-26
               20100        4.697500e-05        6.201737e-26
               20200        7.924500e-05        6.211588e-26
               20300        7.325500e-05        6.211588e-26
               20400        7.183600e-05        6.211588e-26
               20500        7.249000e-05        5.821633e-26
               20600        7.225700e-05        5.821633e-26
               20700        7.135400e-05        5.984493e-26
               20800        7.083200e-05        6.761770e-26
               20900        7.168000e-05        5.914865e-26
               21000        7.154700e-05        6.612979e-26
               21100        7.188100e-05        6.337341e-26
               21200        7.039900e-05        6.430397e-26
               21300        7.010600e-05        5.713025e-26
               21400        7.272900e-05        5.567970e-26
               21500        7.223300e-05        7.156419e-26
               21600        7.190400e-05        7.206543e-26
               21700        7.197600e-05        5.276813e-26
               21800        7.372900e-05        5.276813e-26
               21900        7.422900e-05        6.694865e-26
               22000        7.211600e-05        7.169186e-26
               22100        7.154000e-05        7.152600e-26
               22200        8.218000e-05        6.463963e-26
               22300        8.203000e-05        7.802484e-26
               22400        4.756700e-05        7.388765e-26
               22500        7.875700e-05        6.077610e-26
               22600        7.661000e-05        6.105645e-26
               22700        7.250800e-05        6.235755e-26
               22800        7.060000e-05        6.235755e-26
               22900        6.930400e-05        6.715798e-26
               23000        7.934600e-05        6.753648e-26
               23100        4.703500e-05        6.883880e-26
               23200        7.936700e-05        8.184375e-26
               23300        7.304800e-05        7.367021e-26
               23400        7.216400e-05        6.190456e-26
               23500        7.060100e-05        4.418619e-26
               23600        6.918900e-05        5.845302e-26
               23700        7.229000e-05        5.552350e-26
               23800        7.189000e-05        5.660343e-26
               23900        7.108600e-05        7.486226e-26
               24000        7.335900e-05        6.837376e-26
               24100        7.009000e-05        6.855538e-26
               24200        7.130100e-05        6.210936e-26
               24300        6.937200e-05        5.889732e-26
               24400        7.009700e-05        6.016527e-26
               24500        7.106600e-05        6.998988e-26
               24600        7.081800e-05        7.695905e-26
               24700        7.010100e-05        6.725148e-26
               24800        8.185600e-05        5.565658e-26
               24900        4.739300e-05        6.536872e-26
               25000        7.961400e-05        6.516824e-26
               25100        7.189700e-05        5.605994e-26
               25200        7.007900e-05        5.317550e-26
               25300        7.043100e-05        4.206740e-26
               25400        7.032800e-05        5.350025e-26
               25500        7.277800e-05        5.047523e-26
               25600        4.758700e-05        4.583997e-26
               25700        7.831100e-05        4.597693e-26
               25800        7.326500e-05        4.422671e-26
               25900        7.264700e-05        5.124920e-26
               26000        7.189900e-05        5.884757e-26
               26100        7.224100e-05        5.121129e-26
               26200        7.227600e-05        5.203253e-26
               26300        7.136300e-05        5.133195e-26
               26400        6.872600e-05        5.827755e-26
               26500        7.257700e-05        6.108039e-26
               26600        6.949200e-05        5.932031e-26
               26700        7.081600e-05        6.722925e-26
               26800        7.019500e-05        5.174894e-26
               26900        7.129200e-05        6.344943e-26
               27000        7.069800e-05        6.446208e-26
               27100        4.708800e-05        6.088937e-26
               27200        7.891500e-05        6.063744e-26
               27300        7.452500e-05        7.630520e-26
               27400        6.940800e-05        7.280781e-26
               27500        7.021400e-05        7.280945e-26
               27600        7.212100e-05        7.621981e-26
               27700        8.107500e-05        6.927554e-26
               27800        4.698300e-05        7.800458e-26
               27900        7.806900e-05        6.367978e-26
               28000        7.367600e-05        8.259799e-26
               28100        4.659500e-05        6.916347e-26
               28200        7.697200e-05        5.712541e-26
               28300        7.358800e-05        4.709706e-26
               28400        7.267900e-05        6.853380e-26
               28500        7.245700e-05        6.234245e-26
               28600        7.153800e-05        6.009480e-26
               28700        7.386600e-05        5.145762e-26
               28800        7.031200e-05        5.696820e-26
               28900        5.755600e-05        8.053904e-26
               29000        7.354200e-05        5.597167e-26
               29100        7.075800e-05        6.553055e-26
               29200        7.124600e-05        6.971801e-26
               29300        7.014300e-05        6.221285e-26
               29400        6.890300e-05        5.290248e-26
               29500        6.950800e-05        4.967179e-26
               29600        7.637300e-05        6.643449e-26
               29700        5.968700e-05        6.799210e-26
               29800        7.213200e-05        5.890090e-26
               29900        7.086900e-05        5.756249e-26
               30000        4.645800e-05        5.188719e-26
               30100        7.773500e-05        6.542125e-26
               30200        7.418200e-05        6.542125e-26
               30300        7.099200e-05        6.105640e-26
               30400        7.141500e-05        5.095851e-26
               30500        7.058200e-05        4.317166e-26
               30600        7.079800e-05        5.925989e-26
               30700        6.899600e-05        7.968784e-26
               30800        7.048600e-05        8.558203e-26
               30900        7.097600e-05        8.023738e-26
               31000        7.100800e-05        5.538460e-26
               31100        7.220200e-05        5.261463e-26
               31200        7.030800e-05        5.504417e-26
               31300        7.033500e-05        5.507479e-26
               31400        7.050000e-05        5.642260e-26
               31500        7.172800e-05        6.304668e-26
               31600        7.287100e-05        7.223983e-26
               31700        7.119200e-05        7.056702e-26
               31800        7.255800e-05        8.458482e-26
               31900        6.941000e-05        7.584498e-26
               32000        6.971400e-05        7.578817e-26
               32100        6.911800e-05        7.876325e-26
               32200        7.158800e-05        7.876325e-26
               32300        4.667200e-05        7.871823e-26
               32400        7.648500e-05        8.158286e-26
               32500        7.241900e-05        5.581553e-26
               32600        6.870300e-05        6.711864e-26
               32700        7.238000e-05        6.494791e-26
               32800        6.656300e-05        6.480915e-26
               32900        7.186000e-05        7.173589e-26
               33000        6.045600e-05        5.652610e-26
               33100        7.076000e-05        5.507221e-26
               33200        7.187800e-05        5.206765e-26
               33300        6.953400e-05        5.890882e-26
               33400        7.692100e-05        5.723111e-26
               33500        4.671600e-05        6.576174e-26
               33600        7.739400e-05        7.436630e-26
               33700        7.250300e-05        6.055432e-26
               33800        7.075500e-05        6.455927e-26
               33900        7.158400e-05        8.478789e-26
               34000        4.730600e-05        7.759527e-26
               34100        7.737800e-05        5.970387e-26
               34200        7.107700e-05        5.664481e-26
               34300        7.024900e-05        7.188640e-26
               34400        6.955300e-05        5.754978e-26
               34500        6.885700e-05        6.873726e-26
               34600        4.642700e-05        5.755274e-26
               34700        7.761700e-05        5.517271e-26
               34800        7.317100e-05        7.360724e-26
               34900        6.936100e-05        6.445399e-26
               35000        8.313900e-05        6.237166e-26
               35100        7.051700e-05        5.657825e-26
               35200        7.262400e-05        5.146424e-26
               35300        7.134600e-05        7.262764e-26
               35400        6.930200e-05        7.262764e-26
               35500        7.072200e-05        5.258173e-26
               35600        7.016600e-05        5.482348e-26
               35700        7.059400e-05        5.036623e-26
               35800        6.957600e-05        7.907713e-26
               35900        7.019300e-05        7.905218e-26
               36000        7.330100e-05        7.720484e-26
               36100        6.986300e-05        6.735737e-26
               36200        7.207900e-05        6.776061e-26
               36300        7.040700e-05        6.995009e-26
               36400        7.102200e-05        5.839855e-26
               36500        6.937400e-05        6.112704e-26
               36600        6.920800e-05        5.642906e-26
               36700        7.590000e-05        5.499448e-26
               36800        4.698900e-05        6.520105e-26
               36900        7.827600e-05        7.147532e-26
               37000        7.302400e-05        5.483348e-26
               37100        6.947000e-05        4.537912e-26
               37200        7.254300e-05        6.548831e-26
               37300        7.112600e-05        6.774711e-26
               37400        7.082700e-05        8.159509e-26
               37500        7.239900e-05        8.294284e-26
               37600        7.163400e-05        7.557365e-26
               37700        4.656100e-05        6.852867e-26
               37800        7.740100e-05        6.225518e-26
               37900        7.142200e-05        5.857361e-26
               38000        7.086700e-05        5.732930e-26
               38100        7.020800e-05        6.442515e-26
               38200        6.956800e-05        6.784144e-26
               38300        7.109200e-05        7.193169e-26
               38400        6.991200e-05        7.815615e-26
               38500        7.230000e-05        8.711900e-26
               38600        4.613300e-05        9.226901e-26
               38700        7.701600e-05        6.392630e-26
               38800        7.223500e-05        5.991221e-26
               38900        6.884700e-05        5.197906e-26
               39000        7.138100e-05        5.188583e-26
               39100        7.061100e-05        6.498101e-26
               39200        6.970600e-05        6.687338e-26
               39300        7.089600e-05        6.657804e-26
               39400        7.157000e-05        6.266773e-26
               39500        7.005400e-05        8.534976e-26
               39600        7.051100e-05        6.871170e-26
               39700        7.036800e-05        6.944149e-26
               39800        7.158000e-05        6.384739e-26
               39900        7.070700e-05        6.330872e-26
               40000        6.974400e-05        7.258763e-26
               40100        7.073300e-05        8.199439e-26
               40200        7.687500e-05        6.503056e-26
               40300        4.660400e-05        8.454828e-26
               40400        7.876900e-05        1.004310e-25
               40500        7.284600e-05        7.708779e-26
               40600        6.975700e-05        6.439827e-26
               40700        4.645900e-05        7.358412e-26
               40800        7.502000e-05        8.081632e-26
               40900        7.317700e-05        5.881305e-26
               41000        6.902900e-05        6.023572e-26
               41100        6.854200e-05        5.313908e-26
               41200        4.640000e-05        6.085047e-26
               41300        7.612700e-05        5.577134e-26
               41400        7.439700e-05        5.132474e-26
               41500        9.834000e-05        6.618532e-26
               41600        7.501200e-05        5.181502e-26
               41700        1.233850e-04        5.483667e-26
               41800        6.850500e-05        6.759050e-26
               41900        6.999600e-05        7.455031e-26
               42000        7.095200e-05        6.615304e-26
               42100        6.923300e-05        6.440365e-26
               42200        7.022600e-05        8.572958e-26
               42300        8.220000e-05        8.576020e-26
               42400        8.909300e-05        7.503873e-26
               42500        9.776100e-05        5.412975e-26
               42600        1.022760e-04        5.384443e-26
               42700        5.149600e-05        3.419863e-26
               42800        7.876600e-05        5.517907e-26
               42900        7.504700e-05        7.176439e-26
               43000        7.556800e-05        7.384314e-26
               43100        7.639600e-05        7.091209e-26
               43200        5.210600e-05        7.496578e-26
               43300        8.062300e-05        7.987082e-26
               43400        7.553100e-05        8.800325e-26
               43500        5.251000e-05        8.709146e-26
               43600        7.545800e-05        8.705596e-26
               43700        7.271100e-05        8.082463e-26
               43800        7.998300e-05        8.816281e-26
               43900        4.709400e-05        7.275716e-26
               44000        7.767900e-05        6.554773e-26
               44100        4.616100e-05        6.737912e-26
               44200        7.527700e-05        6.235779e-26
               44300        7.353600e-05        6.918893e-26
               44400        7.134900e-05        6.918893e-26
               44500        7.397000e-05        6.707689e-26
               44600        7.101400e-05        6.706111e-26
               44700        7.212500e-05        6.213590e-26
               44800        7.155300e-05        5.848829e-26
               44900        7.225100e-05        8.840106e-26
               45000        7.393400e-05        9.607151e-26
               45100        7.248100e-05        9.607151e-26
               45200        7.012900e-05        7.628997e-26
               45300        5.968000e-05        7.552758e-26
               45400        6.294300e-05        7.108129e-26
               45500        6.029800e-05        5.835908e-26
               45600        4.768700e-05        5.933881e-26
               45700        7.632700e-05        5.928112e-26
               45800        5.239300e-05        5.928112e-26
               45900        5.350600e-05        5.374159e-26
               46000        6.017200e-05        6.055240e-26
               46100        6.887800e-05        6.886724e-26
               46200        6.900400e-05        5.908309e-26
               46300        6.976900e-05        7.582802e-26
               46400        7.286300e-05        6.798741e-26
               46500        7.005500e-05        6.731775e-26
               46600        7.242200e-05        6.100142e-26
               46700        7.065100e-05        7.037788e-26
               46800        7.012800e-05        6.912967e-26
               46900        6.900500e-05        6.869834e-26
               47000        7.324500e-05        5.592294e-26
               47100        6.910400e-05        6.740481e-26
               47200        7.155100e-05        7.313807e-26
               47300        4.630100e-05        6.459241e-26
               47400        7.808700e-05        6.231525e-26
               47500        7.532600e-05        5.736179e-26
               47600        7.039000e-05        5.844847e-26
               47700        7.086300e-05        6.614452e-26
               47800        6.940800e-05        6.398812e-26
               47900        4.668100e-05        6.046887e-26
               48000        7.682200e-05        7.317630e-26
               48100        7.467800e-05        6.757228e-26
               48200        7.187900e-05        7.054972e-26
               48300        7.075800e-05        6.119027e-26
               48400        6.920900e-05        6.091813e-26
               48500        6.894000e-05        5.898154e-26
               48600        6.825100e-05        6.503789e-26
               48700        6.975900e-05        7.458916e-26
               48800        6.972900e-05        6.994041e-26
               48900        7.767100e-05        6.306313e-26
               49000        4.659000e-05        5.552639e-26
               49100        7.771200e-05        4.491015e-26
               49200        7.309100e-05        4.491015e-26
               49300        7.009400e-05        4.287660e-26
               49400        7.225200e-05        3.619597e-26
               49500        7.124200e-05        5.137894e-26
               49600        6.271400e-05        5.534115e-26
               49700        7.152500e-05        5.171138e-26
               49800        9.176000e-05        5.171138e-26
               49900        7.933700e-05        5.566044e-26
               50000        5.846800e-05        5.376521e-26
               50100        5.489500e-05        6.227970e-26
               50200        5.830900e-05        5.478121e-26
               50300        5.995000e-05        5.123376e-26
               50400        6.029100e-05        4.858813e-26
               50500        5.964600e-05        4.748951e-26
               50600        4.645000e-05        5.824987e-26
               50700        4.917800e-05        4.877269e-26
               50800        5.883900e-05        4.872298e-26
               50900        5.991600e-05        4.715077e-26
               51000        5.818600e-05        5.019327e-26
               51100        5.917300e-05        5.426429e-26
               51200        6.226700e-05        5.899884e-26
               51300        6.021000e-05        8.248970e-26
               51400        5.998600e-05        8.863830e-26
               51500        5.853800e-05        8.864540e-26
               51600        6.143700e-05        7.119267e-26
               51700        5.830300e-05        6.292859e-26
               51800        5.959900e-05        6.879477e-26
               51900        6.130500e-05        6.882002e-26
               52000        6.016100e-05        7.013140e-26
               52100        5.912500e-05        7.014087e-26
               52200        5.953400e-05        6.463789e-26
               52300        6.088400e-05        7.561661e-26
               52400        5.864100e-05        7.163531e-26
               52500        6.117400e-05        7.163531e-26
               52600        6.053500e-05        6.319962e-26
               52700        5.936100e-05        6.320864e-26
               52800        5.938300e-05        5.742901e-26
               52900        6.055300e-05        5.749112e-26
               53000        5.901300e-05        7.169898e-26
               53100        5.885100e-05        7.169898e-26
               53200        5.899000e-05        7.169898e-26
               53300        6.043600e-05        6.294378e-26
               53400        6.034700e-05        4.634251e-26
               53500        6.042900e-05        4.633653e-26
               53600        5.830700e-05        5.839172e-26
               53700        5.949800e-05        5.854713e-26
               53800        5.934800e-05        6.451275e-26
               53900        5.964900e-05        6.456564e-26
               54000        6.053800e-05        6.750960e-26
               54100        5.845400e-05        6.750960e-26
               54200        5.886500e-05        5.698895e-26
               54300        6.032800e-05        5.698895e-26
               54400        5.876800e-05        5.440016e-26
               54500        5.896700e-05        5.440016e-26
               54600        6.059700e-05        6.531534e-26
               54700        6.029600e-05        6.530125e-26
               54800        6.012000e-05        6.061659e-26
               54900        6.113500e-05        6.059119e-26
               55000        5.902700e-05        5.139163e-26
               55100        5.914100e-05        5.139163e-26
               55200        6.055800e-05        5.269216e-26
               55300        6.102200e-05        5.269216e-26
               55400        5.901000e-05        5.949133e-26
               55500        5.859100e-05        5.947161e-26
               55600        5.924000e-05        5.130719e-26
               55700        6.850700e-05        5.130719e-26
               55800        6.153600e-05        5.918466e-26
               55900        5.903300e-05        5.918466e-26
               56000        6.023800e-05        4.901655e-26
               56100        5.884300e-05        4.901655e-26
               56200        5.887800e-05        5.673019e-26
               56300        5.967900e-05        5.677713e-26
               56400        6.001300e-05        5.825640e-26
               56500        6.187200e-05        5.825640e-26
               56600        5.941800e-05        5.209943e-26
               56700        5.849900e-05        5.209943e-26
               56800        5.935100e-05        5.454944e-26
               56900        6.948000e-05        5.454944e-26
               57000        5.949000e-05        6.769303e-26
               57100        5.857800e-05        6.777650e-26
               57200        6.033200e-05        6.252333e-26
               57300        5.925300e-05        6.252333e-26
               57400        6.157500e-05        6.515869e-26
               57500        5.925300e-05        6.515869e-26
               57600        6.247100e-05        5.169518e-26
               57700        6.016900e-05        5.165061e-26
               57800        6.076200e-05        5.306938e-26
               57900        5.982000e-05        5.306938e-26
               58000        5.946900e-05        6.414112e-26
               58100        5.948700e-05        6.414112e-26
               58200        5.890500e-05        5.446303e-26
               58300        6.128000e-05        5.446303e-26
               58400        5.882300e-05        6.410495e-26
               58500        5.994100e-05        6.405052e-26
               58600        6.006200e-05        6.927917e-26
               58700        6.065400e-05        6.919492e-26
               58800        5.962800e-05        6.079023e-26
               58900        5.969600e-05        6.079023e-26
               59000        5.869500e-05        6.312147e-26
               59100        5.937600e-05        6.312147e-26
               59200        6.132500e-05        6.459392e-26
               59300        5.899400e-05        6.457183e-26
               59400        6.126400e-05        7.804029e-26
               59500        6.098700e-05        7.804265e-26
               59600        6.019000e-05        6.860586e-26
               59700        6.185600e-05        6.860586e-26
               59800        6.085400e-05        6.930980e-26
               59900        5.896000e-05        6.931847e-26
               60000        5.943000e-05        6.993596e-26
               60100        6.061600e-05        6.993596e-26
               60200        6.132200e-05        6.244332e-26
               60300        6.053300e-05        6.244332e-26
               60400        5.848400e-05        5.080369e-26
               60500        6.126000e-05        5.076306e-26
               60600        6.095800e-05        6.702594e-26
               60700        6.005000e-05        6.702594e-26
               60800        6.033400e-05        7.800920e-26
               60900        5.995100e-05        7.808178e-26
               61000        6.019600e-05        5.676693e-26
               61100        6.053500e-05        5.679060e-26
               61200        6.204900e-05        5.728399e-26
               61300        5.856400e-05        5.729661e-26
               61400        5.993900e-05        5.793985e-26
               61500        5.887100e-05        5.793985e-26
               61600        6.144000e-05        6.279395e-26
               61700        6.061800e-05        6.278454e-26
               61800        5.945700e-05        5.840312e-26
               61900        5.949500e-05        5.840312e-26
               62000        6.033500e-05        6.365733e-26
               62100        6.060800e-05        6.365733e-26
               62200        5.898600e-05        5.674693e-26
               62300        6.283300e-05        5.674693e-26
               62400        6.062700e-05        5.638647e-26
               62500        6.056100e-05        5.638647e-26
               62600        5.966600e-05        6.650322e-26
               62700        5.986000e-05        6.654187e-26
               62800        6.029200e-05        6.138779e-26
               62900        6.042300e-05        6.123633e-26
               63000        6.660400e-05        6.051424e-26
               63100        6.723600e-05        6.051424e-26
               63200        6.104800e-05        6.790433e-26
               63300        6.004300e-05        6.790433e-26
               63400        5.973900e-05        6.298684e-26
               63500        6.203100e-05        7.908763e-26
               63600        4.756200e-05        7.908763e-26
               63700        5.090700e-05        6.681760e-26
               63800        5.875100e-05        6.681760e-26
               63900        6.060000e-05        6.665352e-26
               64000        6.027200e-05        6.666930e-26
               64100        5.907700e-05        6.183887e-26
               64200        6.038400e-05        6.183887e-26
               64300        5.998700e-05        6.078074e-26
               64400        6.078200e-05        6.078311e-26
               64500        6.076800e-05        5.414024e-26
               64600        6.132800e-05        5.414024e-26
               64700        6.031200e-05        4.954399e-26
               64800        5.953100e-05        4.954399e-26
               64900        5.898200e-05        5.185447e-26
               65000        6.010000e-05        5.185447e-26
               65100        5.964500e-05        6.504548e-26
               65200        5.966000e-05        6.504548e-26
               65300        5.941400e-05        6.253073e-26
               65400        6.120300e-05        6.256859e-26
               65500        5.903600e-05        5.078743e-26
               65600        6.405200e-05        5.077895e-26
               65700        6.331800e-05        5.430464e-26
               65800        6.306800e-05        5.430464e-26
               65900        6.395000e-05        4.714678e-26
               66000        6.066100e-05        4.714678e-26
               66100        6.313400e-05        4.721541e-26
               66200        6.393000e-05        4.721541e-26
               66300        6.274300e-05        4.691963e-26
               66400        6.202100e-05        4.691963e-26
               66500        6.415600e-05        6.356354e-26
               66600        6.178400e-05        6.356422e-26
               66700        6.280800e-05        6.256675e-26
               66800        6.582400e-05        6.256675e-26
               66900        7.073700e-05        6.611852e-26
               67000        6.619100e-05        6.611852e-26
               67100        6.381000e-05        7.672658e-26
               67200        6.444400e-05        7.672500e-26
               67300        6.434200e-05        6.727858e-26
               67400        4.897900e-05        6.727858e-26
               67500        5.454300e-05        5.841473e-26
               67600        6.396200e-05        5.842063e-26
               67700        4.805400e-05        6.066584e-26
               67800        5.284000e-05        6.066584e-26
               67900        7.404300e-05        6.202877e-26
               68000        7.108800e-05        6.202877e-26
               68100        6.635400e-05        5.871960e-26
               68200        6.570500e-05        5.871960e-26
               68300        6.563200e-05        4.705158e-26
               68400        7.065200e-05        4.708944e-26
               68500        6.809900e-05        4.947447e-26
               68600        6.209800e-05        4.947910e-26
               68700        6.930900e-05        4.942064e-26
               68800        6.284200e-05        4.942064e-26
               68900        6.499600e-05        4.652443e-26
               69000        6.280800e-05        4.652443e-26
               69100        6.256300e-05        4.607622e-26
               69200        6.364700e-05        4.607622e-26
               69300        6.290700e-05        5.933641e-26
               69400        6.700500e-05        5.937822e-26
               69500        6.592600e-05        5.988819e-26
               69600        6.753200e-05        5.988819e-26
               69700        6.653600e-05        5.237694e-26
               69800        6.647100e-05        5.237694e-26
               69900        6.588000e-05        5.628451e-26
               70000        6.603600e-05        5.627454e-26
               70100        6.627700e-05        6.501822e-26
               70200        6.571200e-05        6.681790e-26
               70300        6.443400e-05        5.964409e-26
               70400        6.338200e-05        5.409708e-26
               70500        6.621900e-05        5.257137e-26
               70600        6.368200e-05        4.811465e-26
               70700        6.600200e-05        6.421862e-26
               70800        8.386900e-05        6.421862e-26
               70900        6.196800e-05        6.962919e-26
               71000        6.340800e-05        6.964812e-26
               71100        6.359000e-05        6.770553e-26
               71200        6.211500e-05        6.774831e-26
               71300        6.303400e-05        6.762016e-26
               71400        6.361100e-05        6.764856e-26
               71500        6.238100e-05        6.167136e-26
               71600        6.242600e-05        6.167136e-26
               71700        6.271000e-05        7.277962e-26
               71800        6.229100e-05        7.278593e-26
               71900        6.432400e-05        7.995847e-26
               72000        4.629900e-05        7.995847e-26
               72100        5.111400e-05        6.603506e-26
               72200        6.427100e-05        6.603506e-26
               72300        6.551100e-05        5.731649e-26
               72400        6.513200e-05        5.734361e-26
               72500        6.260500e-05        5.536468e-26
               72600        6.259400e-05        6.265025e-26
               72700        4.631700e-05        5.639092e-26
               72800        5.119000e-05        5.640276e-26
               72900        6.354600e-05        6.232239e-26
               73000        6.506900e-05        5.579281e-26
               73100        6.202200e-05        5.991405e-26
               73200        6.346800e-05        5.997424e-26
               73300        6.359300e-05        5.026638e-26
               73400        6.239500e-05        5.023601e-26
               73500        6.218300e-05        5.206805e-26
               73600        6.319200e-05        5.206805e-26
               73700        6.209100e-05        4.894688e-26
               73800        6.245600e-05        4.894688e-26
               73900        6.323900e-05        6.182506e-26
               74000        6.375200e-05        6.182506e-26
               74100        6.332100e-05        5.451180e-26
               74200        7.036400e-05        5.457145e-26
               74300        6.623200e-05        5.784460e-26
               74400        6.237500e-05        5.784460e-26
               74500        6.399400e-05        5.461290e-26
               74600        6.414100e-05        5.461290e-26
               74700        6.190400e-05        6.137755e-26
               74800        6.617900e-05        6.137045e-26
               74900        6.296100e-05        6.385694e-26
               75000        6.435300e-05        6.379699e-26
               75100        4.786500e-05        6.244427e-26
               75200        5.094900e-05        6.239024e-26
               75300        6.311500e-05        5.599341e-26
               75400        6.254800e-05        5.599341e-26
               75500        6.375000e-05        4.811614e-26
               75600        6.289800e-05        4.811614e-26
               75700        6.234300e-05        4.306955e-26
               75800        6.143700e-05        4.306955e-26
               75900        6.239200e-05        5.108881e-26
               76000        6.301700e-05        5.762447e-26
               76100        6.336800e-05        5.184623e-26
               76200        6.195300e-05        6.084164e-26
               76300        6.216200e-05        6.084164e-26
               76400        6.294600e-05        6.499615e-26
               76500        4.688400e-05        6.499615e-26
               76600        5.236800e-05        5.733389e-26
               76700        6.252600e-05        6.656664e-26
               76800        6.422000e-05        5.206869e-26
               76900        6.297600e-05        5.529471e-26
               77000        6.383400e-05        6.215993e-26
               77100        6.390500e-05        6.963698e-26
               77200        6.311900e-05        6.249190e-26
               77300        6.090100e-05        6.249190e-26
               77400        6.235400e-05        5.698767e-26
               77500        6.285100e-05        5.695429e-26
               77600        6.325500e-05        6.745090e-26
               77700        6.386400e-05        6.745090e-26
               77800        6.331900e-05        5.174702e-26
               77900        6.167700e-05        5.174702e-26
               78000        6.268000e-05        5.466591e-26
               78100        6.254900e-05        5.322565e-26
               78200        6.098400e-05        5.790635e-26
               78300        6.209800e-05        5.053346e-26
               78400        6.569700e-05        5.405724e-26
               78500        6.197800e-05        5.410673e-26
               78600        6.243100e-05        6.724709e-26
               78700        6.164200e-05        5.598179e-26
               78800        6.229400e-05        5.802595e-26
               78900        6.819000e-05        6.046114e-26
               79000        6.335900e-05        5.985064e-26
               79100        6.208200e-05        5.986272e-26
               79200        6.176100e-05        5.468399e-26
               79300        4.654300e-05        5.468399e-26
               79400        5.109600e-05        7.109122e-26
               79500        6.284200e-05        7.109122e-26
               79600        6.122800e-05        6.960434e-26
               79700        6.350800e-05        6.956306e-26
               79800        6.310700e-05        7.460364e-26
               79900        6.136500e-05        7.460601e-26
               80000        5.942400e-05        7.199624e-26
               80100        5.986900e-05        7.199624e-26
               80200        5.890100e-05        6.732192e-26
               80300        5.884700e-05        7.750334e-26
               80400        5.924600e-05        7.750334e-26
               80500        5.858600e-05        8.136018e-26
               80600        5.867700e-05        8.136018e-26
               80700        6.005200e-05        5.954186e-26
               80800        5.893200e-05        5.944782e-26
               80900        5.907700e-05        5.908439e-26
               81000        5.885700e-05        5.908439e-26
               81100        6.047800e-05        6.044236e-26
               81200        5.932700e-05        6.044236e-26
               81300        5.994000e-05        6.588635e-26
               81400        5.825200e-05        6.588635e-26
               81500        5.937000e-05        6.788411e-26
               81600        5.895400e-05        6.787405e-26
               81700        6.049900e-05        6.407627e-26
               81800        5.807000e-05        6.407627e-26
               81900        6.117600e-05        5.730580e-26
               82000        5.805100e-05        5.730580e-26
               82100        6.756700e-05        5.911439e-26
               82200        5.922400e-05        5.909704e-26
               82300        5.911500e-05        4.985374e-26
               82400        5.845200e-05        4.986336e-26
               82500        5.805000e-05        5.087371e-26
               82600        5.852300e-05        6.253349e-26
               82700        5.920100e-05        7.149288e-26
               82800        5.874200e-05        7.149288e-26
               82900        6.041100e-05        7.977808e-26
               83000        5.891800e-05        7.978754e-26
               83100        5.894200e-05        8.457018e-26
               83200        5.885800e-05        8.457018e-26
               83300        5.831000e-05        8.457018e-26
               83400        5.863300e-05        5.814176e-26
               83500        5.981100e-05        5.650260e-26
               83600        5.953100e-05        5.650260e-26
               83700        6.076500e-05        5.457496e-26
               83800        5.802500e-05        4.950983e-26
               83900        5.840700e-05        5.230490e-26
               84000        5.790200e-05        5.531296e-26
               84100        6.063000e-05        4.830269e-26
               84200        5.919600e-05        5.830563e-26
               84300        6.016600e-05        5.881315e-26
               84400        5.981800e-05        5.529570e-26
               84500        6.090900e-05        5.529570e-26
               84600        5.999700e-05        6.343098e-26
               84700        5.868400e-05        6.343098e-26
               84800        5.418900e-05        6.882888e-26
               84900        4.494400e-05        6.883519e-26
               85000        4.499800e-05        6.503207e-26
               85100        4.511300e-05        6.506362e-26
               85200        4.964800e-05        5.486091e-26
               85300        4.499700e-05        5.478870e-26
               85400        4.522500e-05        5.478870e-26
               85500        4.506900e-05        4.967995e-26
               85600        4.536300e-05        6.642919e-26
               85700        4.518500e-05        7.476561e-26
               85800        4.527600e-05        7.476561e-26
               85900        4.543600e-05        6.451631e-26
               86000        4.517900e-05        6.105778e-26
               86100        4.514300e-05        6.105778e-26
               86200        4.534600e-05        5.447394e-26
               86300        4.529800e-05        3.960908e-26
               86400        4.525200e-05        6.180141e-26
               86500        4.501800e-05        6.455599e-26
               86600        4.466700e-05        6.455822e-26
               86700        4.498600e-05        6.863953e-26
               86800        4.499600e-05        6.863953e-26
               86900        4.508700e-05        7.034474e-26
               87000        4.549800e-05        7.034237e-26
               87100        4.501800e-05        8.611312e-26
               87200        4.516300e-05        7.020004e-26
               87300        4.511300e-05        6.178274e-26
               87400        4.563100e-05        5.734944e-26
               87500        4.529400e-05        5.566687e-26
               87600        4.524200e-05        5.540521e-26
               87700        4.554100e-05        5.520994e-26
               87800        4.531800e-05        7.807350e-26
               87900        4.518600e-05        8.056679e-26
               88000        4.507500e-05        7.093783e-26
               88100        4.537800e-05        7.042591e-26
               88200        4.527800e-05        7.660325e-26
               88300        4.540200e-05        5.558687e-26
               88400        4.551200e-05        5.487587e-26
               88500        4.510200e-05        6.822431e-26
               88600        4.475000e-05        7.670357e-26
               88700        4.544100e-05        6.367256e-26
               88800        4.479200e-05        6.369885e-26
               88900        4.509800e-05        7.070648e-26
               89000        4.587000e-05        7.070648e-26
               89100        4.600700e-05        7.070648e-26
               89200        4.538400e-05        5.479905e-26
               89300        4.511900e-05        5.474809e-26
               89400        4.545500e-05        5.480473e-26
               89500        4.464600e-05        4.578338e-26
               89600        4.575600e-05        4.575262e-26
               89700        4.555200e-05        5.449796e-26
               89800        4.514800e-05        4.942865e-26
               89900        4.558000e-05        4.859185e-26
               90000        4.554700e-05        4.859185e-26
               90100        4.537400e-05        4.859185e-26
               90200        4.478200e-05        6.150830e-26
               90300        4.543500e-05        5.839906e-26
               90400        4.548600e-05        5.649617e-26
               90500        4.528600e-05        5.908047e-26
               90600        4.535800e-05        5.667958e-26
               90700        4.526700e-05        5.667958e-26
               90800        4.548700e-05        5.982526e-26
               90900        4.509400e-05        5.171917e-26
               91000        5.487000e-05        5.594192e-26
               91100        5.491800e-05        5.914794e-26
               91200        5.476500e-05        5.914399e-26
               91300        5.505400e-05        6.405207e-26
               91400        5.600300e-05        6.726826e-26
               91500        4.500700e-05        6.728719e-26
               91600        4.497500e-05        6.350654e-26
               91700        4.583300e-05        6.350654e-26
               91800        4.507300e-05        6.719667e-26
               91900        4.587100e-05        6.719667e-26
               92000        4.499400e-05        6.970060e-26
               92100        4.520000e-05        6.970692e-26
               92200        4.497600e-05        5.692525e-26
               92300        4.571700e-05        5.693077e-26
               92400        4.692800e-05        6.111288e-26
               92500        4.532900e-05        6.110144e-26
               92600        4.524800e-05        6.197882e-26
               92700        4.513600e-05        6.197882e-26
               92800        4.505200e-05        6.684256e-26
               92900        4.573700e-05        6.684256e-26
               93000        4.554100e-05        5.997016e-26
               93100        4.562000e-05        5.994098e-26
               93200        4.626300e-05        6.282605e-26
               93300        4.545300e-05        6.285860e-26
               93400        4.602400e-05        6.490337e-26
               93500        4.564400e-05        6.490337e-26
               93600        4.577800e-05        5.971398e-26
               93700        5.227400e-05        5.928083e-26
               93800        4.514000e-05        5.561023e-26
               93900        4.565100e-05        6.715250e-26
               94000        4.589400e-05        6.715250e-26
               94100        4.548700e-05        6.668933e-26
               94200        4.493400e-05        6.666961e-26
               94300        4.519500e-05        6.000968e-26
               94400        4.533200e-05        5.997740e-26
               94500        4.558900e-05        6.241949e-26
               94600        4.530900e-05        6.244320e-26
               94700        4.488700e-05        7.474594e-26
               94800        4.543700e-05        7.466449e-26
               94900        4.545000e-05        8.555280e-26
               95000        4.490700e-05        7.442453e-26
               95100        4.487300e-05        6.697057e-26
               95200        4.535800e-05        6.673839e-26
               95300        4.520000e-05        7.909505e-26
               95400        4.516100e-05        7.909505e-26
               95500        4.587800e-05        6.213427e-26
               95600        4.506100e-05        6.213970e-26
               95700        4.554600e-05        7.266425e-26
               95800        4.500600e-05        7.266505e-26
               95900        4.533700e-05        8.006357e-26
               96000        4.509200e-05        7.997711e-26
               96100        4.470300e-05        7.908774e-26
               96200        4.521200e-05        6.652906e-26
               96300        4.469600e-05        6.652906e-26
               96400        4.501700e-05        6.857961e-26
               96500        4.538000e-05        6.857961e-26
               96600        4.508200e-05        5.749771e-26
               96700        4.526500e-05        5.749771e-26
               96800        4.508200e-05        6.538307e-26
               96900        4.466800e-05        6.536765e-26
               97000        4.574500e-05        5.804962e-26
               97100        4.526100e-05        5.804962e-26
               97200        4.543500e-05        5.524093e-26
               97300        4.538100e-05        5.523777e-26
               97400        4.554500e-05        6.401852e-26
               97500        4.503000e-05        6.401852e-26
               97600        4.535500e-05        4.964872e-26
               97700        4.519700e-05        4.965191e-26
               97800        4.507800e-05        6.231165e-26
               97900        4.573000e-05        6.231560e-26
               98000        4.551100e-05        6.162966e-26
               98100        4.539600e-05        6.162966e-26
               98200        4.558900e-05        6.065941e-26
               98300        4.493500e-05        6.065941e-26
               98400        4.511500e-05        6.118600e-26
               98500        4.540300e-05        6.118600e-26
               98600        4.587800e-05        6.161366e-26
               98700        4.538600e-05        6.164568e-26
               98800        4.504000e-05        6.397290e-26
               98900        4.584700e-05        6.397290e-26
               99000        4.499500e-05        7.341491e-26
               99100        4.572400e-05        7.341935e-26
               99200        4.504100e-05        8.376809e-26
               99300        4.514200e-05        8.376573e-26
               99400        4.526900e-05        7.577137e-26
               99500        4.539700e-05        7.577137e-26
               99600        4.508000e-05        5.729166e-26
               99700        4.565100e-05        5.729166e-26
               99800        4.538000e-05        5.905865e-26
               99900        4.526100e-05        5.905865e-26
              100000        4.504700e-05        6.962683e-26
