Period: 100
               Epoch           Time cost                Loss
                 100        1.348340e-04        9.057941e+04
                 200        7.325200e-05        4.687341e+04
                 300        5.281400e-05        2.559786e+04
                 400        5.068200e-05        1.259422e+04
                 500        5.025200e-05        5.868018e+03
                 600        6.048700e-05        3.374895e+03
                 700        6.008600e-05        1.955737e+03
                 800        5.988500e-05        1.001651e+03
                 900        9.559000e-05        5.624959e+02
                1000        1.124980e-04        2.793973e+02
                1100        1.101150e-04        1.370685e+02
                1200        9.855300e-05        7.824539e+01
                1300        9.759000e-05        3.734848e+01
                1400        8.142500e-05        1.994692e+01
                1500        8.056300e-05        1.085813e+01
                1600        9.888100e-05        6.186021e+00
                1700        9.618300e-05        3.169719e+00
                1800        1.010230e-04        1.880455e+00
                1900        8.001600e-05        1.049956e+00
                2000        7.859100e-05        5.367624e-01
                2100        8.888800e-05        3.491996e-01
                2200        9.706800e-05        2.236432e-01
                2300        1.003610e-04        1.080991e-01
                2400        1.086020e-04        6.648980e-02
                2500        8.029200e-05        3.204258e-02
                2600        1.088550e-04        1.667277e-02
                2700        1.075170e-04        9.331778e-03
                2800        1.074480e-04        4.824945e-03
                2900        1.070600e-04        2.391592e-03
                3000        1.080550e-04        1.395989e-03
                3100        9.822000e-05        6.502549e-04
                3200        1.076530e-04        3.802262e-04
                3300        1.242980e-04        2.202056e-04
                3400        1.079340e-04        1.287765e-04
                3500        1.065280e-04        7.227706e-05
                3600        1.074580e-04        4.003957e-05
                3700        1.061590e-04        1.821820e-05
                3800        7.919400e-05        9.081189e-06
                3900        8.136000e-05        4.756676e-06
                4000        9.874000e-05        2.401845e-06
                4100        1.074790e-04        1.305541e-06
                4200        9.829000e-05        7.848773e-07
                4300        9.783200e-05        3.555368e-07
                4400        8.982100e-05        1.942325e-07
                4500        9.840300e-05        1.109218e-07
                4600        7.875200e-05        6.292729e-08
                4700        8.724600e-05        3.723797e-08
                4800        9.070500e-05        1.399880e-08
                4900        7.614400e-05        8.381379e-09
                5000        7.679200e-05        4.254370e-09
                5100        7.629600e-05        2.261146e-09
                5200        8.729100e-05        1.077399e-09
                5300        8.753500e-05        4.905466e-10
                5400        7.679800e-05        2.419040e-10
                5500        7.612300e-05        1.355458e-10
                5600        7.636800e-05        5.812075e-11
                5700        8.254000e-05        3.328745e-11
                5800        7.706100e-05        1.668329e-11
                5900        7.630300e-05        9.019385e-12
                6000        1.060330e-04        5.136586e-12
                6100        8.175600e-05        2.180228e-12
                6200        8.152600e-05        1.115921e-12
                6300        9.025200e-05        6.031365e-13
                6400        7.647400e-05        3.719810e-13
                6500        7.690700e-05        1.870387e-13
                6600        9.010100e-05        1.083775e-13
                6700        9.009400e-05        5.510696e-14
                6800        8.141400e-05        3.108899e-14
                6900        9.070500e-05        1.640271e-14
                7000        7.954500e-05        8.921741e-15
                7100        8.282400e-05        3.292550e-15
                7200        8.375600e-05        1.712617e-15
                7300        1.129870e-04        9.776599e-16
                7400        1.157360e-04        5.530643e-16
                7500        8.484700e-05        3.416375e-16
                7600        8.155900e-05        1.678480e-16
                7700        9.487300e-05        8.764191e-17
                7800        1.192320e-04        4.417963e-17
                7900        1.442360e-04        2.208537e-17
                8000        8.623500e-05        1.500519e-17
                8100        8.348900e-05        7.833928e-18
                8200        8.221500e-05        3.903187e-18
                8300        8.335000e-05        1.857565e-18
                8400        8.428000e-05        9.841380e-19
                8500        9.425600e-05        4.606484e-19
                8600        8.126600e-05        2.086700e-19
                8700        1.030580e-04        1.281957e-19
                8800        9.058800e-05        6.784429e-20
                8900        9.109800e-05        3.769735e-20
                9000        9.382600e-05        2.359654e-20
                9100        7.936200e-05        1.225271e-20
                9200        7.992300e-05        7.077355e-21
                9300        9.896600e-05        3.266120e-21
                9400        8.999300e-05        1.568474e-21
                9500        9.214900e-05        9.863905e-22
                9600        7.851400e-05        5.005766e-22
                9700        8.953700e-05        2.988844e-22
                9800        9.512100e-05        1.466320e-22
                9900        9.822500e-05        7.134895e-23
               10000        9.252800e-05        4.072894e-23
               10100        7.951100e-05        2.337131e-23
               10200        7.982900e-05        1.350353e-23
               10300        9.982000e-05        6.757074e-24
               10400        8.954200e-05        3.420966e-24
               10500        9.222800e-05        1.835731e-24
               10600        7.859100e-05        1.071701e-24
               10700        8.001200e-05        6.726627e-25
               10800        9.033700e-05        4.807174e-25
               10900        9.084100e-05        3.070217e-25
               11000        9.244200e-05        2.431810e-25
               11100        8.421400e-05        2.682358e-25
               11200        8.969500e-05        1.978671e-25
               11300        9.011200e-05        2.078907e-25
               11400        8.938200e-05        1.712081e-25
               11500        9.157000e-05        1.934349e-25
               11600        8.038500e-05        1.704770e-25
               11700        8.952900e-05        1.737841e-25
               11800        9.090000e-05        1.958668e-25
               11900        8.893700e-05        1.985082e-25
               12000        9.295400e-05        1.906565e-25
               12100        7.975700e-05        1.788346e-25
               12200        8.891100e-05        2.108370e-25
               12300        9.250900e-05        1.991880e-25
               12400        8.944800e-05        1.893181e-25
               12500        9.344900e-05        1.979619e-25
               12600        8.044600e-05        2.162944e-25
               12700        8.949200e-05        2.199545e-25
               12800        8.976900e-05        2.358385e-25
               12900        8.888700e-05        2.034877e-25
               13000        9.025600e-05        1.779032e-25
               13100        7.706700e-05        2.149836e-25
               13200        8.639800e-05        2.049661e-25
               13300        8.717600e-05        1.930973e-25
               13400        8.717700e-05        1.727598e-25
               13500        8.457600e-05        1.535840e-25
               13600        7.676100e-05        1.544901e-25
               13700        8.678100e-05        1.674212e-25
               13800        8.696700e-05        1.598584e-25
               13900        8.724600e-05        1.984298e-25
               14000        9.020200e-05        1.417148e-25
               14100        7.730900e-05        1.606823e-25
               14200        7.597300e-05        1.557942e-25
               14300        9.726500e-05        1.980543e-25
               14400        8.653100e-05        1.707528e-25
               14500        9.053300e-05        1.253065e-25
               14600        7.617100e-05        1.467958e-25
               14700        8.083400e-05        1.564966e-25
               14800        8.751400e-05        1.465797e-25
               14900        8.805200e-05        1.628930e-25
               15000        8.971800e-05        2.022297e-25
               15100        7.725000e-05        2.458964e-25
               15200        8.522200e-05        1.756796e-25
               15300        8.770300e-05        1.365799e-25
               15400        8.658600e-05        1.658958e-25
               15500        9.026200e-05        1.596587e-25
               15600        7.692000e-05        1.634099e-25
               15700        8.640500e-05        1.487948e-25
               15800        8.658000e-05        1.542960e-25
               15900        9.365300e-05        1.901958e-25
               16000        9.893900e-05        2.176457e-25
               16100        9.936300e-05        1.587171e-25
               16200        9.127500e-05        1.608044e-25
               16300        8.864300e-05        1.825679e-25
               16400        8.381700e-05        1.910401e-25
               16500        9.535200e-05        2.820788e-25
               16600        1.014450e-04        2.126270e-25
               16700        9.567700e-05        1.970510e-25
               16800        1.063780e-04        2.436738e-25
               16900        8.191500e-05        1.797639e-25
               17000        8.108100e-05        1.935101e-25
               17100        7.854300e-05        1.900577e-25
               17200        9.328200e-05        1.452213e-25
               17300        9.031700e-05        2.050010e-25
               17400        7.543800e-05        2.103349e-25
               17500        9.291600e-05        1.559639e-25
               17600        7.663600e-05        1.829541e-25
               17700        7.763800e-05        2.064855e-25
               17800        8.914900e-05        1.768836e-25
               17900        7.984900e-05        1.778852e-25
               18000        7.673400e-05        1.610183e-25
               18100        7.755200e-05        1.854221e-25
               18200        9.038700e-05        1.810234e-25
               18300        8.729200e-05        2.079750e-25
               18400        9.021700e-05        1.730173e-25
               18500        7.427500e-05        1.680028e-25
               18600        7.562200e-05        1.678449e-25
               18700        8.731700e-05        1.691962e-25
               18800        8.724600e-05        1.812944e-25
               18900        9.085600e-05        2.126722e-25
               19000        7.591700e-05        1.959417e-25
               19100        7.481000e-05        1.752976e-25
               19200        8.673400e-05        1.578462e-25
               19300        8.754900e-05        1.636979e-25
               19400        8.987600e-05        1.825776e-25
               19500        7.732800e-05        1.810161e-25
               19600        7.732900e-05        1.747523e-25
               19700        9.630300e-05        1.393086e-25
               19800        8.712700e-05        1.491628e-25
               19900        8.980700e-05        1.602327e-25
               20000        7.638800e-05        1.506357e-25
               20100        7.772200e-05        1.466171e-25
               20200        9.951600e-05        1.395134e-25
               20300        8.792000e-05        1.534203e-25
               20400        9.050400e-05        1.396253e-25
               20500        6.496700e-05        1.592657e-25
               20600        9.538900e-05        1.608054e-25
               20700        7.860700e-05        1.964754e-25
               20800        7.938700e-05        1.956951e-25
               20900        8.745600e-05        1.644746e-25
               21000        8.768500e-05        2.147087e-25
               21100        8.700000e-05        1.670083e-25
               21200        7.909000e-05        1.662771e-25
               21300        7.703800e-05        1.788456e-25
               21400        7.723100e-05        1.717723e-25
               21500        8.820700e-05        1.779726e-25
               21600        8.760100e-05        1.407773e-25
               21700        9.100700e-05        1.319492e-25
               21800        7.689600e-05        1.722310e-25
               21900        7.726700e-05        1.807605e-25
               22000        8.834200e-05        1.732315e-25
               22100        8.699000e-05        2.143236e-25
               22200        8.983200e-05        1.804769e-25
               22300        7.649000e-05        1.837029e-25
               22400        7.594300e-05        1.819750e-25
               22500        8.801100e-05        1.568991e-25
               22600        8.757300e-05        1.665587e-25
               22700        9.095300e-05        1.782893e-25
               22800        7.623900e-05        1.728834e-25
               22900        7.588600e-05        2.052195e-25
               23000        8.702900e-05        1.813884e-25
               23100        8.711900e-05        1.520581e-25
               23200        8.957800e-05        1.876954e-25
               23300        7.638300e-05        1.647346e-25
               23400        7.543100e-05        1.688022e-25
               23500        7.752900e-05        2.092839e-25
               23600        8.756600e-05        1.998946e-25
               23700        8.985200e-05        2.151042e-25
               23800        7.575400e-05        2.167300e-25
               23900        7.602400e-05        1.475843e-25
               24000        9.647100e-05        1.488772e-25
               24100        8.720300e-05        1.419365e-25
               24200        8.949100e-05        1.516630e-25
               24300        7.650200e-05        1.973125e-25
               24400        7.638500e-05        1.628144e-25
               24500        8.733600e-05        2.133110e-25
               24600        8.638800e-05        2.015087e-25
               24700        9.052800e-05        1.642543e-25
               24800        7.628400e-05        1.395397e-25
               24900        9.097900e-05        1.683295e-25
               25000        7.996700e-05        1.392289e-25
               25100        8.140400e-05        1.720589e-25
               25200        1.115640e-04        1.575124e-25
               25300        9.075100e-05        1.854658e-25
               25400        8.293600e-05        2.211880e-25
               25500        9.310300e-05        2.050915e-25
               25600        1.264700e-04        1.659500e-25
               25700        1.089330e-04        1.466995e-25
               25800        8.473400e-05        1.135381e-25
               25900        8.267900e-05        1.446271e-25
               26000        8.103600e-05        1.448259e-25
               26100        9.003800e-05        2.004312e-25
               26200        1.033590e-04        1.724874e-25
               26300        7.614200e-05        1.781694e-25
               26400        7.592600e-05        1.379053e-25
               26500        8.824400e-05        1.162150e-25
               26600        8.780300e-05        1.440996e-25
               26700        7.788900e-05        1.685026e-25
               26800        7.438300e-05        1.653573e-25
               26900        1.082800e-04        2.128966e-25
               27000        8.713100e-05        1.702525e-25
               27100        8.676700e-05        1.976410e-25
               27200        8.720500e-05        1.852938e-25
               27300        7.959600e-05        1.931973e-25
               27400        7.853100e-05        2.039016e-25
               27500        8.040200e-05        1.668931e-25
               27600        7.659900e-05        1.855095e-25
               27700        7.758900e-05        1.663383e-25
               27800        7.410200e-05        1.719246e-25
               27900        7.623300e-05        1.420435e-25
               28000        8.668400e-05        1.576527e-25
               28100        8.797600e-05        1.874636e-25
               28200        8.934000e-05        1.681271e-25
               28300        7.556300e-05        1.936194e-25
               28400        7.515600e-05        2.038659e-25
               28500        9.645400e-05        2.028530e-25
               28600        8.579200e-05        1.443909e-25
               28700        8.951600e-05        1.603029e-25
               28800        7.583300e-05        1.774105e-25
               28900        8.557000e-05        1.670597e-25
               29000        8.646100e-05        1.556314e-25
               29100        8.694900e-05        1.894343e-25
               29200        8.863900e-05        1.448596e-25
               29300        7.515800e-05        1.545633e-25
               29400        8.490500e-05        1.673439e-25
               29500        8.651200e-05        1.598583e-25
               29600        7.632400e-05        1.710051e-25
               29700        8.989000e-05        1.799147e-25
               29800        7.577600e-05        1.819985e-25
               29900        7.598100e-05        1.888516e-25
               30000        8.690800e-05        2.065964e-25
               30100        8.527500e-05        1.927029e-25
               30200        7.720400e-05        1.639942e-25
               30300        7.486100e-05        1.652341e-25
               30400        7.676900e-05        1.699838e-25
               30500        7.747100e-05        1.821848e-25
               30600        8.577200e-05        1.926723e-25
               30700        8.946800e-05        1.707449e-25
               30800        7.527900e-05        1.875015e-25
               30900        7.566200e-05        1.970349e-25
               31000        8.507900e-05        1.693742e-25
               31100        8.650000e-05        1.608706e-25
               31200        8.895900e-05        1.937153e-25
               31300        7.552800e-05        1.827050e-25
               31400        7.573700e-05        1.627181e-25
               31500        8.663900e-05        1.510422e-25
               31600        8.604100e-05        1.552354e-25
               31700        8.773300e-05        1.426108e-25
               31800        7.433400e-05        1.588495e-25
               31900        7.586500e-05        1.367122e-25
               32000        8.566000e-05        1.750614e-25
               32100        8.657700e-05        1.844862e-25
               32200        8.875500e-05        2.283305e-25
               32300        7.516100e-05        1.967024e-25
               32400        7.532100e-05        1.891391e-25
               32500        8.774900e-05        1.728530e-25
               32600        8.629900e-05        1.569908e-25
               32700        8.962800e-05        1.746876e-25
               32800        6.644800e-05        1.874577e-25
               32900        7.277000e-05        2.398020e-25
               33000        8.635700e-05        1.942936e-25
               33100        7.821300e-05        1.684880e-25
               33200        8.974300e-05        1.637643e-25
               33300        7.540800e-05        1.631432e-25
               33400        8.926500e-05        1.384623e-25
               33500        7.508300e-05        1.306716e-25
               33600        8.778900e-05        1.511156e-25
               33700        9.006500e-05        1.665641e-25
               33800        8.956000e-05        1.755419e-25
               33900        9.760700e-05        1.577827e-25
               34000        1.084560e-04        1.625226e-25
               34100        1.014860e-04        1.787396e-25
               34200        8.205700e-05        1.724368e-25
               34300        7.964400e-05        1.505334e-25
               34400        8.463800e-05        1.383583e-25
               34500        8.507500e-05        1.460363e-25
               34600        9.106800e-05        1.520088e-25
               34700        9.534500e-05        1.753739e-25
               34800        1.146780e-04        1.588888e-25
               34900        7.916900e-05        1.488163e-25
               35000        7.794300e-05        1.575078e-25
               35100        8.938700e-05        1.742321e-25
               35200        7.871700e-05        2.128281e-25
               35300        9.029400e-05        1.835797e-25
               35400        8.889500e-05        1.871144e-25
               35500        7.703500e-05        1.826700e-25
               35600        8.629500e-05        2.036338e-25
               35700        8.734100e-05        2.440205e-25
               35800        7.852700e-05        1.939770e-25
               35900        8.610300e-05        1.752538e-25
               36000        7.539700e-05        1.677194e-25
               36100        8.811200e-05        1.648145e-25
               36200        8.762400e-05        1.932918e-25
               36300        7.786400e-05        2.040738e-25
               36400        7.563400e-05        1.792059e-25
               36500        7.591200e-05        1.826911e-25
               36600        8.689900e-05        1.598788e-25
               36700        8.661100e-05        1.601200e-25
               36800        7.780100e-05        1.792548e-25
               36900        8.974100e-05        1.660188e-25
               37000        9.073500e-05        2.284177e-25
               37100        8.882800e-05        2.049291e-25
               37200        1.150820e-04        1.372017e-25
               37300        7.461100e-05        1.727155e-25
               37400        7.587200e-05        1.109652e-25
               37500        8.783000e-05        1.357088e-25
               37600        8.617200e-05        1.487049e-25
               37700        9.109700e-05        1.624457e-25
               37800        7.583800e-05        1.538355e-25
               37900        7.599600e-05        1.772380e-25
               38000        8.719100e-05        1.719076e-25
               38100        8.646600e-05        1.619355e-25
               38200        7.704200e-05        1.723951e-25
               38300        7.593300e-05        1.964448e-25
               38400        7.595800e-05        1.700196e-25
               38500        8.732200e-05        1.860838e-25
               38600        8.688600e-05        1.682578e-25
               38700        8.968100e-05        1.346574e-25
               38800        7.440600e-05        1.529037e-25
               38900        7.547300e-05        1.781771e-25
               39000        8.778600e-05        1.695440e-25
               39100        8.708900e-05        1.612850e-25
               39200        8.949400e-05        1.530687e-25
               39300        7.716700e-05        1.898660e-25
               39400        8.680500e-05        2.170103e-25
               39500        7.733200e-05        2.187741e-25
               39600        8.638600e-05        2.366714e-25
               39700        8.851000e-05        1.675493e-25
               39800        7.471100e-05        1.934365e-25
               39900        8.532100e-05        1.823745e-25
               40000        8.646200e-05        2.057511e-25
               40100        8.551800e-05        1.649780e-25
               40200        8.871500e-05        1.774229e-25
               40300        7.482700e-05        1.484830e-25
               40400        1.130860e-04        1.417644e-25
               40500        1.024060e-04        1.242024e-25
               40600        7.746600e-05        1.539010e-25
               40700        7.687300e-05        1.923210e-25
               40800        7.678800e-05        1.636349e-25
               40900        9.036200e-05        1.967981e-25
               41000        7.512100e-05        1.741307e-25
               41100        7.656900e-05        1.594340e-25
               41200        7.559300e-05        1.528910e-25
               41300        8.583900e-05        1.648500e-25
               41400        7.546200e-05        1.906771e-25
               41500        7.371800e-05        1.690152e-25
               41600        7.699500e-05        2.188120e-25
               41700        7.427800e-05        2.071460e-25
               41800        8.718000e-05        2.280529e-25
               41900        8.682800e-05        2.469722e-25
               42000        8.625500e-05        1.526938e-25
               42100        8.655300e-05        1.819272e-25
               42200        8.656900e-05        1.859558e-25
               42300        8.689900e-05        1.971999e-25
               42400        8.648500e-05        1.680207e-25
               42500        8.648800e-05        1.637365e-25
               42600        8.577100e-05        1.790132e-25
               42700        8.604600e-05        1.676233e-25
               42800        8.029900e-05        1.599564e-25
               42900        8.014800e-05        2.189814e-25
               43000        8.136100e-05        1.827061e-25
               43100        8.716300e-05        2.260383e-25
               43200        9.511700e-05        1.675008e-25
               43300        9.062000e-05        1.945946e-25
               43400        9.245300e-05        1.663308e-25
               43500        8.501700e-05        2.535738e-25
               43600        8.640900e-05        2.131096e-25
               43700        9.986900e-05        2.079874e-25
               43800        9.399000e-05        1.766846e-25
               43900        9.146300e-05        1.934626e-25
               44000        9.000500e-05        1.848472e-25
               44100        8.864800e-05        1.983752e-25
               44200        8.774500e-05        1.751409e-25
               44300        8.648600e-05        1.610479e-25
               44400        8.720600e-05        1.865179e-25
               44500        8.746400e-05        1.739756e-25
               44600        8.686100e-05        1.778346e-25
               44700        8.724400e-05        1.907379e-25
               44800        8.595800e-05        1.517119e-25
               44900        8.707000e-05        1.612588e-25
               45000        8.692600e-05        1.629498e-25
               45100        8.647500e-05        1.506627e-25
               45200        8.666300e-05        1.165252e-25
               45300        8.706100e-05        1.421459e-25
               45400        8.726500e-05        1.651956e-25
               45500        8.679200e-05        1.567036e-25
               45600        8.665800e-05        1.851867e-25
               45700        8.668300e-05        2.041427e-25
               45800        8.572200e-05        1.739307e-25
               45900        8.690800e-05        1.844113e-25
               46000        8.669700e-05        1.846992e-25
               46100        8.655500e-05        2.022968e-25
               46200        8.688600e-05        1.747575e-25
               46300        8.667200e-05        1.477288e-25
               46400        8.615100e-05        1.629101e-25
               46500        8.767300e-05        1.642693e-25
               46600        8.714600e-05        1.781206e-25
               46700        8.635800e-05        1.876508e-25
               46800        8.704500e-05        1.504093e-25
               46900        8.733900e-05        1.365742e-25
               47000        8.641500e-05        1.851021e-25
               47100        8.675500e-05        1.613042e-25
               47200        7.657200e-05        2.143567e-25
               47300        8.607900e-05        2.131311e-25
               47400        1.063460e-04        2.124349e-25
               47500        8.578900e-05        1.890360e-25
               47600        8.632100e-05        1.653563e-25
               47700        8.692000e-05        1.836811e-25
               47800        8.642900e-05        1.436710e-25
               47900        8.589100e-05        1.662033e-25
               48000        7.659900e-05        2.040149e-25
               48100        8.552200e-05        2.107810e-25
               48200        8.669400e-05        1.700120e-25
               48300        8.686300e-05        1.477517e-25
               48400        7.580700e-05        1.333148e-25
               48500        9.710200e-05        1.471776e-25
               48600        8.709900e-05        1.671339e-25
               48700        8.692400e-05        1.490742e-25
               48800        8.685700e-05        1.508623e-25
               48900        8.651700e-05        1.530648e-25
               49000        8.687200e-05        1.510443e-25
               49100        8.661800e-05        1.380374e-25
               49200        8.764800e-05        1.382510e-25
               49300        8.688900e-05        1.305815e-25
               49400        8.607700e-05        1.272481e-25
               49500        8.593600e-05        1.445314e-25
               49600        8.656900e-05        1.423984e-25
               49700        8.684500e-05        1.535083e-25
               49800        8.619700e-05        1.615088e-25
               49900        8.583100e-05        1.791066e-25
               50000        8.627900e-05        1.634158e-25
               50100        8.735900e-05        1.809083e-25
               50200        8.659600e-05        1.924328e-25
               50300        7.688000e-05        1.888965e-25
               50400        7.556500e-05        1.729509e-25
               50500        8.728700e-05        1.673820e-25
               50600        8.665100e-05        1.944628e-25
               50700        8.656900e-05        1.507691e-25
               50800        8.646300e-05        1.737943e-25
               50900        8.607800e-05        1.644813e-25
               51000        8.612700e-05        1.551254e-25
               51100        7.644100e-05        1.486178e-25
               51200        8.639600e-05        1.366500e-25
               51300        8.668600e-05        1.742485e-25
               51400        8.662600e-05        1.942859e-25
               51500        8.603300e-05        1.442932e-25
               51600        8.729900e-05        1.706091e-25
               51700        7.760800e-05        1.588925e-25
               51800        8.703900e-05        1.793474e-25
               51900        8.717700e-05        1.556259e-25
               52000        7.918800e-05        1.631704e-25
               52100        8.105400e-05        1.788511e-25
               52200        8.160400e-05        1.574692e-25
               52300        8.509400e-05        1.533644e-25
               52400        8.322600e-05        1.689581e-25
               52500        8.243000e-05        1.926198e-25
               52600        9.174300e-05        1.489072e-25
               52700        8.464300e-05        1.894317e-25
               52800        8.819200e-05        2.235933e-25
               52900        8.714700e-05        2.067279e-25
               53000        8.714200e-05        2.199117e-25
               53100        8.606900e-05        2.041008e-25
               53200        1.094600e-04        1.937975e-25
               53300        8.340800e-05        1.738523e-25
               53400        9.101700e-05        1.870317e-25
               53500        9.030800e-05        2.012773e-25
               53600        8.300500e-05        1.781758e-25
               53700        8.288700e-05        1.768923e-25
               53800        8.522500e-05        1.955234e-25
               53900        9.428700e-05        2.171079e-25
               54000        8.882500e-05        2.022468e-25
               54100        9.015500e-05        1.852519e-25
               54200        8.941600e-05        2.181841e-25
               54300        8.898800e-05        1.835062e-25
               54400        8.538300e-05        1.536336e-25
               54500        6.387600e-05        1.525439e-25
               54600        6.370300e-05        2.066483e-25
               54700        6.184000e-05        1.805509e-25
               54800        6.088300e-05        2.056253e-25
               54900        6.118700e-05        2.078214e-25
               55000        5.143600e-05        2.560516e-25
               55100        5.129400e-05        3.033598e-25
               55200        5.100900e-05        2.238699e-25
               55300        6.081300e-05        2.178658e-25
               55400        6.152500e-05        2.374800e-25
               55500        6.104200e-05        2.187653e-25
               55600        6.062400e-05        2.236627e-25
               55700        6.051600e-05        2.332115e-25
               55800        6.094700e-05        2.150246e-25
               55900        6.153500e-05        1.893013e-25
               56000        5.085100e-05        1.611715e-25
               56100        6.093600e-05        1.513744e-25
               56200        6.165200e-05        1.321966e-25
               56300        5.040600e-05        1.594889e-25
               56400        6.112800e-05        1.561554e-25
               56500        6.216900e-05        1.737129e-25
               56600        6.146000e-05        1.779103e-25
               56700        6.151900e-05        1.648021e-25
               56800        6.172600e-05        1.965070e-25
               56900        6.082700e-05        1.738024e-25
               57000        6.159800e-05        1.595040e-25
               57100        6.174500e-05        2.029382e-25
               57200        6.190600e-05        2.317215e-25
               57300        6.076800e-05        1.606517e-25
               57400        6.094200e-05        1.363832e-25
               57500        6.205000e-05        1.434472e-25
               57600        6.012600e-05        1.218137e-25
               57700        6.008700e-05        1.059070e-25
               57800        6.083700e-05        1.163031e-25
               57900        6.085600e-05        1.483711e-25
               58000        6.017100e-05        1.638415e-25
               58100        5.063500e-05        1.648436e-25
               58200        6.098000e-05        1.399420e-25
               58300        6.102700e-05        1.666332e-25
               58400        5.043900e-05        2.252119e-25
               58500        5.057500e-05        1.448843e-25
               58600        5.155000e-05        1.467285e-25
               58700        5.091900e-05        1.757379e-25
               58800        4.949000e-05        1.672777e-25
               58900        5.049100e-05        1.597364e-25
               59000        5.079600e-05        1.670703e-25
               59100        5.098200e-05        1.532789e-25
               59200        5.135400e-05        1.841581e-25
               59300        5.063300e-05        1.305214e-25
               59400        5.148700e-05        1.318189e-25
               59500        5.127400e-05        1.553162e-25
               59600        5.062700e-05        1.703997e-25
               59700        5.139400e-05        1.628893e-25
               59800        5.114900e-05        1.588762e-25
               59900        5.170500e-05        1.612262e-25
               60000        5.107900e-05        1.576325e-25
               60100        5.077500e-05        1.783682e-25
               60200        5.142400e-05        1.995062e-25
               60300        5.120000e-05        1.773847e-25
               60400        5.131800e-05        1.833983e-25
               60500        5.191000e-05        1.788368e-25
               60600        5.000100e-05        1.452367e-25
               60700        5.040900e-05        1.329535e-25
               60800        5.163400e-05        1.537958e-25
               60900        5.036200e-05        1.658807e-25
               61000        5.098100e-05        1.509982e-25
               61100        5.105200e-05        1.518922e-25
               61200        5.067400e-05        1.631023e-25
               61300        5.113200e-05        1.928496e-25
               61400        5.592800e-05        1.771997e-25
               61500        5.486800e-05        1.376742e-25
               61600        5.177900e-05        1.697537e-25
               61700        5.161100e-05        1.616949e-25
               61800        5.143300e-05        1.897539e-25
               61900        5.304800e-05        2.069960e-25
               62000        5.289100e-05        2.524883e-25
               62100        5.200700e-05        2.165248e-25
               62200        5.858200e-05        1.744571e-25
               62300        5.509500e-05        1.453571e-25
               62400        5.539300e-05        1.678975e-25
               62500        5.422300e-05        1.556286e-25
               62600        5.665100e-05        1.425349e-25
               62700        6.108500e-05        1.642605e-25
               62800        5.995600e-05        1.590772e-25
               62900        6.407000e-05        1.537051e-25
               63000        5.742100e-05        1.897615e-25
               63100        5.504100e-05        1.795925e-25
               63200        5.275200e-05        1.529244e-25
               63300        5.274000e-05        1.760065e-25
               63400        5.162500e-05        1.698572e-25
               63500        5.093600e-05        1.525353e-25
               63600        5.042400e-05        1.958552e-25
               63700        4.994300e-05        2.185891e-25
               63800        5.139600e-05        1.787504e-25
               63900        5.154300e-05        1.648690e-25
               64000        5.028100e-05        1.583289e-25
               64100        5.017500e-05        1.442898e-25
               64200        5.168500e-05        1.529152e-25
               64300        5.249400e-05        1.363190e-25
               64400        5.077100e-05        1.350549e-25
               64500        5.082000e-05        1.304798e-25
               64600        5.194800e-05        1.286445e-25
               64700        5.109400e-05        2.127827e-25
               64800        5.030800e-05        2.317782e-25
               64900        5.092500e-05        2.059790e-25
               65000        6.049800e-05        1.901979e-25
               65100        5.986100e-05        2.072250e-25
               65200        5.968400e-05        1.659926e-25
               65300        5.980900e-05        1.736623e-25
               65400        5.984000e-05        1.858181e-25
               65500        6.111400e-05        1.598024e-25
               65600        6.305900e-05        1.345458e-25
               65700        6.072800e-05        1.788996e-25
               65800        6.184800e-05        2.047542e-25
               65900        5.023300e-05        2.314045e-25
               66000        5.916700e-05        2.365525e-25
               66100        6.033400e-05        2.315828e-25
               66200        6.003200e-05        1.960220e-25
               66300        6.142700e-05        1.507123e-25
               66400        6.110600e-05        2.174657e-25
               66500        5.960900e-05        2.187292e-25
               66600        6.082400e-05        1.632954e-25
               66700        6.103500e-05        1.767224e-25
               66800        6.061400e-05        1.483823e-25
               66900        5.923100e-05        2.327617e-25
               67000        5.951100e-05        2.802833e-25
               67100        5.982400e-05        2.292671e-25
               67200        5.119200e-05        2.023106e-25
               67300        6.027300e-05        1.944418e-25
               67400        6.019600e-05        2.056363e-25
               67500        5.973300e-05        1.808625e-25
               67600        6.534400e-05        1.812698e-25
               67700        5.993800e-05        1.922629e-25
               67800        5.978800e-05        1.993450e-25
               67900        6.060900e-05        1.670486e-25
               68000        6.043300e-05        1.996944e-25
               68100        6.083200e-05        1.888856e-25
               68200        5.933500e-05        1.755408e-25
               68300        5.934700e-05        1.595014e-25
               68400        6.087300e-05        1.582488e-25
               68500        5.906800e-05        1.296516e-25
               68600        5.114400e-05        1.267921e-25
               68700        6.098800e-05        1.438692e-25
               68800        6.038500e-05        1.440911e-25
               68900        5.010700e-05        1.558166e-25
               69000        5.935500e-05        2.009499e-25
               69100        6.043600e-05        1.772554e-25
               69200        5.970400e-05        1.639254e-25
               69300        5.051600e-05        1.335118e-25
               69400        6.024600e-05        1.304483e-25
               69500        5.995000e-05        1.631108e-25
               69600        6.018400e-05        1.871967e-25
               69700        6.130600e-05        2.097345e-25
               69800        6.108000e-05        1.798286e-25
               69900        6.034100e-05        1.942357e-25
               70000        6.011100e-05        1.552739e-25
               70100        5.982500e-05        1.524836e-25
               70200        5.969200e-05        1.817383e-25
               70300        6.008200e-05        1.571849e-25
               70400        6.016200e-05        1.425536e-25
               70500        4.948600e-05        1.890367e-25
               70600        5.001700e-05        2.006618e-25
               70700        6.006800e-05        1.934315e-25
               70800        6.044600e-05        1.981848e-25
               70900        6.027000e-05        2.166305e-25
               71000        6.095500e-05        1.464054e-25
               71100        5.990100e-05        1.362245e-25
               71200        6.169300e-05        1.110271e-25
               71300        6.014200e-05        1.200440e-25
               71400        6.046600e-05        1.551219e-25
               71500        6.000000e-05        1.836552e-25
               71600        6.512400e-05        1.702877e-25
               71700        6.081500e-05        1.749533e-25
               71800        5.950500e-05        1.657385e-25
               71900        6.018600e-05        1.218925e-25
               72000        6.133500e-05        1.321419e-25
               72100        6.004700e-05        1.150272e-25
               72200        6.202400e-05        1.409729e-25
               72300        5.122400e-05        1.535694e-25
               72400        5.904500e-05        1.597724e-25
               72500        5.609500e-05        1.503517e-25
               72600        6.525700e-05        1.538896e-25
               72700        6.244500e-05        1.596495e-25
               72800        6.587000e-05        1.780382e-25
               72900        5.962700e-05        1.866365e-25
               73000        6.910500e-05        1.684546e-25
               73100        7.135900e-05        1.666779e-25
               73200        5.739300e-05        1.589688e-25
               73300        6.995000e-05        1.679487e-25
               73400        6.560500e-05        1.722235e-25
               73500        6.502600e-05        1.798349e-25
               73600        6.474100e-05        1.705673e-25
               73700        6.380400e-05        1.697284e-25
               73800        6.332900e-05        2.165833e-25
               73900        6.180900e-05        2.151731e-25
               74000        6.112000e-05        1.778785e-25
               74100        6.118000e-05        1.558820e-25
               74200        6.196400e-05        1.623293e-25
               74300        6.072100e-05        1.979818e-25
               74400        6.097400e-05        1.531090e-25
               74500        5.067800e-05        2.124653e-25
               74600        5.073100e-05        2.057258e-25
               74700        5.249800e-05        2.365330e-25
               74800        5.043200e-05        2.443795e-25
               74900        5.012600e-05        2.243019e-25
               75000        5.166300e-05        2.083489e-25
               75100        5.137500e-05        2.345349e-25
               75200        5.047100e-05        2.223424e-25
               75300        5.457400e-05        2.200026e-25
               75400        5.100200e-05        2.368233e-25
               75500        5.079100e-05        2.278532e-25
               75600        5.021200e-05        1.923990e-25
               75700        5.016600e-05        2.074644e-25
               75800        5.027100e-05        2.216612e-25
               75900        5.145500e-05        1.981903e-25
               76000        5.194600e-05        2.032712e-25
               76100        5.177900e-05        1.972476e-25
               76200        5.121400e-05        1.654670e-25
               76300        5.055300e-05        1.538873e-25
               76400        5.120000e-05        1.905930e-25
               76500        5.074200e-05        1.488362e-25
               76600        5.119000e-05        2.111746e-25
               76700        5.191600e-05        2.138109e-25
               76800        5.204600e-05        1.848671e-25
               76900        5.061300e-05        1.814530e-25
               77000        4.993700e-05        1.731465e-25
               77100        5.136700e-05        1.642268e-25
               77200        5.144100e-05        1.880162e-25
               77300        5.056100e-05        1.470803e-25
               77400        5.105800e-05        2.189839e-25
               77500        5.113400e-05        2.116183e-25
               77600        5.087700e-05        2.282408e-25
               77700        5.200700e-05        2.142157e-25
               77800        5.073800e-05        2.269833e-25
               77900        5.051700e-05        1.865362e-25
               78000        5.135500e-05        1.901975e-25
               78100        5.068200e-05        1.801182e-25
               78200        5.227900e-05        1.466400e-25
               78300        5.117100e-05        2.063132e-25
               78400        5.116400e-05        1.962564e-25
               78500        5.118900e-05        1.947258e-25
               78600        5.043600e-05        1.747686e-25
               78700        5.073100e-05        1.825404e-25
               78800        5.137300e-05        1.742179e-25
               78900        5.097800e-05        1.574010e-25
               79000        5.066900e-05        1.530802e-25
               79100        5.087500e-05        2.311033e-25
               79200        5.070500e-05        2.543902e-25
               79300        4.986800e-05        1.688576e-25
               79400        5.088200e-05        1.608005e-25
               79500        5.072700e-05        1.497137e-25
               79600        5.112400e-05        1.239642e-25
               79700        5.151800e-05        1.261724e-25
               79800        5.022600e-05        1.322998e-25
               79900        5.093200e-05        1.700666e-25
               80000        5.156100e-05        1.608576e-25
               80100        5.132700e-05        1.574413e-25
               80200        5.093500e-05        1.792230e-25
               80300        5.031500e-05        1.596202e-25
               80400        5.149500e-05        1.576730e-25
               80500        5.120900e-05        1.730325e-25
               80600        5.175800e-05        2.245898e-25
               80700        5.211100e-05        1.870753e-25
               80800        5.150200e-05        1.911471e-25
               80900        5.108600e-05        1.748816e-25
               81000        5.062700e-05        1.712411e-25
               81100        4.999000e-05        1.774262e-25
               81200        5.031600e-05        1.945522e-25
               81300        5.058900e-05        1.786715e-25
               81400        5.127900e-05        1.728413e-25
               81500        5.105900e-05        1.496843e-25
               81600        5.100900e-05        1.532834e-25
               81700        5.065000e-05        1.506330e-25
               81800        5.088600e-05        1.367010e-25
               81900        5.164500e-05        1.390494e-25
               82000        5.136300e-05        1.905720e-25
               82100        5.080100e-05        1.714263e-25
               82200        5.249100e-05        1.558105e-25
               82300        5.089200e-05        1.418949e-25
               82400        5.104500e-05        1.610596e-25
               82500        5.125400e-05        1.236555e-25
               82600        5.185100e-05        1.361021e-25
               82700        5.353900e-05        1.304008e-25
               82800        5.386900e-05        1.375913e-25
               82900        5.659100e-05        1.295681e-25
               83000        5.480400e-05        1.697488e-25
               83100        5.537300e-05        1.861258e-25
               83200        5.402900e-05        1.940097e-25
               83300        5.452100e-05        2.037056e-25
               83400        6.146800e-05        1.856530e-25
               83500        6.438600e-05        1.870052e-25
               83600        5.974200e-05        1.706777e-25
               83700        5.688100e-05        1.480072e-25
               83800        5.581800e-05        1.535497e-25
               83900        5.333600e-05        1.491265e-25
               84000        7.042800e-05        1.519970e-25
               84100        5.677300e-05        1.886019e-25
               84200        5.382800e-05        1.519786e-25
               84300        5.234600e-05        1.644825e-25
               84400        5.155800e-05        1.743751e-25
               84500        5.091400e-05        1.803990e-25
               84600        5.047300e-05        1.688411e-25
               84700        5.045100e-05        1.462761e-25
               84800        5.025800e-05        1.213845e-25
               84900        4.967200e-05        1.447096e-25
               85000        5.045200e-05        1.758658e-25
               85100        4.902300e-05        1.594060e-25
               85200        4.893700e-05        1.513876e-25
               85300        4.901300e-05        1.671399e-25
               85400        4.901200e-05        1.744134e-25
               85500        4.913000e-05        1.437013e-25
               85600        4.990400e-05        1.423701e-25
               85700        4.941200e-05        1.723014e-25
               85800        5.066800e-05        1.344495e-25
               85900        4.941500e-05        1.557165e-25
               86000        5.075400e-05        1.740482e-25
               86100        4.900600e-05        1.900866e-25
               86200        4.876000e-05        1.724306e-25
               86300        4.866700e-05        1.945551e-25
               86400        4.928200e-05        1.851675e-25
               86500        4.919900e-05        1.970047e-25
               86600        5.132000e-05        1.970952e-25
               86700        5.225800e-05        2.166025e-25
               86800        5.197600e-05        2.011523e-25
               86900        5.053200e-05        1.821144e-25
               87000        5.025600e-05        1.520731e-25
               87100        5.075600e-05        1.974995e-25
               87200        4.979100e-05        2.021482e-25
               87300        4.943000e-05        1.943019e-25
               87400        7.021100e-05        1.736554e-25
               87500        5.259600e-05        1.846949e-25
               87600        5.001500e-05        1.927819e-25
               87700        4.986400e-05        2.012665e-25
               87800        4.995000e-05        2.175135e-25
               87900        4.959900e-05        2.184754e-25
               88000        4.925100e-05        1.944360e-25
               88100        6.963200e-05        1.827689e-25
               88200        6.801700e-05        2.433545e-25
               88300        4.848900e-05        1.974120e-25
               88400        6.858000e-05        1.889301e-25
               88500        4.828000e-05        1.626578e-25
               88600        6.845200e-05        1.505600e-25
               88700        4.867000e-05        1.532065e-25
               88800        7.848700e-05        1.377673e-25
               88900        6.162300e-05        1.390394e-25
               89000        4.730900e-05        1.601354e-25
               89100        4.770500e-05        1.731945e-25
               89200        5.033200e-05        1.757881e-25
               89300        4.936200e-05        1.887022e-25
               89400        6.869000e-05        1.629603e-25
               89500        4.866900e-05        2.105214e-25
               89600        4.820900e-05        1.738975e-25
               89700        4.781000e-05        1.847666e-25
               89800        4.772500e-05        2.025171e-25
               89900        4.842900e-05        2.382350e-25
               90000        6.834300e-05        1.969025e-25
               90100        6.900700e-05        2.146532e-25
               90200        4.796600e-05        2.334318e-25
               90300        4.773500e-05        2.194580e-25
               90400        6.919000e-05        2.196158e-25
               90500        4.795500e-05        2.132350e-25
               90600        6.820200e-05        2.597199e-25
               90700        4.828000e-05        2.596859e-25
               90800        6.811300e-05        1.835528e-25
               90900        4.760100e-05        1.602297e-25
               91000        4.821800e-05        1.403549e-25
               91100        4.737100e-05        1.672797e-25
               91200        4.730400e-05        1.504228e-25
               91300        5.228500e-05        1.411333e-25
               91400        4.835500e-05        1.270466e-25
               91500        4.823000e-05        1.339285e-25
               91600        4.774000e-05        1.846972e-25
               91700        4.804500e-05        1.954484e-25
               91800        5.955300e-05        2.304840e-25
               91900        4.775900e-05        2.154747e-25
               92000        4.805100e-05        1.792105e-25
               92100        4.850100e-05        1.619358e-25
               92200        4.776400e-05        1.565466e-25
               92300        5.788400e-05        1.635811e-25
               92400        6.181100e-05        1.528721e-25
               92500        4.847700e-05        1.192324e-25
               92600        4.949700e-05        1.130882e-25
               92700        5.948300e-05        1.289616e-25
               92800        5.963100e-05        1.610623e-25
               92900        6.128300e-05        1.530881e-25
               93000        6.127400e-05        2.022942e-25
               93100        5.431600e-05        1.713762e-25
               93200        6.923800e-05        1.518623e-25
               93300        5.393800e-05        1.653774e-25
               93400        5.325700e-05        1.594925e-25
               93500        6.307100e-05        1.430793e-25
               93600        6.955700e-05        1.414086e-25
               93700        8.525500e-05        1.535785e-25
               93800        5.704300e-05        1.218909e-25
               93900        5.452100e-05        1.208660e-25
               94000        8.350500e-05        1.051509e-25
               94100        5.263500e-05        1.950869e-25
               94200        5.282900e-05        1.752315e-25
               94300        5.097900e-05        1.986053e-25
               94400        4.984900e-05        2.225226e-25
               94500        5.141000e-05        1.832252e-25
               94600        4.974900e-05        1.716564e-25
               94700        5.020600e-05        1.531374e-25
               94800        5.022000e-05        1.827722e-25
               94900        5.061800e-05        1.874001e-25
               95000        4.953100e-05        1.743129e-25
               95100        5.055800e-05        2.090185e-25
               95200        4.993500e-05        1.674704e-25
               95300        5.008300e-05        2.100157e-25
               95400        4.929900e-05        1.849186e-25
               95500        4.959000e-05        1.556745e-25
               95600        4.907900e-05        1.855641e-25
               95700        4.949700e-05        1.674839e-25
               95800        4.958600e-05        1.566759e-25
               95900        4.933300e-05        1.307174e-25
               96000        4.962500e-05        1.739144e-25
               96100        5.011000e-05        1.380585e-25
               96200        5.013100e-05        1.553248e-25
               96300        5.006500e-05        1.475204e-25
               96400        4.860200e-05        1.731213e-25
               96500        4.986900e-05        1.826822e-25
               96600        4.990400e-05        2.114861e-25
               96700        5.112700e-05        1.742689e-25
               96800        5.083500e-05        2.147976e-25
               96900        5.980400e-05        1.990962e-25
               97000        6.018500e-05        1.664027e-25
               97100        6.044800e-05        1.771470e-25
               97200        5.937900e-05        1.822562e-25
               97300        5.888000e-05        1.975879e-25
               97400        4.877000e-05        2.239509e-25
               97500        5.024400e-05        1.846776e-25
               97600        4.897000e-05        2.031768e-25
               97700        4.966100e-05        1.524036e-25
               97800        4.973600e-05        1.428926e-25
               97900        4.918100e-05        1.577217e-25
               98000        4.908700e-05        1.185343e-25
               98100        4.923400e-05        1.365573e-25
               98200        5.044200e-05        1.183450e-25
               98300        4.957900e-05        1.609162e-25
               98400        4.910700e-05        1.589014e-25
               98500        4.952200e-05        1.267346e-25
               98600        4.941600e-05        2.159753e-25
               98700        4.964900e-05        1.737463e-25
               98800        4.986200e-05        1.477434e-25
               98900        4.895300e-05        1.527934e-25
               99000        4.856200e-05        1.449465e-25
               99100        4.944600e-05        1.414202e-25
               99200        4.944200e-05        1.442175e-25
               99300        4.994300e-05        1.204598e-25
               99400        4.919600e-05        1.334928e-25
               99500        4.912100e-05        1.576886e-25
               99600        4.958900e-05        1.671820e-25
               99700        5.129400e-05        1.764442e-25
               99800        4.972600e-05        1.550243e-25
               99900        4.990800e-05        1.716510e-25
              100000        4.984600e-05        1.607314e-25
