Period: 100
               Epoch           Time cost                Loss
                 100        1.277270e-04        4.686916e+04
                 200        8.010200e-05        3.232502e+04
                 300        7.866000e-05        2.435045e+04
                 400        7.709100e-05        1.847539e+04
                 500        7.713000e-05        1.494628e+04
                 600        7.681900e-05        1.015021e+04
                 700        8.489100e-05        7.210735e+03
                 800        8.336900e-05        5.760216e+03
                 900        6.910300e-05        4.054214e+03
                1000        6.927400e-05        3.399880e+03
                1100        6.852900e-05        2.916346e+03
                1200        8.819500e-05        2.383305e+03
                1300        8.461100e-05        1.745951e+03
                1400        1.058030e-04        1.564864e+03
                1500        1.144150e-04        1.201011e+03
                1600        1.003150e-04        9.897934e+02
                1700        7.694000e-05        7.460311e+02
                1800        7.165200e-05        5.827534e+02
                1900        2.427450e-04        4.786082e+02
                2000        8.649400e-05        4.786965e+02
                2100        8.975400e-05        3.725328e+02
                2200        8.870000e-05        3.189561e+02
                2300        9.578500e-05        3.189561e+02
                2400        9.848200e-05        2.122766e+02
                2500        9.590800e-05        2.123208e+02
                2600        1.096030e-04        1.587323e+02
                2700        9.438000e-05        1.587323e+02
                2800        9.901600e-05        1.224533e+02
                2900        9.629600e-05        1.224477e+02
                3000        8.579200e-05        9.769085e+01
                3100        8.490600e-05        9.769085e+01
                3200        8.520600e-05        7.250570e+01
                3300        8.516200e-05        7.250590e+01
                3400        8.679100e-05        5.391925e+01
                3500        8.582800e-05        5.391925e+01
                3600        8.575200e-05        4.526842e+01
                3700        8.497100e-05        4.526774e+01
                3800        8.806300e-05        3.335316e+01
                3900        8.747900e-05        3.335290e+01
                4000        8.941900e-05        2.623527e+01
                4100        8.769700e-05        2.623530e+01
                4200        8.664300e-05        1.871692e+01
                4300        8.425300e-05        1.871711e+01
                4400        8.530000e-05        1.455333e+01
                4500        8.683100e-05        1.455129e+01
                4600        8.385200e-05        1.067848e+01
                4700        8.517300e-05        1.067851e+01
                4800        8.420200e-05        7.114413e+00
                4900        8.447400e-05        7.119247e+00
                5000        8.551700e-05        5.741558e+00
                5100        8.530000e-05        5.741558e+00
                5200        8.532900e-05        4.452532e+00
                5300        8.481500e-05        4.452361e+00
                5400        8.412200e-05        3.232819e+00
                5500        8.425900e-05        3.233323e+00
                5600        8.110100e-05        2.626865e+00
                5700        8.038200e-05        2.628331e+00
                5800        8.334100e-05        2.325353e+00
                5900        8.643600e-05        2.325480e+00
                6000        8.589100e-05        1.739502e+00
                6100        8.522000e-05        1.740306e+00
                6200        8.541300e-05        1.310764e+00
                6300        8.421800e-05        1.310633e+00
                6400        8.430500e-05        9.396740e-01
                6500        9.087400e-05        6.811709e-01
                6600        8.563400e-05        6.811709e-01
                6700        8.519100e-05        5.132096e-01
                6800        8.356700e-05        5.131531e-01
                6900        8.488100e-05        4.026265e-01
                7000        8.265500e-05        4.026265e-01
                7100        8.506200e-05        2.914751e-01
                7200        8.689900e-05        2.914622e-01
                7300        8.578800e-05        2.142443e-01
                7400        8.807200e-05        2.142368e-01
                7500        8.671100e-05        1.528324e-01
                7600        9.001800e-05        1.528263e-01
                7700        8.879900e-05        1.018289e-01
                7800        9.012000e-05        1.018831e-01
                7900        8.924500e-05        7.350327e-02
                8000        8.632600e-05        7.358527e-02
                8100        8.738400e-05        6.020244e-02
                8200        8.816900e-05        6.021152e-02
                8300        8.509100e-05        4.457636e-02
                8400        8.445300e-05        4.457372e-02
                8500        8.505100e-05        3.474325e-02
                8600        8.580800e-05        3.475076e-02
                8700        8.405100e-05        2.622343e-02
                8800        8.459900e-05        2.622519e-02
                8900        8.215100e-05        2.062242e-02
                9000        8.567000e-05        2.061964e-02
                9100        8.376900e-05        1.553543e-02
                9200        8.281100e-05        1.553653e-02
                9300        8.439400e-05        1.330453e-02
                9400        8.434200e-05        1.330615e-02
                9500        8.401200e-05        9.042135e-03
                9600        8.561800e-05        9.042135e-03
                9700        8.571200e-05        6.248333e-03
                9800        1.003010e-04        6.247738e-03
                9900        8.234600e-05        5.061354e-03
               10000        8.708700e-05        5.061354e-03
               10100        8.068800e-05        3.547177e-03
               10200        8.301100e-05        3.546712e-03
               10300        8.437400e-05        2.696116e-03
               10400        8.585900e-05        2.695736e-03
               10500        8.225600e-05        1.886861e-03
               10600        8.463700e-05        1.886997e-03
               10700        8.264500e-05        1.431159e-03
               10800        8.317500e-05        1.431053e-03
               10900        8.237800e-05        1.107214e-03
               11000        8.450500e-05        1.107070e-03
               11100        8.481200e-05        7.972737e-04
               11200        8.355700e-05        6.476142e-04
               11300        8.289700e-05        6.479884e-04
               11400        8.063800e-05        5.117820e-04
               11500        8.467500e-05        5.119626e-04
               11600        8.449900e-05        3.738764e-04
               11700        8.372600e-05        3.738764e-04
               11800        8.309600e-05        2.669376e-04
               11900        8.338300e-05        2.669376e-04
               12000        8.207200e-05        2.118599e-04
               12100        8.262200e-05        2.118599e-04
               12200        8.445000e-05        1.474410e-04
               12300        8.315700e-05        1.474454e-04
               12400        8.302700e-05        1.147808e-04
               12500        8.340600e-05        1.147808e-04
               12600        8.493900e-05        8.840253e-05
               12700        8.295400e-05        8.837538e-05
               12800        8.521500e-05        6.273468e-05
               12900        8.495000e-05        6.273468e-05
               13000        8.336100e-05        4.081123e-05
               13100        8.540300e-05        4.081934e-05
               13200        8.704100e-05        3.077356e-05
               13300        8.476400e-05        3.077577e-05
               13400        8.203000e-05        2.290232e-05
               13500        8.343700e-05        2.291651e-05
               13600        8.351700e-05        1.717567e-05
               13700        8.419200e-05        1.717608e-05
               13800        8.419500e-05        1.260750e-05
               13900        6.682500e-05        1.260692e-05
               14000        6.806000e-05        9.333446e-06
               14100        8.297600e-05        7.382980e-06
               14200        8.135300e-05        5.386222e-06
               14300        8.217000e-05        5.386189e-06
               14400        8.339900e-05        4.101337e-06
               14500        8.585500e-05        4.101780e-06
               14600        8.343600e-05        3.024515e-06
               14700        8.619800e-05        3.024326e-06
               14800        8.328700e-05        2.381125e-06
               14900        8.336500e-05        2.381162e-06
               15000        8.287200e-05        1.784295e-06
               15100        8.328100e-05        1.783688e-06
               15200        8.394400e-05        1.368500e-06
               15300        8.832400e-05        1.368417e-06
               15400        8.295600e-05        1.029783e-06
               15500        8.375700e-05        7.310687e-07
               15600        8.312600e-05        7.305424e-07
               15700        8.306900e-05        5.563736e-07
               15800        8.385100e-05        5.562956e-07
               15900        8.238900e-05        4.418524e-07
               16000        8.354600e-05        4.418103e-07
               16100        8.330300e-05        3.257917e-07
               16200        8.585900e-05        3.259327e-07
               16300        8.497100e-05        2.379028e-07
               16400        8.677800e-05        2.379025e-07
               16500        8.434500e-05        1.795705e-07
               16600        8.650600e-05        1.795869e-07
               16700        8.572200e-05        1.309820e-07
               16800        8.886000e-05        1.309513e-07
               16900        8.452200e-05        1.037893e-07
               17000        8.595400e-05        1.037853e-07
               17100        8.640900e-05        7.376240e-08
               17200        8.562600e-05        7.376240e-08
               17300        8.594500e-05        5.504689e-08
               17400        8.486900e-05        3.946720e-08
               17500        8.629400e-05        2.938444e-08
               17600        8.833800e-05        2.938242e-08
               17700        9.060800e-05        2.157827e-08
               17800        8.475700e-05        2.156677e-08
               17900        8.607800e-05        1.429080e-08
               18000        8.728000e-05        1.428763e-08
               18100        8.511400e-05        1.039229e-08
               18200        9.447200e-05        1.039203e-08
               18300        8.638300e-05        8.871674e-09
               18400        8.604400e-05        8.871661e-09
               18500        8.751800e-05        6.615019e-09
               18600        8.390700e-05        6.614202e-09
               18700        8.517600e-05        4.792162e-09
               18800        8.647700e-05        4.792329e-09
               18900        8.483300e-05        3.208665e-09
               19000        9.087600e-05        3.208480e-09
               19100        8.506700e-05        2.517561e-09
               19200        9.119400e-05        2.517490e-09
               19300        8.715300e-05        1.893066e-09
               19400        9.009800e-05        1.893044e-09
               19500        8.840900e-05        1.447728e-09
               19600        8.955000e-05        1.448267e-09
               19700        8.780200e-05        1.119265e-09
               19800        8.820900e-05        1.119266e-09
               19900        8.900000e-05        7.423286e-10
               20000        8.860100e-05        7.423897e-10
               20100        8.856300e-05        5.564494e-10
               20200        8.661800e-05        5.566615e-10
               20300        8.710600e-05        4.288421e-10
               20400        8.546600e-05        4.288024e-10
               20500        8.481800e-05        3.710701e-10
               20600        8.399300e-05        3.711121e-10
               20700        8.799800e-05        2.479031e-10
               20800        8.645700e-05        2.478993e-10
               20900        8.551600e-05        1.682911e-10
               21000        9.453600e-05        1.682910e-10
               21100        8.692300e-05        1.240974e-10
               21200        8.393300e-05        1.241034e-10
               21300        8.504000e-05        9.808060e-11
               21400        8.653000e-05        9.811673e-11
               21500        8.487400e-05        6.621744e-11
               21600        8.622800e-05        6.624100e-11
               21700        8.696100e-05        4.745001e-11
               21800        8.673100e-05        4.745245e-11
               21900        8.636000e-05        3.573326e-11
               22000        8.668900e-05        3.573322e-11
               22100        8.593000e-05        2.691389e-11
               22200        8.355100e-05        2.691406e-11
               22300        8.986600e-05        1.925089e-11
               22400        8.443800e-05        1.925130e-11
               22500        8.714400e-05        1.522394e-11
               22600        8.645100e-05        1.522394e-11
               22700        6.641100e-05        1.179634e-11
               22800        7.567100e-05        1.003247e-11
               22900        9.944700e-05        1.003258e-11
               23000        1.001980e-04        7.042707e-12
               23100        9.318900e-05        7.042146e-12
               23200        9.073300e-05        4.948788e-12
               23300        7.006800e-05        4.948966e-12
               23400        7.604200e-05        3.706591e-12
               23500        8.884600e-05        3.708105e-12
               23600        8.964000e-05        2.513747e-12
               23700        8.653200e-05        2.513747e-12
               23800        1.108910e-04        1.767784e-12
               23900        8.739700e-05        1.767441e-12
               24000        8.545000e-05        1.283037e-12
               24100        8.725900e-05        1.283224e-12
               24200        9.399900e-05        8.920156e-13
               24300        1.024030e-04        8.921788e-13
               24400        1.158280e-04        6.236949e-13
               24500        8.643600e-05        6.236792e-13
               24600        1.008180e-04        5.045709e-13
               24700        1.089360e-04        5.045547e-13
               24800        1.198830e-04        5.045709e-13
               24900        9.668500e-05        3.379763e-13
               25000        9.633800e-05        2.308937e-13
               25100        9.570300e-05        2.308937e-13
               25200        9.499400e-05        1.720476e-13
               25300        9.604800e-05        1.720477e-13
               25400        9.494900e-05        1.202661e-13
               25500        9.533300e-05        1.201869e-13
               25600        8.556800e-05        9.284325e-14
               25700        8.652400e-05        9.285031e-14
               25800        8.727000e-05        7.134319e-14
               25900        8.927400e-05        4.280059e-14
               26000        8.493800e-05        4.278276e-14
               26100        8.879700e-05        2.961010e-14
               26200        8.793300e-05        2.961056e-14
               26300        1.155360e-04        2.008743e-14
               26400        9.307600e-05        2.008739e-14
               26500        9.541800e-05        1.564892e-14
               26600        9.084600e-05        1.564832e-14
               26700        8.994400e-05        1.096320e-14
               26800        9.261700e-05        1.096175e-14
               26900        9.063700e-05        8.896930e-15
               27000        9.271000e-05        8.897050e-15
               27100        9.017700e-05        6.319337e-15
               27200        9.030500e-05        6.318644e-15
               27300        8.925300e-05        4.676438e-15
               27400        9.929500e-05        4.676739e-15
               27500        1.150580e-04        3.445003e-15
               27600        8.652200e-05        3.445003e-15
               27700        8.696200e-05        2.641251e-15
               27800        8.821400e-05        2.005593e-15
               27900        8.774900e-05        2.005718e-15
               28000        8.959800e-05        1.558071e-15
               28100        8.805300e-05        1.558071e-15
               28200        8.682400e-05        1.175583e-15
               28300        8.512500e-05        1.175583e-15
               28400        8.753400e-05        8.847391e-16
               28500        8.637800e-05        8.847608e-16
               28600        8.630700e-05        6.272126e-16
               28700        8.636000e-05        6.272214e-16
               28800        8.517200e-05        4.796706e-16
               28900        8.550200e-05        4.796469e-16
               29000        9.737700e-05        3.927198e-16
               29100        8.492700e-05        3.927170e-16
               29200        8.376100e-05        3.020955e-16
               29300        8.593400e-05        3.019981e-16
               29400        8.652500e-05        2.283865e-16
               29500        8.791000e-05        2.284386e-16
               29600        8.401400e-05        1.844116e-16
               29700        8.301300e-05        1.844175e-16
               29800        8.146000e-05        1.305636e-16
               29900        8.383100e-05        1.305636e-16
               30000        8.546100e-05        1.002628e-16
               30100        8.571100e-05        1.002680e-16
               30200        8.430100e-05        7.271044e-17
               30300        8.315800e-05        7.271044e-17
               30400        8.228600e-05        5.371948e-17
               30500        8.279900e-05        5.371548e-17
               30600        8.369500e-05        4.171563e-17
               30700        8.250000e-05        4.171563e-17
               30800        8.247900e-05        3.017727e-17
               30900        8.373900e-05        3.017618e-17
               31000        8.133400e-05        2.176191e-17
               31100        8.109100e-05        2.176149e-17
               31200        8.544700e-05        1.313102e-17
               31300        8.303500e-05        1.313771e-17
               31400        8.540300e-05        9.652903e-18
               31500        8.228600e-05        9.651194e-18
               31600        8.508600e-05        6.986988e-18
               31700        8.297300e-05        6.988288e-18
               31800        8.398500e-05        5.474431e-18
               31900        8.503500e-05        5.473723e-18
               32000        8.439500e-05        3.827666e-18
               32100        8.224200e-05        2.703455e-18
               32200        8.124700e-05        2.704720e-18
               32300        8.271300e-05        1.936955e-18
               32400        8.413800e-05        1.937059e-18
               32500        8.442300e-05        1.267659e-18
               32600        8.344300e-05        1.266654e-18
               32700        8.318800e-05        1.010732e-18
               32800        8.548300e-05        1.010797e-18
               32900        1.078640e-04        7.626518e-19
               33000        8.688900e-05        7.628619e-19
               33100        8.856000e-05        5.504543e-19
               33200        8.623900e-05        5.504543e-19
               33300        8.815200e-05        3.883033e-19
               33400        8.405100e-05        3.883033e-19
               33500        8.680800e-05        2.732160e-19
               33600        8.624900e-05        2.732160e-19
               33700        8.593000e-05        2.141512e-19
               33800        9.153400e-05        2.141512e-19
               33900        8.839800e-05        1.507121e-19
               34000        8.759100e-05        1.507141e-19
               34100        8.576800e-05        1.000970e-19
               34200        8.811800e-05        1.000801e-19
               34300        8.685600e-05        7.764648e-20
               34400        8.547800e-05        7.767743e-20
               34500        9.976000e-05        6.129417e-20
               34600        8.794500e-05        4.666283e-20
               34700        8.697800e-05        4.666085e-20
               34800        8.584000e-05        3.319214e-20
               34900        8.665500e-05        2.517101e-20
               35000        8.978000e-05        2.517243e-20
               35100        8.805800e-05        1.987025e-20
               35200        9.009200e-05        1.987025e-20
               35300        8.757900e-05        1.472061e-20
               35400        9.230600e-05        1.471809e-20
               35500        8.844300e-05        9.861801e-21
               35600        8.787500e-05        9.861801e-21
               35700        8.832700e-05        7.555011e-21
               35800        9.231600e-05        5.405946e-21
               35900        9.257000e-05        5.405917e-21
               36000        9.114500e-05        4.227195e-21
               36100        8.914900e-05        3.151281e-21
               36200        9.065900e-05        3.151281e-21
               36300        9.518800e-05        2.289996e-21
               36400        8.766800e-05        2.289996e-21
               36500        9.057400e-05        1.624397e-21
               36600        9.044700e-05        1.624397e-21
               36700        8.956100e-05        1.053757e-21
               36800        8.614600e-05        7.453313e-22
               36900        8.907500e-05        7.452469e-22
               37000        8.972700e-05        5.628390e-22
               37100        8.829500e-05        5.625344e-22
               37200        9.155100e-05        4.420673e-22
               37300        9.350700e-05        4.420673e-22
               37400        9.219900e-05        3.538277e-22
               37500        8.964200e-05        3.537860e-22
               37600        8.991900e-05        2.212611e-22
               37700        9.264100e-05        2.212259e-22
               37800        9.190000e-05        1.679274e-22
               37900        8.882100e-05        1.679609e-22
               38000        8.980100e-05        1.050690e-22
               38100        8.960300e-05        8.809062e-23
               38200        8.898200e-05        8.809062e-23
               38300        8.784400e-05        7.022302e-23
               38400        9.008100e-05        7.022302e-23
               38500        8.890000e-05        4.797291e-23
               38600        8.726500e-05        4.797164e-23
               38700        8.793700e-05        3.213186e-23
               38800        8.688200e-05        3.211140e-23
               38900        8.628600e-05        2.732861e-23
               39000        8.635600e-05        2.732861e-23
               39100        7.426200e-05        1.971084e-23
               39200        7.214900e-05        1.971084e-23
               39300        8.814800e-05        1.391581e-23
               39400        8.872500e-05        1.391581e-23
               39500        8.448700e-05        1.054744e-23
               39600        8.988700e-05        1.054744e-23
               39700        9.076100e-05        7.812484e-24
               39800        9.086900e-05        7.819562e-24
               39900        9.234800e-05        5.712220e-24
               40000        7.339300e-05        5.711594e-24
               40100        8.628800e-05        4.448267e-24
               40200        8.839600e-05        4.449895e-24
               40300        8.985600e-05        3.383310e-24
               40400        9.053200e-05        3.383292e-24
               40500        9.166800e-05        2.340737e-24
               40600        9.239500e-05        2.340737e-24
               40700        8.953100e-05        1.584416e-24
               40800        8.725300e-05        1.585572e-24
               40900        8.847800e-05        1.255019e-24
               41000        8.857800e-05        1.255218e-24
               41100        8.707700e-05        9.674581e-25
               41200        8.775000e-05        9.680866e-25
               41300        8.790900e-05        9.674581e-25
               41400        8.567700e-05        6.631672e-25
               41500        8.689300e-05        4.601332e-25
               41600        8.604700e-05        4.604646e-25
               41700        8.755200e-05        3.334450e-25
               41800        8.343200e-05        3.333575e-25
               41900        8.819000e-05        2.781826e-25
               42000        8.706000e-05        2.783365e-25
               42100        8.957400e-05        2.403246e-25
               42200        8.697300e-05        2.403246e-25
               42300        8.636000e-05        2.403246e-25
               42400        8.594200e-05        1.986361e-25
               42500        8.687200e-05        2.048441e-25
               42600        8.505400e-05        2.048441e-25
               42700        8.844200e-05        1.679990e-25
               42800        9.007200e-05        1.680305e-25
               42900        6.915900e-05        1.661903e-25
               43000        6.923000e-05        1.661029e-25
               43100        6.808300e-05        1.687319e-25
               43200        7.901400e-05        1.687139e-25
               43300        8.954400e-05        1.481074e-25
               43400        8.935500e-05        1.481074e-25
               43500        8.623900e-05        1.581682e-25
               43600        8.859500e-05        1.581556e-25
               43700        9.079600e-05        1.322778e-25
               43800        8.762600e-05        1.322778e-25
               43900        8.683000e-05        1.247406e-25
               44000        8.902400e-05        1.247855e-25
               44100        9.100900e-05        1.325596e-25
               44200        8.851000e-05        1.325596e-25
               44300        8.972500e-05        1.534375e-25
               44400        9.021400e-05        1.532828e-25
               44500        9.124900e-05        1.540173e-25
               44600        9.018700e-05        1.549258e-25
               44700        8.994100e-05        1.549258e-25
               44800        7.250900e-05        1.341521e-25
               44900        7.252900e-05        1.254708e-25
               45000        7.012300e-05        1.254708e-25
               45100        7.207900e-05        1.188669e-25
               45200        6.905800e-05        1.188669e-25
               45300        7.191400e-05        1.259533e-25
               45400        6.970800e-05        1.260890e-25
               45500        7.209000e-05        1.065743e-25
               45600        7.026800e-05        1.065743e-25
               45700        9.260900e-05        1.148410e-25
               45800        8.770000e-05        1.148410e-25
               45900        1.504530e-04        1.127266e-25
               46000        9.213300e-05        1.128268e-25
               46100        9.045100e-05        1.177246e-25
               46200        9.079400e-05        1.177254e-25
               46300        8.821000e-05        1.116936e-25
               46400        8.792300e-05        1.116936e-25
               46500        8.943100e-05        1.111849e-25
               46600        8.576000e-05        1.111998e-25
               46700        8.990300e-05        1.184880e-25
               46800        8.665500e-05        1.184880e-25
               46900        9.679400e-05        1.330964e-25
               47000        1.024200e-04        1.331698e-25
               47100        9.413200e-05        1.235363e-25
               47200        9.936800e-05        1.233933e-25
               47300        8.651200e-05        1.193481e-25
               47400        8.203300e-05        1.192089e-25
               47500        9.042200e-05        1.202028e-25
               47600        1.103040e-04        1.200959e-25
               47700        9.866300e-05        1.254127e-25
               47800        1.001260e-04        1.254127e-25
               47900        9.733700e-05        1.106086e-25
               48000        9.673000e-05        1.125728e-25
               48100        9.443900e-05        1.125728e-25
               48200        9.637900e-05        1.004390e-25
               48300        1.019220e-04        1.004390e-25
               48400        9.982800e-05        1.291459e-25
               48500        1.148620e-04        1.290040e-25
               48600        9.222500e-05        1.320851e-25
               48700        9.450500e-05        1.320851e-25
               48800        9.074000e-05        1.078343e-25
               48900        9.000100e-05        1.079100e-25
               49000        9.044300e-05        1.193396e-25
               49100        9.178500e-05        1.259542e-25
               49200        8.536600e-05        1.258221e-25
               49300        8.769000e-05        1.274198e-25
               49400        8.958300e-05        1.274200e-25
               49500        9.134700e-05        1.229816e-25
               49600        8.922400e-05        1.229611e-25
               49700        9.115700e-05        1.205836e-25
               49800        9.047900e-05        1.205899e-25
               49900        9.324700e-05        1.263752e-25
               50000        9.018700e-05        1.243061e-25
               50100        9.356100e-05        1.243061e-25
               50200        9.179100e-05        1.415066e-25
               50300        8.756700e-05        1.415066e-25
               50400        8.871600e-05        1.680574e-25
               50500        8.793300e-05        1.680574e-25
               50600        8.639600e-05        1.552819e-25
               50700        8.767500e-05        1.552527e-25
               50800        8.672100e-05        1.522417e-25
               50900        8.849100e-05        1.462268e-25
               51000        8.833300e-05        1.463343e-25
               51100        9.705100e-05        1.643499e-25
               51200        9.392600e-05        1.643499e-25
               51300        8.997500e-05        1.636797e-25
               51400        8.950800e-05        1.637506e-25
               51500        8.959500e-05        1.513221e-25
               51600        9.123800e-05        1.469507e-25
               51700        9.133200e-05        1.469972e-25
               51800        8.778200e-05        1.267513e-25
               51900        8.577800e-05        1.266750e-25
               52000        8.807700e-05        1.510312e-25
               52100        8.986600e-05        1.510312e-25
               52200        9.157500e-05        1.455786e-25
               52300        9.216300e-05        1.455486e-25
               52400        9.006900e-05        1.615521e-25
               52500        8.985100e-05        1.615521e-25
               52600        9.042100e-05        1.711144e-25
               52700        8.624100e-05        1.710970e-25
               52800        9.061800e-05        1.416008e-25
               52900        9.462200e-05        1.415314e-25
               53000        9.068300e-05        1.542140e-25
               53100        1.072900e-04        1.542527e-25
               53200        9.032400e-05        1.480592e-25
               53300        8.972000e-05        1.480592e-25
               53400        8.978200e-05        1.251316e-25
               53500        9.023700e-05        1.251316e-25
               53600        8.516200e-05        1.269442e-25
               53700        9.088400e-05        1.268898e-25
               53800        8.684200e-05        1.532353e-25
               53900        8.715700e-05        1.531832e-25
               54000        8.762900e-05        1.437797e-25
               54100        9.006100e-05        1.437797e-25
               54200        8.831100e-05        1.248448e-25
               54300        8.978500e-05        1.248448e-25
               54400        8.660300e-05        1.179952e-25
               54500        7.287200e-05        1.179952e-25
               54600        7.276400e-05        1.357597e-25
               54700        6.903300e-05        1.357597e-25
               54800        7.297800e-05        1.338748e-25
               54900        8.780600e-05        1.339064e-25
               55000        8.710300e-05        1.280136e-25
               55100        8.911200e-05        1.280806e-25
               55200        8.956100e-05        1.420899e-25
               55300        8.794600e-05        1.420721e-25
               55400        9.084500e-05        1.498799e-25
               55500        8.782500e-05        1.498799e-25
               55600        8.908100e-05        1.416862e-25
               55700        8.641700e-05        1.416862e-25
               55800        8.878700e-05        1.280326e-25
               55900        8.829400e-05        1.281178e-25
               56000        9.017100e-05        1.484047e-25
               56100        8.413400e-05        1.484047e-25
               56200        8.748300e-05        1.454484e-25
               56300        8.937800e-05        1.455652e-25
               56400        8.529300e-05        1.271833e-25
               56500        8.552000e-05        1.272030e-25
               56600        8.662600e-05        1.208849e-25
               56700        8.236200e-05        1.208849e-25
               56800        8.269400e-05        1.519489e-25
               56900        8.506700e-05        1.519489e-25
               57000        8.501700e-05        1.403653e-25
               57100        8.341700e-05        1.403653e-25
               57200        8.506000e-05        1.288251e-25
               57300        8.416200e-05        1.287928e-25
               57400        8.712100e-05        1.168637e-25
               57500        8.263900e-05        1.168621e-25
               57600        8.618000e-05        1.270693e-25
               57700        8.538600e-05        1.270693e-25
               57800        8.494100e-05        1.288826e-25
               57900        8.369600e-05        1.289307e-25
               58000        8.779600e-05        1.274713e-25
               58100        8.275900e-05        1.274713e-25
               58200        8.452200e-05        1.170021e-25
               58300        8.375700e-05        1.309033e-25
               58400        8.248900e-05        1.309412e-25
               58500        8.322700e-05        1.353484e-25
               58600        8.158400e-05        1.353484e-25
               58700        8.448500e-05        1.323464e-25
               58800        8.278800e-05        1.323322e-25
               58900        8.576900e-05        1.358119e-25
               59000        8.337400e-05        1.357794e-25
               59100        8.448300e-05        1.176795e-25
               59200        8.328200e-05        1.177646e-25
               59300        8.325100e-05        1.105299e-25
               59400        8.541900e-05        1.105930e-25
               59500        8.220700e-05        1.226653e-25
               59600        8.457700e-05        1.227758e-25
               59700        8.479600e-05        1.159380e-25
               59800        8.355600e-05        1.159065e-25
               59900        8.539900e-05        1.261019e-25
               60000        8.335800e-05        1.261421e-25
               60100        8.310800e-05        1.437931e-25
               60200        8.277700e-05        1.438176e-25
               60300        8.749700e-05        1.302243e-25
               60400        8.558100e-05        1.302417e-25
               60500        8.642600e-05        1.292888e-25
               60600        8.634700e-05        1.293009e-25
               60700        8.337900e-05        1.448564e-25
               60800        8.738300e-05        1.448564e-25
               60900        8.454200e-05        1.246268e-25
               61000        8.306700e-05        1.246268e-25
               61100        8.309600e-05        1.001756e-25
               61200        8.255200e-05        1.001385e-25
               61300        8.567600e-05        1.171146e-25
               61400        8.317000e-05        1.172364e-25
               61500        8.645700e-05        1.394991e-25
               61600        8.228500e-05        1.394278e-25
               61700        8.570400e-05        1.448335e-25
               61800        8.247900e-05        1.447459e-25
               61900        8.624600e-05        1.384935e-25
               62000        8.163900e-05        1.383648e-25
               62100        8.598400e-05        1.421985e-25
               62200        8.273800e-05        1.422173e-25
               62300        8.597400e-05        1.344627e-25
               62400        8.162900e-05        1.344627e-25
               62500        8.545700e-05        1.226430e-25
               62600        8.275900e-05        1.226430e-25
               62700        8.435700e-05        1.173868e-25
               62800        8.380700e-05        1.173868e-25
               62900        8.581000e-05        1.280637e-25
               63000        8.157600e-05        1.282942e-25
               63100        8.472800e-05        1.240247e-25
               63200        8.083200e-05        1.240247e-25
               63300        8.863800e-05        1.295875e-25
               63400        8.294700e-05        1.295875e-25
               63500        8.745100e-05        1.155262e-25
               63600        8.407000e-05        1.155262e-25
               63700        8.746000e-05        1.158065e-25
               63800        8.527500e-05        1.158615e-25
               63900        8.826200e-05        1.130913e-25
               64000        8.611800e-05        1.132181e-25
               64100        8.779200e-05        1.389955e-25
               64200        8.404900e-05        1.389178e-25
               64300        8.557300e-05        1.299897e-25
               64400        8.466900e-05        1.299794e-25
               64500        8.424200e-05        1.183057e-25
               64600        8.494600e-05        1.182938e-25
               64700        8.489700e-05        1.205981e-25
               64800        8.432400e-05        1.206880e-25
               64900        8.562100e-05        1.186472e-25
               65000        8.318500e-05        1.186472e-25
               65100        8.411300e-05        1.153478e-25
               65200        8.125000e-05        1.153478e-25
               65300        8.077100e-05        1.238101e-25
               65400        8.461800e-05        1.238342e-25
               65500        8.447200e-05        1.299347e-25
               65600        8.873400e-05        1.299347e-25
               65700        8.555800e-05        1.277957e-25
               65800        8.779900e-05        1.277957e-25
               65900        8.798800e-05        1.217423e-25
               66000        8.698600e-05        1.218754e-25
               66100        8.967600e-05        1.203187e-25
               66200        9.155800e-05        1.203055e-25
               66300        8.700000e-05        1.383977e-25
               66400        9.018900e-05        1.384505e-25
               66500        8.713700e-05        1.382879e-25
               66600        9.287000e-05        1.382879e-25
               66700        8.699200e-05        1.262078e-25
               66800        6.798700e-05        1.261770e-25
               66900        7.673600e-05        1.279931e-25
               67000        8.591200e-05        1.279931e-25
               67100        8.809300e-05        1.512278e-25
               67200        8.821900e-05        1.512032e-25
               67300        8.877000e-05        1.716047e-25
               67400        8.666500e-05        1.715684e-25
               67500        8.759600e-05        1.392779e-25
               67600        8.824500e-05        1.305768e-25
               67700        8.864400e-05        1.305384e-25
               67800        8.721900e-05        1.145711e-25
               67900        8.813100e-05        1.145889e-25
               68000        6.645600e-05        1.227498e-25
               68100        8.217200e-05        1.228768e-25
               68200        8.675300e-05        1.301884e-25
               68300        9.035600e-05        1.348666e-25
               68400        8.858900e-05        1.353773e-25
               68500        8.923700e-05        1.250338e-25
               68600        8.778900e-05        1.250338e-25
               68700        8.755700e-05        1.367957e-25
               68800        8.738500e-05        1.187286e-25
               68900        8.987500e-05        1.056715e-25
               69000        8.888400e-05        1.056400e-25
               69100        8.547700e-05        1.181105e-25
               69200        9.414400e-05        1.180663e-25
               69300        1.089040e-04        1.181022e-25
               69400        8.876200e-05        1.181022e-25
               69500        9.025700e-05        1.122277e-25
               69600        9.412900e-05        1.122277e-25
               69700        8.719800e-05        1.082557e-25
               69800        9.196800e-05        1.082557e-25
               69900        9.194100e-05        1.536167e-25
               70000        9.158000e-05        1.535783e-25
               70100        1.054090e-04        1.336015e-25
               70200        9.799700e-05        1.336015e-25
               70300        1.013730e-04        1.273702e-25
               70400        1.021820e-04        1.273007e-25
               70500        1.668470e-04        1.350323e-25
               70600        1.067770e-04        1.348458e-25
               70700        1.134320e-04        1.399860e-25
               70800        1.169360e-04        1.399860e-25
               70900        1.028150e-04        1.425618e-25
               71000        9.544800e-05        1.422621e-25
               71100        9.598900e-05        1.384953e-25
               71200        9.521000e-05        1.384993e-25
               71300        9.385000e-05        1.496496e-25
               71400        9.554500e-05        1.496417e-25
               71500        8.414900e-05        1.471187e-25
               71600        7.136900e-05        1.470680e-25
               71700        8.103200e-05        1.166000e-25
               71800        9.375400e-05        1.166000e-25
               71900        8.929100e-05        1.360811e-25
               72000        8.822600e-05        1.362509e-25
               72100        8.816200e-05        1.684953e-25
               72200        8.811400e-05        1.684953e-25
               72300        9.120400e-05        1.684953e-25
               72400        8.657500e-05        1.487216e-25
               72500        8.924000e-05        1.694967e-25
               72600        8.748000e-05        1.698510e-25
               72700        9.094100e-05        1.801252e-25
               72800        9.047900e-05        1.801252e-25
               72900        9.113100e-05        1.726967e-25
               73000        8.871000e-05        1.726967e-25
               73100        8.610000e-05        1.421717e-25
               73200        1.035490e-04        1.421717e-25
               73300        8.985800e-05        1.423960e-25
               73400        8.942900e-05        1.424117e-25
               73500        8.679500e-05        1.165025e-25
               73600        8.825600e-05        1.165025e-25
               73700        8.641700e-05        9.737167e-26
               73800        8.854400e-05        9.736895e-26
               73900        8.775600e-05        1.287242e-25
               74000        8.850400e-05        1.430358e-25
               74100        8.779100e-05        1.430358e-25
               74200        8.916600e-05        1.347792e-25
               74300        8.766900e-05        1.216345e-25
               74400        9.073100e-05        1.218121e-25
               74500        8.578100e-05        1.397778e-25
               74600        8.930100e-05        1.397462e-25
               74700        8.831600e-05        1.543549e-25
               74800        8.736400e-05        1.543960e-25
               74900        8.378700e-05        1.401720e-25
               75000        8.733600e-05        1.401720e-25
               75100        8.672900e-05        1.470517e-25
               75200        8.631500e-05        1.470517e-25
               75300        8.763400e-05        1.336350e-25
               75400        9.015300e-05        1.336797e-25
               75500        8.724100e-05        1.191188e-25
               75600        9.792400e-05        1.108218e-25
               75700        8.621600e-05        1.107839e-25
               75800        8.974700e-05        1.207501e-25
               75900        8.758300e-05        1.068401e-25
               76000        8.796900e-05        1.068401e-25
               76100        8.995500e-05        1.254736e-25
               76200        8.814300e-05        1.254412e-25
               76300        9.154100e-05        1.415417e-25
               76400        8.716500e-05        1.413879e-25
               76500        8.849700e-05        1.701050e-25
               76600        8.813600e-05        1.701867e-25
               76700        8.957700e-05        1.439912e-25
               76800        8.995400e-05        1.439912e-25
               76900        8.648500e-05        1.473959e-25
               77000        8.668600e-05        1.474212e-25
               77100        8.886500e-05        1.288763e-25
               77200        8.528300e-05        1.286886e-25
               77300        8.712400e-05        1.533564e-25
               77400        8.896900e-05        1.533564e-25
               77500        9.122800e-05        1.414141e-25
               77600        8.954400e-05        1.414141e-25
               77700        8.869000e-05        1.420770e-25
               77800        8.904500e-05        1.420770e-25
               77900        8.751200e-05        1.372259e-25
               78000        8.671500e-05        1.371533e-25
               78100        8.770400e-05        1.432070e-25
               78200        8.912400e-05        1.433158e-25
               78300        8.960000e-05        1.293888e-25
               78400        8.746400e-05        1.293888e-25
               78500        8.882600e-05        1.318586e-25
               78600        8.516200e-05        1.318023e-25
               78700        9.256900e-05        1.341499e-25
               78800        9.037100e-05        1.341499e-25
               78900        8.722100e-05        1.283304e-25
               79000        1.137170e-04        1.283304e-25
               79100        8.780700e-05        1.376577e-25
               79200        8.891900e-05        1.318767e-25
               79300        8.849500e-05        1.328969e-25
               79400        8.743300e-05        1.345343e-25
               79500        8.915400e-05        1.295584e-25
               79600        8.519300e-05        1.295584e-25
               79700        8.869000e-05        1.377828e-25
               79800        8.945700e-05        1.376755e-25
               79900        8.644300e-05        1.265357e-25
               80000        8.728000e-05        1.265389e-25
               80100        8.550200e-05        1.267308e-25
               80200        8.844700e-05        1.267308e-25
               80300        8.540500e-05        1.230094e-25
               80400        8.529300e-05        1.230094e-25
               80500        8.753500e-05        1.256981e-25
               80600        8.615600e-05        1.257395e-25
               80700        8.673400e-05        1.190971e-25
               80800        8.633800e-05        1.190971e-25
               80900        8.575700e-05        1.236860e-25
               81000        8.528300e-05        1.236595e-25
               81100        8.587000e-05        1.198215e-25
               81200        8.529600e-05        1.198215e-25
               81300        8.597400e-05        1.247319e-25
               81400        6.841900e-05        1.247223e-25
               81500        7.235600e-05        1.138536e-25
               81600        9.338700e-05        1.326979e-25
               81700        8.429000e-05        1.326979e-25
               81800        8.610600e-05        1.187661e-25
               81900        9.127800e-05        1.186948e-25
               82000        8.680000e-05        1.081018e-25
               82100        8.886600e-05        1.082479e-25
               82200        8.907100e-05        1.122205e-25
               82300        9.115800e-05        1.122205e-25
               82400        8.584600e-05        1.122205e-25
               82500        8.659000e-05        1.178099e-25
               82600        8.679200e-05        1.146832e-25
               82700        8.779600e-05        1.243496e-25
               82800        9.230400e-05        1.224643e-25
               82900        8.812700e-05        1.362642e-25
               83000        8.826300e-05        1.529317e-25
               83100        8.637100e-05        1.463795e-25
               83200        8.765400e-05        1.558107e-25
               83300        8.805700e-05        1.350316e-25
               83400        9.143800e-05        1.284706e-25
               83500        8.555900e-05        1.284126e-25
               83600        8.873400e-05        1.155692e-25
               83700        6.768400e-05        1.155692e-25
               83800        7.938400e-05        1.179105e-25
               83900        8.853500e-05        1.179105e-25
               84000        8.730500e-05        1.201625e-25
               84100        8.738000e-05        1.201729e-25
               84200        8.833900e-05        1.158420e-25
               84300        6.986100e-05        1.158931e-25
               84400        7.291900e-05        1.533668e-25
               84500        8.918800e-05        1.533394e-25
               84600        8.898500e-05        1.410124e-25
               84700        8.933800e-05        1.409793e-25
               84800        8.697500e-05        1.330134e-25
               84900        8.726600e-05        1.330134e-25
               85000        8.598400e-05        1.511829e-25
               85100        9.063500e-05        1.511296e-25
               85200        8.671800e-05        1.702247e-25
               85300        9.012300e-05        1.702247e-25
               85400        8.862200e-05        1.735327e-25
               85500        8.790500e-05        1.735327e-25
               85600        8.803700e-05        1.565355e-25
               85700        8.568300e-05        1.565260e-25
               85800        8.704500e-05        1.412867e-25
               85900        8.708100e-05        1.413893e-25
               86000        8.491300e-05        1.236070e-25
               86100        8.526200e-05        1.236102e-25
               86200        8.996200e-05        1.236102e-25
               86300        8.636000e-05        1.511929e-25
               86400        9.101700e-05        1.444894e-25
               86500        8.727300e-05        1.416228e-25
               86600        8.974200e-05        1.336038e-25
               86700        8.943500e-05        1.336803e-25
               86800        8.865900e-05        1.319762e-25
               86900        8.793100e-05        1.318831e-25
               87000        9.124700e-05        1.443517e-25
               87100        8.726000e-05        1.443517e-25
               87200        9.741400e-05        1.325374e-25
               87300        8.848200e-05        1.324846e-25
               87400        8.750600e-05        1.531354e-25
               87500        9.059300e-05        1.531354e-25
               87600        8.856300e-05        1.511371e-25
               87700        8.760200e-05        1.512349e-25
               87800        8.887100e-05        1.457155e-25
               87900        8.835300e-05        1.456586e-25
               88000        8.877500e-05        1.262064e-25
               88100        8.529900e-05        1.262064e-25
               88200        8.771400e-05        1.289590e-25
               88300        8.520500e-05        1.289717e-25
               88400        8.709600e-05        1.233370e-25
               88500        8.833800e-05        1.233370e-25
               88600        8.753500e-05        1.361783e-25
               88700        9.090400e-05        1.361783e-25
               88800        9.013800e-05        1.559815e-25
               88900        8.973200e-05        1.559539e-25
               89000        9.033600e-05        1.370228e-25
               89100        8.856600e-05        1.370228e-25
               89200        9.238300e-05        1.448015e-25
               89300        8.418400e-05        1.448015e-25
               89400        8.714600e-05        1.408927e-25
               89500        8.589700e-05        1.408927e-25
               89600        8.801800e-05        1.138996e-25
               89700        8.731300e-05        1.118564e-25
               89800        8.885800e-05        1.118564e-25
               89900        8.756700e-05        1.112070e-25
               90000        8.972000e-05        1.111944e-25
               90100        8.774600e-05        1.217856e-25
               90200        8.862100e-05        1.217856e-25
               90300        8.663600e-05        1.344588e-25
               90400        9.104200e-05        1.344638e-25
               90500        8.752000e-05        1.137696e-25
               90600        9.682400e-05        1.137696e-25
               90700        8.713500e-05        1.071334e-25
               90800        8.722300e-05        1.071208e-25
               90900        8.692500e-05        1.035941e-25
               91000        8.899000e-05        1.035796e-25
               91100        8.721600e-05        1.050429e-25
               91200        8.756900e-05        1.049751e-25
               91300        8.909900e-05        1.193269e-25
               91400        8.712800e-05        1.191933e-25
               91500        8.881000e-05        1.209661e-25
               91600        9.023200e-05        1.208042e-25
               91700        8.554700e-05        1.316924e-25
               91800        8.655000e-05        1.316924e-25
               91900        8.700700e-05        1.369199e-25
               92000        8.590500e-05        1.369199e-25
               92100        8.931600e-05        1.223425e-25
               92200        8.985300e-05        1.223063e-25
               92300        9.077900e-05        1.322674e-25
               92400        9.355300e-05        1.322674e-25
               92500        8.897400e-05        1.404655e-25
               92600        9.118100e-05        1.404655e-25
               92700        1.114840e-04        1.254665e-25
               92800        9.054300e-05        1.255178e-25
               92900        8.776400e-05        1.287966e-25
               93000        8.686800e-05        1.287966e-25
               93100        6.803200e-05        1.282239e-25
               93200        7.907000e-05        1.281560e-25
               93300        9.270400e-05        1.378318e-25
               93400        8.713500e-05        1.378010e-25
               93500        9.252900e-05        1.091089e-25
               93600        9.504100e-05        1.091089e-25
               93700        9.034400e-05        1.219354e-25
               93800        8.874800e-05        1.219354e-25
               93900        7.614600e-05        1.300079e-25
               94000        7.592700e-05        1.300079e-25
               94100        7.591100e-05        1.237174e-25
               94200        7.600200e-05        1.237174e-25
               94300        7.623800e-05        1.291666e-25
               94400        7.575000e-05        1.291666e-25
               94500        7.600800e-05        1.344582e-25
               94600        7.523200e-05        1.344582e-25
               94700        7.645600e-05        1.429741e-25
               94800        7.558100e-05        1.429646e-25
               94900        7.520800e-05        1.296802e-25
               95000        7.637500e-05        1.288443e-25
               95100        7.550900e-05        1.288790e-25
               95200        8.514900e-05        1.300092e-25
               95300        7.396800e-05        1.300119e-25
               95400        7.450500e-05        1.472366e-25
               95500        7.283600e-05        1.472029e-25
               95600        7.476600e-05        1.585566e-25
               95700        7.401500e-05        1.424913e-25
               95800        7.387800e-05        1.424913e-25
               95900        7.339600e-05        1.522265e-25
               96000        7.345500e-05        1.522265e-25
               96100        7.486500e-05        1.483503e-25
               96200        7.601400e-05        1.484233e-25
               96300        7.446100e-05        1.367272e-25
               96400        7.522300e-05        1.446151e-25
               96500        7.490200e-05        1.446151e-25
               96600        7.502400e-05        1.404564e-25
               96700        7.357400e-05        1.404615e-25
               96800        7.462400e-05        1.591346e-25
               96900        7.356500e-05        1.591496e-25
               97000        7.314700e-05        1.252516e-25
               97100        7.426300e-05        1.252516e-25
               97200        7.374200e-05        1.435301e-25
               97300        7.369200e-05        1.435301e-25
               97400        7.330100e-05        1.510538e-25
               97500        7.392200e-05        1.510525e-25
               97600        7.470200e-05        1.531899e-25
               97700        7.454900e-05        1.531899e-25
               97800        7.337600e-05        1.511284e-25
               97900        7.458200e-05        1.511284e-25
               98000        7.444300e-05        1.446300e-25
               98100        7.457300e-05        1.444420e-25
               98200        7.444300e-05        1.451660e-25
               98300        7.420800e-05        1.451660e-25
               98400        7.391500e-05        1.419712e-25
               98500        7.372300e-05        1.389638e-25
               98600        7.461000e-05        1.389127e-25
               98700        7.393900e-05        1.544690e-25
               98800        7.465600e-05        1.532435e-25
               98900        7.369300e-05        1.532435e-25
               99000        7.387300e-05        1.560954e-25
               99100        7.264200e-05        1.543526e-25
               99200        7.334800e-05        1.542799e-25
               99300        7.404500e-05        1.255750e-25
               99400        7.367200e-05        1.119759e-25
               99500        7.442900e-05        1.119759e-25
               99600        7.460500e-05        1.119759e-25
               99700        7.399900e-05        1.105123e-25
               99800        7.332900e-05        1.164070e-25
               99900        7.335500e-05        1.092392e-25
              100000        7.414300e-05        1.199900e-25
