Period: 100
               Epoch           Time cost                Loss
                 100        1.578020e-04        7.674890e+04
                 200        6.528000e-05        4.086425e+04
                 300        6.070400e-05        2.217113e+04
                 400        6.781400e-05        1.013530e+04
                 500        7.038900e-05        5.685440e+03
                 600        8.097900e-05        3.177757e+03
                 700        8.974600e-05        1.748192e+03
                 800        7.809200e-05        8.811415e+02
                 900        6.746200e-05        4.626534e+02
                1000        5.717900e-05        2.661229e+02
                1100        6.790400e-05        1.347664e+02
                1200        4.828300e-05        5.383052e+01
                1300        5.258400e-05        2.897153e+01
                1400        6.021600e-05        1.432899e+01
                1500        6.783300e-05        6.148422e+00
                1600        6.706100e-05        2.343527e+00
                1700        4.848400e-05        1.162823e+00
                1800        5.988700e-05        5.631320e-01
                1900        7.153900e-05        3.171618e-01
                2000        7.770100e-05        1.808063e-01
                2100        6.196200e-05        1.061083e-01
                2200        8.522700e-05        5.847425e-02
                2300        7.529400e-05        2.991123e-02
                2400        7.950100e-05        2.991123e-02
                2500        7.958500e-05        1.698066e-02
                2600        7.489900e-05        1.698066e-02
                2700        7.611400e-05        8.764425e-03
                2800        6.649100e-05        8.764425e-03
                2900        6.677500e-05        5.110893e-03
                3000        6.521100e-05        2.618110e-03
                3100        6.619900e-05        2.618339e-03
                3200        7.521100e-05        1.283700e-03
                3300        7.514600e-05        1.283698e-03
                3400        7.280600e-05        6.575519e-04
                3500        6.972000e-05        6.575520e-04
                3600        7.599300e-05        4.106332e-04
                3700        7.369200e-05        4.106332e-04
                3800        7.488300e-05        2.373061e-04
                3900        7.686300e-05        2.373045e-04
                4000        8.581600e-05        9.825826e-05
                4100        8.479800e-05        9.825826e-05
                4200        5.177400e-05        5.128439e-05
                4300        6.630600e-05        5.128740e-05
                4400        7.730200e-05        2.624700e-05
                4500        7.648500e-05        2.624700e-05
                4600        7.704100e-05        1.361986e-05
                4700        8.518700e-05        1.361986e-05
                4800        8.407400e-05        7.701410e-06
                4900        8.663900e-05        7.701390e-06
                5000        8.407800e-05        3.831912e-06
                5100        8.791500e-05        3.831912e-06
                5200        8.370000e-05        1.916521e-06
                5300        7.676400e-05        1.916521e-06
                5400        8.443200e-05        1.055525e-06
                5500        7.555200e-05        1.055525e-06
                5600        7.532900e-05        5.386959e-07
                5700        8.471600e-05        5.386959e-07
                5800        8.639500e-05        5.386959e-07
                5900        8.331800e-05        1.418051e-07
                6000        8.619700e-05        5.497721e-08
                6100        7.519100e-05        5.497224e-08
                6200        7.431300e-05        2.729273e-08
                6300        8.543900e-05        2.729273e-08
                6400        8.498900e-05        1.383408e-08
                6500        7.416800e-05        1.383408e-08
                6600        7.449300e-05        7.272784e-09
                6700        7.593800e-05        7.272784e-09
                6800        8.296700e-05        4.474330e-09
                6900        7.512200e-05        4.476453e-09
                7000        7.368700e-05        2.068493e-09
                7100        8.476900e-05        2.068511e-09
                7200        7.553500e-05        1.322168e-09
                7300        7.444700e-05        1.322168e-09
                7400        7.373300e-05        7.058934e-10
                7500        7.442500e-05        7.058934e-10
                7600        7.470100e-05        2.698137e-10
                7700        8.429200e-05        2.698137e-10
                7800        6.370100e-05        1.394326e-10
                7900        6.320100e-05        1.394326e-10
                8000        6.545100e-05        6.346340e-11
                8100        6.351800e-05        6.346340e-11
                8200        6.646000e-05        3.217654e-11
                8300        6.993500e-05        3.217594e-11
                8400        6.642900e-05        1.979473e-11
                8500        8.321200e-05        1.979083e-11
                8600        6.321800e-05        1.172427e-11
                8700        6.354700e-05        1.172427e-11
                8800        6.555300e-05        5.943655e-12
                8900        6.825800e-05        5.943655e-12
                9000        7.098000e-05        2.588158e-12
                9100        9.469600e-05        2.588475e-12
                9200        6.469700e-05        8.743973e-13
                9300        6.854000e-05        8.743973e-13
                9400        6.100400e-05        5.083351e-13
                9500        6.023900e-05        5.083351e-13
                9600        8.324500e-05        2.361362e-13
                9700        8.500200e-05        2.361362e-13
                9800        8.460200e-05        1.405261e-13
                9900        6.038700e-05        1.405259e-13
               10000        5.968100e-05        6.388783e-14
               10100        6.140300e-05        6.388783e-14
               10200        8.256300e-05        3.253010e-14
               10300        8.509600e-05        3.253010e-14
               10400        7.221000e-05        1.660696e-14
               10500        8.364200e-05        1.660753e-14
               10600        8.076700e-05        8.544913e-15
               10700        8.266700e-05        8.544913e-15
               10800        8.239200e-05        4.656656e-15
               10900        8.993800e-05        4.656656e-15
               11000        6.087400e-05        2.751564e-15
               11100        6.302600e-05        2.751564e-15
               11200        6.171000e-05        1.725036e-15
               11300        6.195500e-05        1.725036e-15
               11400        6.080700e-05        7.163526e-16
               11500        6.086600e-05        7.163526e-16
               11600        6.228700e-05        3.854012e-16
               11700        6.350900e-05        3.853868e-16
               11800        6.302500e-05        1.989950e-16
               11900        6.401700e-05        1.989950e-16
               12000        6.540100e-05        1.288727e-16
               12100        5.853700e-05        1.288727e-16
               12200        6.240700e-05        7.225299e-17
               12300        6.245500e-05        7.225299e-17
               12400        6.372100e-05        3.591811e-17
               12500        6.448900e-05        3.591808e-17
               12600        6.538500e-05        1.574590e-17
               12700        6.343400e-05        1.574591e-17
               12800        6.148800e-05        8.631560e-18
               12900        6.485500e-05        8.631560e-18
               13000        6.314100e-05        4.976131e-18
               13100        6.446100e-05        4.976136e-18
               13200        7.122600e-05        2.623586e-18
               13300        6.414900e-05        2.623586e-18
               13400        6.432400e-05        1.648360e-18
               13500        6.576300e-05        1.648356e-18
               13600        6.466000e-05        6.990463e-19
               13700        6.366200e-05        6.990463e-19
               13800        6.577500e-05        3.893919e-19
               13900        5.325600e-05        1.847700e-19
               14000        5.265900e-05        1.847700e-19
               14100        5.297600e-05        1.027327e-19
               14200        5.155800e-05        1.027327e-19
               14300        5.521600e-05        5.511019e-20
               14400        5.422600e-05        5.511019e-20
               14500        5.582100e-05        3.153207e-20
               14600        5.373000e-05        3.153207e-20
               14700        5.415700e-05        1.714363e-20
               14800        5.258700e-05        1.714363e-20
               14900        5.723700e-05        7.266530e-21
               15000        5.548300e-05        7.266539e-21
               15100        5.528500e-05        2.785247e-21
               15200        5.363900e-05        2.785247e-21
               15300        6.013700e-05        1.250578e-21
               15400        5.364500e-05        1.250578e-21
               15500        5.965000e-05        5.876823e-22
               15600        5.409600e-05        5.876823e-22
               15700        6.150500e-05        2.899243e-22
               15800        5.554400e-05        2.899243e-22
               15900        5.917200e-05        1.504103e-22
               16000        5.609900e-05        1.504103e-22
               16100        7.053600e-05        8.054899e-23
               16200        5.753600e-05        8.054899e-23
               16300        6.430700e-05        4.272647e-23
               16400        5.694300e-05        4.272647e-23
               16500        6.256000e-05        2.428460e-23
               16600        5.725100e-05        2.428460e-23
               16700        6.377700e-05        1.301699e-23
               16800        5.762800e-05        1.301699e-23
               16900        6.260400e-05        7.588498e-24
               17000        5.881900e-05        7.588498e-24
               17100        6.482300e-05        2.885488e-24
               17200        7.418500e-05        2.885488e-24
               17300        7.339300e-05        1.194023e-24
               17400        8.301100e-05        6.507049e-25
               17500        8.183800e-05        6.507049e-25
               17600        7.612700e-05        4.317372e-25
               17700        7.546300e-05        4.317372e-25
               17800        7.728000e-05        2.788504e-25
               17900        7.311100e-05        2.788220e-25
               18000        7.848900e-05        2.444243e-25
               18100        7.187800e-05        2.444243e-25
               18200        7.095200e-05        2.033349e-25
               18300        7.376100e-05        2.033349e-25
               18400        1.005780e-04        1.484403e-25
               18500        7.539200e-05        1.484403e-25
               18600        7.150700e-05        1.903066e-25
               18700        7.642400e-05        1.903066e-25
               18800        7.543200e-05        1.888158e-25
               18900        7.800200e-05        1.888158e-25
               19000        7.529300e-05        1.787064e-25
               19100        7.494100e-05        1.787269e-25
               19200        7.464000e-05        1.302400e-25
               19300        7.354900e-05        1.302400e-25
               19400        7.462000e-05        1.140609e-25
               19500        7.095600e-05        1.140609e-25
               19600        7.716700e-05        1.985715e-25
               19700        7.475800e-05        1.985715e-25
               19800        7.495600e-05        2.121875e-25
               19900        7.292600e-05        2.121875e-25
               20000        7.700900e-05        1.925939e-25
               20100        7.964200e-05        1.925939e-25
               20200        7.806300e-05        2.057843e-25
               20300        7.386700e-05        2.057843e-25
               20400        7.514700e-05        2.038222e-25
               20500        7.408600e-05        2.038222e-25
               20600        7.701200e-05        2.526264e-25
               20700        7.913600e-05        2.526264e-25
               20800        1.025690e-04        2.205440e-25
               20900        7.798100e-05        2.205440e-25
               21000        8.832800e-05        1.955952e-25
               21100        7.353200e-05        2.096856e-25
               21200        7.347000e-05        2.121004e-25
               21300        7.261000e-05        2.121004e-25
               21400        7.329800e-05        2.310717e-25
               21500        7.298400e-05        2.310717e-25
               21600        7.163600e-05        1.928982e-25
               21700        6.965600e-05        1.987483e-25
               21800        6.960900e-05        1.987872e-25
               21900        1.004980e-04        1.869572e-25
               22000        7.255800e-05        1.869572e-25
               22100        7.060600e-05        1.822035e-25
               22200        7.101100e-05        1.822035e-25
               22300        7.142100e-05        1.871210e-25
               22400        7.205800e-05        1.967076e-25
               22500        7.050500e-05        1.967479e-25
               22600        7.152200e-05        2.058249e-25
               22700        7.100600e-05        2.058249e-25
               22800        7.186900e-05        2.110021e-25
               22900        7.239300e-05        2.110021e-25
               23000        7.284100e-05        2.095769e-25
               23100        7.102700e-05        2.095769e-25
               23200        6.816700e-05        1.868931e-25
               23300        6.964700e-05        1.868931e-25
               23400        7.113900e-05        1.767049e-25
               23500        7.190800e-05        1.767049e-25
               23600        6.878300e-05        1.449041e-25
               23700        6.926700e-05        1.449041e-25
               23800        7.343400e-05        1.227494e-25
               23900        9.500300e-05        1.227494e-25
               24000        7.326200e-05        1.541493e-25
               24100        7.000900e-05        1.541493e-25
               24200        6.628800e-05        1.821577e-25
               24300        6.669100e-05        1.821577e-25
               24400        6.928200e-05        1.821577e-25
               24500        7.348800e-05        1.893111e-25
               24600        6.910700e-05        1.881114e-25
               24700        6.889700e-05        1.918212e-25
               24800        6.829600e-05        1.910666e-25
               24900        6.705300e-05        1.796767e-25
               25000        7.058400e-05        1.781870e-25
               25100        7.211600e-05        1.684052e-25
               25200        7.199300e-05        1.578711e-25
               25300        6.932400e-05        1.440469e-25
               25400        7.169200e-05        1.405816e-25
               25500        6.861900e-05        1.679917e-25
               25600        6.858300e-05        1.621772e-25
               25700        7.115200e-05        1.418878e-25
               25800        6.857000e-05        1.799350e-25
               25900        7.564000e-05        1.935299e-25
               26000        7.364400e-05        1.836391e-25
               26100        7.116000e-05        1.804425e-25
               26200        6.933400e-05        1.681465e-25
               26300        7.202600e-05        1.487596e-25
               26400        7.244900e-05        1.364033e-25
               26500        7.129400e-05        1.488850e-25
               26600        7.134700e-05        1.855262e-25
               26700        6.916300e-05        1.915676e-25
               26800        7.023000e-05        1.770931e-25
               26900        7.087100e-05        1.647108e-25
               27000        6.989300e-05        1.566425e-25
               27100        7.044700e-05        1.474203e-25
               27200        6.959400e-05        1.323932e-25
               27300        6.993200e-05        1.335588e-25
               27400        6.968700e-05        1.479751e-25
               27500        7.163300e-05        1.490662e-25
               27600        7.153500e-05        1.496003e-25
               27700        6.980600e-05        1.671244e-25
               27800        7.087100e-05        1.671244e-25
               27900        6.786200e-05        2.090744e-25
               28000        6.879800e-05        2.090868e-25
               28100        7.125100e-05        2.273637e-25
               28200        7.106500e-05        2.273637e-25
               28300        7.726400e-05        2.365717e-25
               28400        7.139200e-05        2.365717e-25
               28500        7.187300e-05        1.995872e-25
               28600        7.178600e-05        1.995866e-25
               28700        7.626800e-05        1.920866e-25
               28800        7.258600e-05        1.920866e-25
               28900        6.919600e-05        1.725797e-25
               29000        7.374800e-05        1.725801e-25
               29100        7.258700e-05        1.853809e-25
               29200        7.235900e-05        1.633976e-25
               29300        7.369300e-05        1.633976e-25
               29400        7.205400e-05        1.283581e-25
               29500        7.233400e-05        1.283581e-25
               29600        7.601600e-05        1.428923e-25
               29700        7.588300e-05        1.428923e-25
               29800        7.524500e-05        1.332578e-25
               29900        7.656700e-05        1.332578e-25
               30000        7.503200e-05        1.528962e-25
               30100        7.651700e-05        1.528962e-25
               30200        8.172800e-05        1.720991e-25
               30300        7.448900e-05        1.720991e-25
               30400        7.939400e-05        2.207671e-25
               30500        7.658600e-05        2.207703e-25
               30600        8.546300e-05        2.577237e-25
               30700        8.316300e-05        2.577237e-25
               30800        8.533200e-05        2.477486e-25
               30900        7.911400e-05        2.477486e-25
               31000        7.629500e-05        2.017396e-25
               31100        7.439800e-05        2.017396e-25
               31200        7.930600e-05        1.795015e-25
               31300        7.379300e-05        1.795015e-25
               31400        7.323000e-05        1.836670e-25
               31500        7.338600e-05        1.836670e-25
               31600        7.313800e-05        1.692142e-25
               31700        7.335100e-05        1.692142e-25
               31800        7.235700e-05        2.098199e-25
               31900        7.354600e-05        2.098199e-25
               32000        7.266500e-05        1.726575e-25
               32100        7.222600e-05        1.726575e-25
               32200        7.301100e-05        1.247121e-25
               32300        7.747700e-05        1.247121e-25
               32400        7.243100e-05        1.499517e-25
               32500        7.019400e-05        1.499631e-25
               32600        7.330500e-05        1.610678e-25
               32700        7.044000e-05        1.610678e-25
               32800        6.929200e-05        2.048074e-25
               32900        6.886800e-05        2.048074e-25
               33000        7.240100e-05        1.641417e-25
               33100        5.542500e-05        1.641417e-25
               33200        5.235700e-05        1.577421e-25
               33300        6.937400e-05        1.577421e-25
               33400        5.273300e-05        2.055399e-25
               33500        5.414300e-05        2.055399e-25
               33600        5.473200e-05        1.665297e-25
               33700        5.518300e-05        1.665297e-25
               33800        5.262600e-05        1.265870e-25
               33900        5.564500e-05        1.265870e-25
               34000        5.270000e-05        1.746118e-25
               34100        5.760300e-05        1.746118e-25
               34200        5.298100e-05        1.574517e-25
               34300        5.528300e-05        1.574517e-25
               34400        5.286300e-05        1.894764e-25
               34500        5.649000e-05        1.894764e-25
               34600        5.298400e-05        1.850633e-25
               34700        5.668000e-05        1.850633e-25
               34800        5.298200e-05        2.039562e-25
               34900        5.676200e-05        2.039562e-25
               35000        5.460300e-05        2.173843e-25
               35100        5.726900e-05        2.173843e-25
               35200        5.347400e-05        2.379107e-25
               35300        5.434500e-05        2.379107e-25
               35400        5.179600e-05        1.736125e-25
               35500        5.499000e-05        1.735888e-25
               35600        5.372300e-05        1.778961e-25
               35700        6.066700e-05        1.778961e-25
               35800        5.299500e-05        2.267821e-25
               35900        5.445800e-05        2.267821e-25
               36000        6.739500e-05        2.457255e-25
               36100        6.691000e-05        2.457255e-25
               36200        6.928900e-05        2.471190e-25
               36300        6.654400e-05        2.471190e-25
               36400        6.839200e-05        2.327137e-25
               36500        6.841100e-05        2.327137e-25
               36600        6.870300e-05        2.346194e-25
               36700        7.083100e-05        2.346194e-25
               36800        6.671400e-05        1.902735e-25
               36900        7.247900e-05        1.902877e-25
               37000        6.644100e-05        1.668401e-25
               37100        9.351100e-05        1.668401e-25
               37200        6.642200e-05        1.516309e-25
               37300        6.667500e-05        1.516309e-25
               37400        6.763500e-05        1.549817e-25
               37500        6.952700e-05        1.549817e-25
               37600        7.026100e-05        1.426436e-25
               37700        7.564100e-05        1.426436e-25
               37800        7.405600e-05        1.397807e-25
               37900        7.201500e-05        1.397807e-25
               38000        7.177000e-05        1.752292e-25
               38100        7.815500e-05        1.752292e-25
               38200        7.840200e-05        1.766521e-25
               38300        1.292320e-04        1.766521e-25
               38400        7.965800e-05        2.182697e-25
               38500        9.391800e-05        2.182697e-25
               38600        8.365700e-05        2.097421e-25
               38700        7.334000e-05        2.097421e-25
               38800        7.215500e-05        2.026219e-25
               38900        7.191400e-05        2.026290e-25
               39000        7.083500e-05        1.816331e-25
               39100        6.884700e-05        1.816331e-25
               39200        7.053100e-05        1.740803e-25
               39300        7.260600e-05        1.740803e-25
               39400        7.142800e-05        1.795451e-25
               39500        6.965700e-05        1.795451e-25
               39600        7.136700e-05        1.446955e-25
               39700        7.119500e-05        1.752333e-25
               39800        6.726200e-05        1.752333e-25
               39900        6.987200e-05        1.894344e-25
               40000        7.066200e-05        1.894344e-25
               40100        6.879900e-05        1.705586e-25
               40200        6.938500e-05        1.705586e-25
               40300        6.977800e-05        1.933200e-25
               40400        6.956000e-05        1.639735e-25
               40500        6.852300e-05        1.639735e-25
               40600        6.761800e-05        1.544330e-25
               40700        7.004200e-05        1.544330e-25
               40800        6.959900e-05        1.924624e-25
               40900        9.239800e-05        1.924624e-25
               41000        7.350100e-05        1.596494e-25
               41100        7.286500e-05        1.596494e-25
               41200        7.143600e-05        1.954526e-25
               41300        7.910300e-05        1.954526e-25
               41400        7.641800e-05        1.371668e-25
               41500        7.434600e-05        1.371668e-25
               41600        6.980300e-05        1.803220e-25
               41700        7.089000e-05        1.803220e-25
               41800        7.067800e-05        1.952631e-25
               41900        6.881900e-05        1.952631e-25
               42000        7.390700e-05        1.783972e-25
               42100        6.957700e-05        1.783972e-25
               42200        7.092000e-05        1.519369e-25
               42300        7.004300e-05        1.519369e-25
               42400        7.029200e-05        1.752269e-25
               42500        6.767500e-05        1.752234e-25
               42600        6.913400e-05        1.958551e-25
               42700        6.961500e-05        1.958551e-25
               42800        6.994600e-05        1.644048e-25
               42900        6.912500e-05        1.644048e-25
               43000        6.949700e-05        1.648327e-25
               43100        7.298500e-05        1.648322e-25
               43200        8.258200e-05        1.727614e-25
               43300        7.259300e-05        1.727614e-25
               43400        9.368200e-05        2.137073e-25
               43500        8.184000e-05        2.137073e-25
               43600        7.977700e-05        1.779446e-25
               43700        8.376500e-05        1.492778e-25
               43800        8.657400e-05        1.492778e-25
               43900        8.133500e-05        1.613238e-25
               44000        7.080600e-05        1.613238e-25
               44100        7.500800e-05        1.789867e-25
               44200        7.481900e-05        1.789867e-25
               44300        6.992400e-05        1.973075e-25
               44400        6.690500e-05        1.973075e-25
               44500        6.910900e-05        1.589702e-25
               44600        7.128400e-05        1.589702e-25
               44700        6.736400e-05        1.436465e-25
               44800        6.796100e-05        1.436215e-25
               44900        6.725600e-05        1.427628e-25
               45000        6.818100e-05        1.807601e-25
               45100        6.879700e-05        1.807443e-25
               45200        6.707600e-05        1.788375e-25
               45300        6.842200e-05        1.499294e-25
               45400        7.142400e-05        1.499294e-25
               45500        6.897800e-05        1.217281e-25
               45600        7.285300e-05        1.217281e-25
               45700        6.947400e-05        1.467431e-25
               45800        6.868100e-05        1.467431e-25
               45900        5.852300e-05        1.844717e-25
               46000        5.539300e-05        1.844717e-25
               46100        5.612800e-05        1.949653e-25
               46200        5.436800e-05        1.949653e-25
               46300        5.929600e-05        1.750308e-25
               46400        5.445200e-05        1.750308e-25
               46500        5.649200e-05        1.511252e-25
               46600        5.572500e-05        1.511252e-25
               46700        5.725100e-05        1.715906e-25
               46800        5.482700e-05        1.715906e-25
               46900        5.837700e-05        1.248101e-25
               47000        5.449200e-05        1.248101e-25
               47100        5.676500e-05        1.520654e-25
               47200        5.468700e-05        1.520654e-25
               47300        5.732000e-05        1.363283e-25
               47400        5.432700e-05        1.363283e-25
               47500        5.833100e-05        1.990681e-25
               47600        5.599200e-05        1.990681e-25
               47700        8.209900e-05        1.279902e-25
               47800        5.834400e-05        1.279902e-25
               47900        6.042600e-05        1.488608e-25
               48000        5.638600e-05        1.488608e-25
               48100        6.050500e-05        1.477900e-25
               48200        5.757000e-05        1.478831e-25
               48300        6.322600e-05        1.419095e-25
               48400        7.280600e-05        1.419095e-25
               48500        7.238200e-05        1.660140e-25
               48600        7.256400e-05        1.660140e-25
               48700        7.109900e-05        1.780890e-25
               48800        7.228200e-05        1.455513e-25
               48900        7.405400e-05        1.455513e-25
               49000        7.337000e-05        1.692305e-25
               49100        7.141900e-05        1.692305e-25
               49200        6.979500e-05        2.051286e-25
               49300        7.510300e-05        2.051286e-25
               49400        6.999800e-05        1.945379e-25
               49500        6.831200e-05        1.945379e-25
               49600        7.596200e-05        1.677065e-25
               49700        7.645500e-05        1.676238e-25
               49800        8.385500e-05        1.625478e-25
               49900        1.000900e-04        1.625478e-25
               50000        1.145860e-04        2.153542e-25
               50100        7.744600e-05        2.153542e-25
               50200        8.182500e-05        2.126195e-25
               50300        7.675000e-05        2.125410e-25
               50400        7.270100e-05        1.669985e-25
               50500        7.298300e-05        1.669985e-25
               50600        7.405900e-05        1.384108e-25
               50700        7.071200e-05        1.384108e-25
               50800        7.395800e-05        1.413002e-25
               50900        6.899500e-05        1.413002e-25
               51000        6.888300e-05        1.543993e-25
               51100        6.900800e-05        1.543993e-25
               51200        6.870500e-05        1.714887e-25
               51300        6.949400e-05        1.714887e-25
               51400        7.024800e-05        1.491115e-25
               51500        7.011300e-05        1.491115e-25
               51600        7.344100e-05        1.552317e-25
               51700        6.820200e-05        1.552317e-25
               51800        7.317300e-05        1.789144e-25
               51900        7.215300e-05        1.789144e-25
               52000        8.148100e-05        1.437908e-25
               52100        7.106700e-05        1.437908e-25
               52200        7.155400e-05        1.401773e-25
               52300        7.133200e-05        1.711284e-25
               52400        7.032900e-05        1.711284e-25
               52500        6.718100e-05        1.581694e-25
               52600        7.025200e-05        1.581694e-25
               52700        7.335400e-05        1.818814e-25
               52800        6.918300e-05        1.818814e-25
               52900        7.011100e-05        1.602556e-25
               53000        7.062300e-05        1.602556e-25
               53100        7.022000e-05        1.644552e-25
               53200        6.856400e-05        1.644552e-25
               53300        6.874000e-05        1.363943e-25
               53400        6.907700e-05        1.363943e-25
               53500        6.978800e-05        1.920234e-25
               53600        6.782000e-05        1.920234e-25
               53700        7.398600e-05        1.789971e-25
               53800        6.955400e-05        1.789971e-25
               53900        7.288600e-05        1.605315e-25
               54000        6.974900e-05        1.605315e-25
               54100        7.227300e-05        1.618089e-25
               54200        7.023600e-05        1.618089e-25
               54300        6.891300e-05        1.600027e-25
               54400        7.028100e-05        1.600027e-25
               54500        6.965400e-05        2.029802e-25
               54600        7.464900e-05        1.872264e-25
               54700        7.926300e-05        1.872264e-25
               54800        7.716700e-05        1.852251e-25
               54900        8.346000e-05        1.852251e-25
               55000        1.776520e-04        1.582084e-25
               55100        8.350100e-05        1.582084e-25
               55200        7.788500e-05        1.127130e-25
               55300        7.671500e-05        1.127130e-25
               55400        7.151200e-05        1.077337e-25
               55500        7.907900e-05        1.077337e-25
               55600        7.387400e-05        1.499529e-25
               55700        7.972200e-05        1.671478e-25
               55800        7.836400e-05        1.671478e-25
               55900        7.510700e-05        1.870077e-25
               56000        7.384300e-05        1.870077e-25
               56100        6.914200e-05        1.667235e-25
               56200        7.008400e-05        1.667346e-25
               56300        6.980900e-05        1.683199e-25
               56400        6.718100e-05        1.683199e-25
               56500        6.802700e-05        1.805744e-25
               56600        6.731300e-05        1.805744e-25
               56700        6.861200e-05        1.561593e-25
               56800        7.262900e-05        1.561593e-25
               56900        6.090900e-05        1.626810e-25
               57000        6.969100e-05        1.626810e-25
               57100        7.220400e-05        2.281199e-25
               57200        6.985300e-05        2.281199e-25
               57300        6.939600e-05        1.878496e-25
               57400        6.885400e-05        1.878496e-25
               57500        6.833700e-05        1.456788e-25
               57600        7.069800e-05        1.456674e-25
               57700        7.160000e-05        1.383730e-25
               57800        6.921400e-05        1.383600e-25
               57900        7.132600e-05        1.543226e-25
               58000        6.820400e-05        1.543226e-25
               58100        6.962600e-05        1.547556e-25
               58200        6.830400e-05        1.959961e-25
               58300        7.129500e-05        1.959961e-25
               58400        6.943100e-05        1.959961e-25
               58500        6.813000e-05        1.729578e-25
               58600        6.873500e-05        1.734551e-25
               58700        5.554300e-05        1.446149e-25
               58800        6.252800e-05        1.408574e-25
               58900        7.042000e-05        1.383951e-25
               59000        7.016100e-05        1.440106e-25
               59100        7.092500e-05        1.808878e-25
               59200        7.085200e-05        1.923541e-25
               59300        7.560500e-05        1.811889e-25
               59400        7.340200e-05        1.672046e-25
               59500        7.037900e-05        1.727263e-25
               59600        7.584200e-05        1.589365e-25
               59700        7.464300e-05        1.394847e-25
               59800        7.881400e-05        1.595882e-25
               59900        8.216400e-05        1.659019e-25
               60000        1.035100e-04        1.554338e-25
               60100        7.901800e-05        1.537872e-25
               60200        8.371200e-05        1.592781e-25
               60300        7.580400e-05        1.741733e-25
               60400        7.461800e-05        1.984522e-25
               60500        7.389800e-05        1.798303e-25
               60600        7.325500e-05        1.374502e-25
               60700        7.078500e-05        1.506838e-25
               60800        9.220100e-05        1.776758e-25
               60900        8.067400e-05        1.780082e-25
               61000        7.061700e-05        1.846258e-25
               61100        1.006410e-04        1.834783e-25
               61200        7.258800e-05        1.569376e-25
               61300        7.101000e-05        1.279731e-25
               61400        7.173000e-05        1.279795e-25
               61500        7.130100e-05        1.837617e-25
               61600        7.967400e-05        1.837617e-25
               61700        7.870800e-05        1.819458e-25
               61800        9.876800e-05        1.819458e-25
               61900        8.104400e-05        1.836585e-25
               62000        7.911000e-05        1.836585e-25
               62100        7.470500e-05        2.032006e-25
               62200        6.999700e-05        2.032006e-25
               62300        7.137700e-05        1.877791e-25
               62400        7.564200e-05        1.877791e-25
               62500        7.633900e-05        1.967244e-25
               62600        7.247700e-05        1.967244e-25
               62700        7.083900e-05        1.825864e-25
               62800        7.305000e-05        1.825864e-25
               62900        6.927600e-05        1.597006e-25
               63000        7.175400e-05        1.597006e-25
               63100        7.028300e-05        1.876435e-25
               63200        6.957300e-05        1.876435e-25
               63300        7.184800e-05        1.824712e-25
               63400        7.094900e-05        1.824712e-25
               63500        8.765700e-05        1.466374e-25
               63600        7.438600e-05        1.466374e-25
               63700        7.437900e-05        1.882738e-25
               63800        7.331000e-05        1.882278e-25
               63900        7.526100e-05        1.831048e-25
               64000        7.338700e-05        1.831048e-25
               64100        7.599300e-05        2.071370e-25
               64200        7.188000e-05        2.071370e-25
               64300        7.277100e-05        2.212159e-25
               64400        7.018200e-05        2.212159e-25
               64500        7.359900e-05        2.099064e-25
               64600        7.850400e-05        2.099158e-25
               64700        8.093900e-05        1.515155e-25
               64800        8.985100e-05        1.515155e-25
               64900        8.393700e-05        1.903498e-25
               65000        8.486100e-05        1.903498e-25
               65100        9.557100e-05        2.073968e-25
               65200        7.569800e-05        2.073968e-25
               65300        7.839300e-05        1.960161e-25
               65400        7.280500e-05        1.960161e-25
               65500        7.184200e-05        1.657791e-25
               65600        7.755800e-05        1.657791e-25
               65700        7.349900e-05        1.739458e-25
               65800        7.075500e-05        1.739623e-25
               65900        6.993900e-05        1.483360e-25
               66000        7.221800e-05        1.483360e-25
               66100        7.414500e-05        1.484586e-25
               66200        7.127500e-05        1.484586e-25
               66300        6.815200e-05        1.406602e-25
               66400        7.017700e-05        1.406602e-25
               66500        7.018900e-05        1.398541e-25
               66600        6.874900e-05        1.398541e-25
               66700        7.025600e-05        1.901807e-25
               66800        6.921700e-05        1.698822e-25
               66900        6.204500e-05        1.698822e-25
               67000        7.279100e-05        1.919387e-25
               67100        6.893600e-05        1.919387e-25
               67200        7.466000e-05        1.498099e-25
               67300        7.367500e-05        1.498099e-25
               67400        7.017000e-05        1.746072e-25
               67500        7.602900e-05        1.746072e-25
               67600        7.538300e-05        1.675366e-25
               67700        7.092500e-05        1.675366e-25
               67800        7.268900e-05        1.699996e-25
               67900        7.121100e-05        1.699996e-25
               68000        7.143200e-05        1.447891e-25
               68100        7.201500e-05        1.447891e-25
               68200        6.871700e-05        1.483360e-25
               68300        6.842900e-05        1.483171e-25
               68400        6.932000e-05        1.385956e-25
               68500        7.051100e-05        1.580937e-25
               68600        6.965100e-05        1.580937e-25
               68700        7.066400e-05        1.733813e-25
               68800        7.146700e-05        1.733813e-25
               68900        6.861600e-05        1.459809e-25
               69000        7.007400e-05        1.459809e-25
               69100        6.857500e-05        1.700648e-25
               69200        6.910400e-05        1.474696e-25
               69300        7.231400e-05        1.474696e-25
               69400        6.987800e-05        1.292843e-25
               69500        7.616900e-05        1.292843e-25
               69600        7.484000e-05        1.882720e-25
               69700        7.758500e-05        1.882720e-25
               69800        7.742700e-05        1.929993e-25
               69900        8.210400e-05        1.929993e-25
               70000        7.940500e-05        1.815244e-25
               70100        7.801100e-05        1.815244e-25
               70200        8.911900e-05        2.273697e-25
               70300        7.128500e-05        2.273697e-25
               70400        7.104800e-05        1.828901e-25
               70500        6.918100e-05        1.828901e-25
               70600        7.312600e-05        1.582270e-25
               70700        7.038800e-05        1.582270e-25
               70800        7.010800e-05        1.378752e-25
               70900        7.221700e-05        1.542975e-25
               71000        7.331000e-05        1.542975e-25
               71100        7.757500e-05        1.596698e-25
               71200        7.959700e-05        1.596698e-25
               71300        7.516400e-05        1.660812e-25
               71400        7.037100e-05        1.660812e-25
               71500        5.721100e-05        2.164294e-25
               71600        6.422100e-05        1.532596e-25
               71700        6.121100e-05        1.532572e-25
               71800        5.750100e-05        1.687938e-25
               71900        5.926400e-05        1.687938e-25
               72000        5.742200e-05        1.765151e-25
               72100        7.130900e-05        1.765151e-25
               72200        5.646200e-05        1.772258e-25
               72300        6.152300e-05        1.772164e-25
               72400        5.657100e-05        1.145007e-25
               72500        6.023100e-05        1.145007e-25
               72600        5.734300e-05        1.300827e-25
               72700        5.942900e-05        1.300827e-25
               72800        5.589400e-05        1.390577e-25
               72900        6.025300e-05        1.390577e-25
               73000        5.632000e-05        1.884417e-25
               73100        5.932100e-05        1.884417e-25
               73200        5.518800e-05        1.502537e-25
               73300        5.827900e-05        1.502537e-25
               73400        5.632200e-05        1.329979e-25
               73500        6.007500e-05        1.329979e-25
               73600        5.602700e-05        1.917366e-25
               73700        6.005200e-05        1.863396e-25
               73800        5.725700e-05        1.863403e-25
               73900        6.247400e-05        1.621046e-25
               74000        7.203300e-05        1.621046e-25
               74100        7.257700e-05        1.405483e-25
               74200        7.201700e-05        1.405483e-25
               74300        7.159300e-05        1.277777e-25
               74400        7.081100e-05        1.277777e-25
               74500        7.061500e-05        1.464023e-25
               74600        7.128300e-05        1.464023e-25
               74700        7.117100e-05        1.745932e-25
               74800        7.111500e-05        1.745932e-25
               74900        7.032500e-05        1.527356e-25
               75000        7.206300e-05        1.527356e-25
               75100        7.346100e-05        1.377866e-25
               75200        7.166300e-05        1.548707e-25
               75300        6.992200e-05        1.549007e-25
               75400        7.841200e-05        1.951453e-25
               75500        7.166800e-05        1.951453e-25
               75600        7.395200e-05        1.561167e-25
               75700        7.837800e-05        1.653574e-25
               75800        7.842900e-05        1.653574e-25
               75900        8.041800e-05        1.730432e-25
               76000        8.183700e-05        1.730432e-25
               76100        7.821900e-05        2.031921e-25
               76200        7.833200e-05        2.031921e-25
               76300        7.362900e-05        1.981550e-25
               76400        7.276500e-05        1.981550e-25
               76500        6.927400e-05        2.085673e-25
               76600        6.832700e-05        2.085673e-25
               76700        6.986400e-05        1.416871e-25
               76800        7.135000e-05        1.416871e-25
               76900        7.134900e-05        1.226701e-25
               77000        7.041600e-05        1.226701e-25
               77100        7.890900e-05        1.433317e-25
               77200        7.141000e-05        1.433317e-25
               77300        6.744000e-05        1.887632e-25
               77400        6.948400e-05        1.887632e-25
               77500        6.903200e-05        1.697218e-25
               77600        6.950500e-05        1.697218e-25
               77700        8.143900e-05        1.829227e-25
               77800        6.824000e-05        1.829187e-25
               77900        6.958500e-05        1.621263e-25
               78000        6.102500e-05        1.621263e-25
               78100        7.475100e-05        1.500067e-25
               78200        7.319900e-05        1.500067e-25
               78300        7.089200e-05        1.913915e-25
               78400        8.188000e-05        1.913932e-25
               78500        6.625700e-05        2.114894e-25
               78600        7.093700e-05        2.355626e-25
               78700        7.017200e-05        2.355626e-25
               78800        6.770200e-05        2.036228e-25
               78900        6.924400e-05        2.036173e-25
               79000        7.756000e-05        1.476450e-25
               79100        6.964200e-05        1.476473e-25
               79200        7.015700e-05        1.396523e-25
               79300        6.978400e-05        1.590720e-25
               79400        6.727400e-05        1.590846e-25
               79500        6.975100e-05        1.579091e-25
               79600        7.188800e-05        1.579091e-25
               79700        7.169400e-05        1.536020e-25
               79800        7.221700e-05        1.536020e-25
               79900        6.991000e-05        1.419879e-25
               80000        7.244400e-05        1.419879e-25
               80100        6.791300e-05        1.419879e-25
               80200        6.919900e-05        1.545823e-25
               80300        6.942700e-05        1.562139e-25
               80400        6.922800e-05        1.745439e-25
               80500        6.974800e-05        1.701936e-25
               80600        7.000900e-05        1.713782e-25
               80700        7.130600e-05        1.639031e-25
               80800        7.811900e-05        1.715706e-25
               80900        7.387700e-05        1.822600e-25
               81000        7.053800e-05        1.683632e-25
               81100        7.155500e-05        1.530500e-25
               81200        7.338900e-05        1.639041e-25
               81300        7.941000e-05        1.836586e-25
               81400        7.752300e-05        1.956621e-25
               81500        7.387700e-05        1.766975e-25
               81600        7.514000e-05        1.787315e-25
               81700        7.873900e-05        1.840980e-25
               81800        7.450200e-05        1.700178e-25
               81900        7.535400e-05        1.717288e-25
               82000        7.609000e-05        1.709993e-25
               82100        7.897100e-05        2.324392e-25
               82200        8.623000e-05        2.387456e-25
               82300        7.520300e-05        2.196746e-25
               82400        7.458600e-05        2.041910e-25
               82500        7.453900e-05        1.801936e-25
               82600        9.498500e-05        1.859204e-25
               82700        1.069680e-04        1.859204e-25
               82800        7.872100e-05        2.007071e-25
               82900        7.514500e-05        2.007071e-25
               83000        7.393700e-05        2.034449e-25
               83100        7.194300e-05        1.966626e-25
               83200        7.229500e-05        1.966626e-25
               83300        7.263300e-05        1.664684e-25
               83400        7.294000e-05        1.664684e-25
               83500        7.423900e-05        1.323513e-25
               83600        7.405700e-05        1.323513e-25
               83700        7.599500e-05        1.499011e-25
               83800        7.500000e-05        1.499011e-25
               83900        7.163900e-05        1.433428e-25
               84000        7.178000e-05        1.433428e-25
               84100        7.012700e-05        1.595163e-25
               84200        7.669700e-05        1.595163e-25
               84300        5.760800e-05        1.875056e-25
               84400        5.663000e-05        1.875186e-25
               84500        7.264200e-05        2.014324e-25
               84600        7.308100e-05        2.014030e-25
               84700        7.177600e-05        2.010804e-25
               84800        7.166300e-05        2.010804e-25
               84900        7.162500e-05        1.662522e-25
               85000        7.246300e-05        1.662522e-25
               85100        7.043500e-05        1.578706e-25
               85200        7.936000e-05        1.578741e-25
               85300        6.922000e-05        1.734108e-25
               85400        7.132800e-05        1.733862e-25
               85500        6.869100e-05        2.124330e-25
               85600        6.911500e-05        2.124330e-25
               85700        9.822700e-05        2.077447e-25
               85800        7.122400e-05        2.077447e-25
               85900        6.905000e-05        1.830008e-25
               86000        7.030200e-05        1.929519e-25
               86100        7.071200e-05        2.008204e-25
               86200        6.829700e-05        2.008204e-25
               86300        6.980800e-05        1.943599e-25
               86400        6.985900e-05        1.943599e-25
               86500        7.069200e-05        1.843070e-25
               86600        7.075900e-05        1.843070e-25
               86700        6.893100e-05        1.488784e-25
               86800        8.749300e-05        1.488784e-25
               86900        7.190400e-05        1.676483e-25
               87000        7.269200e-05        1.676483e-25
               87100        7.178400e-05        1.739523e-25
               87200        7.081900e-05        1.739499e-25
               87300        7.209000e-05        1.754099e-25
               87400        7.414100e-05        1.754099e-25
               87500        7.206300e-05        1.440668e-25
               87600        7.022100e-05        1.440668e-25
               87700        7.134800e-05        2.016222e-25
               87800        7.198900e-05        2.016222e-25
               87900        7.055700e-05        2.134731e-25
               88000        6.929900e-05        2.134731e-25
               88100        9.757800e-05        1.978030e-25
               88200        7.441700e-05        1.978030e-25
               88300        7.801600e-05        1.435085e-25
               88400        8.057900e-05        1.435085e-25
               88500        8.824600e-05        1.444899e-25
               88600        8.705300e-05        1.444899e-25
               88700        8.085000e-05        1.620295e-25
               88800        7.656200e-05        1.620295e-25
               88900        7.631400e-05        1.657775e-25
               89000        7.257100e-05        1.657775e-25
               89100        7.107800e-05        2.117661e-25
               89200        7.230400e-05        2.117661e-25
               89300        7.105500e-05        1.558843e-25
               89400        7.334000e-05        1.666643e-25
               89500        7.255100e-05        1.666643e-25
               89600        7.454600e-05        1.804815e-25
               89700        7.186100e-05        1.804815e-25
               89800        7.680300e-05        1.524332e-25
               89900        7.346600e-05        1.524458e-25
               90000        7.160200e-05        1.598785e-25
               90100        7.280800e-05        1.598785e-25
               90200        8.021200e-05        1.632595e-25
               90300        7.164700e-05        1.766857e-25
               90400        7.147300e-05        1.766857e-25
               90500        7.361700e-05        1.714474e-25
               90600        7.221300e-05        1.714474e-25
               90700        7.018900e-05        1.586918e-25
               90800        7.329100e-05        1.586918e-25
               90900        7.280200e-05        1.516363e-25
               91000        7.240200e-05        1.516363e-25
               91100        7.182200e-05        1.355860e-25
               91200        7.227200e-05        1.355860e-25
               91300        7.799300e-05        1.518875e-25
               91400        7.598500e-05        1.518875e-25
               91500        8.074700e-05        1.658616e-25
               91600        7.513400e-05        1.658616e-25
               91700        7.944400e-05        1.698685e-25
               91800        7.298500e-05        1.698685e-25
               91900        7.283800e-05        1.470446e-25
               92000        7.509400e-05        1.470446e-25
               92100        6.600600e-05        1.622754e-25
               92200        6.957300e-05        1.622754e-25
               92300        7.210500e-05        1.764868e-25
               92400        7.282600e-05        1.764868e-25
               92500        7.034200e-05        1.940701e-25
               92600        6.912300e-05        1.940701e-25
               92700        6.716900e-05        1.958106e-25
               92800        6.300900e-05        1.958106e-25
               92900        7.982700e-05        2.122707e-25
               93000        5.861100e-05        1.469053e-25
               93100        6.148800e-05        1.469053e-25
               93200        6.960500e-05        1.476734e-25
               93300        7.156000e-05        1.476734e-25
               93400        9.178600e-05        1.219990e-25
               93500        9.272400e-05        1.219990e-25
               93600        6.569900e-05        1.466864e-25
               93700        6.573600e-05        1.466864e-25
               93800        6.406300e-05        1.972616e-25
               93900        6.293800e-05        1.972616e-25
               94000        6.226000e-05        1.651820e-25
               94100        6.885700e-05        1.651820e-25
               94200        5.963500e-05        1.525509e-25
               94300        5.778800e-05        1.525509e-25
               94400        5.765400e-05        1.342073e-25
               94500        5.683900e-05        1.342073e-25
               94600        5.472300e-05        1.428155e-25
               94700        5.359300e-05        1.428155e-25
               94800        5.364200e-05        1.406860e-25
               94900        5.337200e-05        1.406860e-25
               95000        5.380500e-05        1.502376e-25
               95100        5.316000e-05        1.502376e-25
               95200        5.392100e-05        1.497572e-25
               95300        5.429500e-05        1.497572e-25
               95400        5.335200e-05        1.684730e-25
               95500        5.344400e-05        1.684730e-25
               95600        5.471700e-05        2.141225e-25
               95700        5.594700e-05        2.141225e-25
               95800        5.573800e-05        1.790899e-25
               95900        5.799600e-05        1.893751e-25
               96000        6.031100e-05        1.893847e-25
               96100        5.901100e-05        1.658872e-25
               96200        5.690300e-05        1.976437e-25
               96300        5.674300e-05        1.976437e-25
               96400        5.719400e-05        1.896862e-25
               96500        5.813200e-05        1.941045e-25
               96600        5.622500e-05        1.941140e-25
               96700        5.759000e-05        1.548944e-25
               96800        5.564300e-05        1.548944e-25
               96900        6.133400e-05        1.901915e-25
               97000        5.830500e-05        1.901915e-25
               97100        5.761900e-05        1.949621e-25
               97200        5.632300e-05        1.949621e-25
               97300        5.518300e-05        1.974362e-25
               97400        5.541900e-05        1.974362e-25
               97500        5.667200e-05        2.189558e-25
               97600        5.924300e-05        2.189558e-25
               97700        6.389900e-05        1.558857e-25
               97800        7.513700e-05        1.558857e-25
               97900        7.562700e-05        1.367530e-25
               98000        6.008100e-05        1.367530e-25
               98100        5.832600e-05        1.817702e-25
               98200        5.900500e-05        1.817702e-25
               98300        5.805100e-05        1.861773e-25
               98400        5.699900e-05        1.861773e-25
               98500        5.636500e-05        1.631580e-25
               98600        5.504400e-05        1.631580e-25
               98700        5.490500e-05        1.792372e-25
               98800        5.501800e-05        2.074938e-25
               98900        5.505100e-05        2.074938e-25
               99000        5.491400e-05        1.969654e-25
               99100        5.580600e-05        1.883439e-25
               99200        5.497900e-05        1.883439e-25
               99300        5.416300e-05        1.865048e-25
               99400        5.486100e-05        1.865048e-25
               99500        5.470200e-05        1.939079e-25
               99600        5.619200e-05        1.939079e-25
               99700        5.566900e-05        1.738077e-25
               99800        5.569100e-05        1.830445e-25
               99900        5.625900e-05        1.830642e-25
              100000        5.491600e-05        1.723922e-25
