Period: 100
               Epoch           Time cost                Loss
                 100        2.060620e-04        3.231700e+05
                 200        1.709620e-04        2.637585e+05
                 300        1.880270e-04        2.512123e+05
                 400        2.118310e-04        2.011319e+05
                 500        1.945860e-04        1.885411e+05
                 600        1.834940e-04        1.564487e+05
                 700        1.810030e-04        1.295386e+05
                 800        1.821340e-04        1.114068e+05
                 900        1.743990e-04        9.131696e+04
                1000        1.770580e-04        7.883624e+04
                1100        1.767880e-04        6.658775e+04
                1200        1.750860e-04        6.132132e+04
                1300        1.792420e-04        4.949435e+04
                1400        1.762070e-04        4.375424e+04
                1500        1.765390e-04        3.611339e+04
                1600        1.729570e-04        3.169232e+04
                1700        1.748960e-04        2.514530e+04
                1800        1.706460e-04        2.293874e+04
                1900        1.709910e-04        1.912180e+04
                2000        1.770190e-04        1.793354e+04
                2100        1.772590e-04        1.328322e+04
                2200        1.692930e-04        1.213838e+04
                2300        1.761680e-04        9.469354e+03
                2400        1.662240e-04        8.397455e+03
                2500        1.753240e-04        6.886410e+03
                2600        1.686740e-04        6.245901e+03
                2700        1.760450e-04        5.073177e+03
                2800        1.647900e-04        4.805834e+03
                2900        1.933580e-04        3.817056e+03
                3000        1.629210e-04        3.641390e+03
                3100        1.770970e-04        2.782223e+03
                3200        1.593300e-04        2.728299e+03
                3300        1.808970e-04        2.148278e+03
                3400        1.487930e-04        2.048622e+03
                3500        1.739450e-04        1.492975e+03
                3600        1.462380e-04        1.421015e+03
                3700        1.705140e-04        1.067896e+03
                3800        1.463480e-04        1.038046e+03
                3900        2.067540e-04        8.010657e+02
                4000        1.457950e-04        7.560167e+02
                4100        1.835030e-04        5.755749e+02
                4200        1.576100e-04        5.476229e+02
                4300        1.816780e-04        4.151501e+02
                4400        1.573150e-04        3.950517e+02
                4500        1.856530e-04        3.011006e+02
                4600        1.529080e-04        2.943180e+02
                4700        1.735490e-04        2.111876e+02
                4800        1.481640e-04        2.039286e+02
                4900        1.687010e-04        1.615717e+02
                5000        1.457830e-04        1.576643e+02
                5100        1.747870e-04        1.217856e+02
                5200        1.627830e-04        1.024778e+02
                5300        1.813730e-04        1.024767e+02
                5400        1.969570e-04        8.823952e+01
                5500        2.004950e-04        8.824198e+01
                5600        1.934080e-04        7.338590e+01
                5700        1.890160e-04        7.338590e+01
                5800        1.886050e-04        6.033721e+01
                5900        2.600290e-04        6.033721e+01
                6000        1.917400e-04        5.079954e+01
                6100        1.897770e-04        5.079954e+01
                6200        2.086480e-04        3.932496e+01
                6300        2.232150e-04        3.932496e+01
                6400        1.913500e-04        3.517118e+01
                6500        1.940700e-04        3.517118e+01
                6600        2.073950e-04        3.166271e+01
                6700        2.058060e-04        3.166271e+01
                6800        2.051380e-04        2.588416e+01
                6900        2.089100e-04        2.588416e+01
                7000        2.067020e-04        2.310439e+01
                7100        1.945630e-04        2.310439e+01
                7200        2.048480e-04        1.867281e+01
                7300        1.976490e-04        1.867281e+01
                7400        2.068430e-04        1.564351e+01
                7500        2.071090e-04        1.564351e+01
                7600        2.075170e-04        1.330788e+01
                7700        2.378430e-04        1.330786e+01
                7800        2.088800e-04        1.057618e+01
                7900        1.926830e-04        1.057618e+01
                8000        2.044600e-04        9.044009e+00
                8100        2.058340e-04        9.044009e+00
                8200        2.128660e-04        7.006548e+00
                8300        1.934220e-04        7.006548e+00
                8400        2.060350e-04        6.154085e+00
                8500        2.362860e-04        6.154142e+00
                8600        2.095950e-04        5.183424e+00
                8700        2.125080e-04        5.183174e+00
                8800        2.014090e-04        4.012024e+00
                8900        2.093510e-04        4.011995e+00
                9000        2.087320e-04        3.321636e+00
                9100        2.040560e-04        3.321612e+00
                9200        2.201000e-04        2.853891e+00
                9300        1.759920e-04        2.853817e+00
                9400        1.752810e-04        2.392252e+00
                9500        1.852600e-04        2.392252e+00
                9600        1.951720e-04        2.006307e+00
                9700        2.329910e-04        2.006307e+00
                9800        1.846550e-04        1.722169e+00
                9900        1.915500e-04        1.722169e+00
               10000        2.030910e-04        1.466056e+00
               10100        2.033090e-04        1.466056e+00
               10200        1.796270e-04        1.209924e+00
               10300        1.990240e-04        1.209924e+00
               10400        1.926960e-04        9.802195e-01
               10500        1.958930e-04        9.802195e-01
               10600        1.940550e-04        8.395196e-01
               10700        1.948120e-04        8.395196e-01
               10800        1.901060e-04        7.199463e-01
               10900        1.828360e-04        7.199457e-01
               11000        1.953230e-04        5.887090e-01
               11100        1.941520e-04        5.887071e-01
               11200        1.973870e-04        4.967118e-01
               11300        1.953680e-04        4.967118e-01
               11400        1.931880e-04        3.937386e-01
               11500        1.998260e-04        3.937493e-01
               11600        1.917100e-04        3.560828e-01
               11700        1.949870e-04        3.560828e-01
               11800        3.140610e-04        3.096193e-01
               11900        2.167170e-04        3.096193e-01
               12000        1.953950e-04        2.695237e-01
               12100        1.975780e-04        2.695237e-01
               12200        1.849650e-04        2.200121e-01
               12300        1.949370e-04        2.200121e-01
               12400        1.926330e-04        1.901590e-01
               12500        1.829310e-04        1.901590e-01
               12600        1.859680e-04        1.698970e-01
               12700        1.948600e-04        1.698970e-01
               12800        1.951920e-04        1.435455e-01
               12900        1.978820e-04        1.435455e-01
               13000        1.957590e-04        1.308337e-01
               13100        1.945110e-04        1.308337e-01
               13200        1.923480e-04        1.308337e-01
               13300        1.917400e-04        1.002521e-01
               13400        1.971270e-04        8.001084e-02
               13500        1.968880e-04        8.000878e-02
               13600        2.043200e-04        6.525078e-02
               13700        1.909220e-04        6.525078e-02
               13800        2.000850e-04        5.504694e-02
               13900        1.985610e-04        5.504694e-02
               14000        1.969060e-04        4.514601e-02
               14100        1.947990e-04        4.514601e-02
               14200        1.956250e-04        3.776584e-02
               14300        1.929230e-04        3.776584e-02
               14400        1.932720e-04        3.248592e-02
               14500        1.944880e-04        3.248592e-02
               14600        1.982270e-04        2.701671e-02
               14700        1.828410e-04        2.701671e-02
               14800        1.883480e-04        2.352263e-02
               14900        1.971210e-04        2.352263e-02
               15000        2.041540e-04        1.954143e-02
               15100        1.958050e-04        1.954143e-02
               15200        1.962150e-04        1.579749e-02
               15300        1.952780e-04        1.579669e-02
               15400        1.954360e-04        1.393289e-02
               15500        1.848530e-04        1.393289e-02
               15600        1.954490e-04        1.162385e-02
               15700        3.185030e-04        1.162458e-02
               15800        2.244260e-04        1.042097e-02
               15900        2.056090e-04        1.042099e-02
               16000        1.926140e-04        8.026351e-03
               16100        1.941140e-04        8.026351e-03
               16200        1.957630e-04        6.807205e-03
               16300        1.974480e-04        6.807131e-03
               16400        1.979070e-04        5.991042e-03
               16500        1.950050e-04        5.990891e-03
               16600        1.928100e-04        5.405405e-03
               16700        1.961100e-04        5.405499e-03
               16800        1.983160e-04        4.794630e-03
               16900        2.054170e-04        4.794611e-03
               17000        1.968410e-04        4.057561e-03
               17100        1.922680e-04        4.057561e-03
               17200        1.958760e-04        3.313355e-03
               17300        1.967770e-04        3.313355e-03
               17400        1.965070e-04        2.761646e-03
               17500        1.908040e-04        2.761646e-03
               17600        1.947520e-04        2.275605e-03
               17700        1.979230e-04        2.275605e-03
               17800        1.964450e-04        1.944180e-03
               17900        1.855160e-04        1.943984e-03
               18000        1.939680e-04        1.664086e-03
               18100        2.019390e-04        1.664082e-03
               18200        1.926130e-04        1.352216e-03
               18300        1.953990e-04        1.352216e-03
               18400        1.965430e-04        1.184726e-03
               18500        1.939060e-04        1.184726e-03
               18600        1.982900e-04        1.021190e-03
               18700        1.943180e-04        1.021171e-03
               18800        1.996750e-04        8.792713e-04
               18900        1.966400e-04        8.792713e-04
               19000        1.948660e-04        7.281667e-04
               19100        1.951240e-04        7.281667e-04
               19200        1.864180e-04        5.875751e-04
               19300        1.940370e-04        5.876168e-04
               19400        2.447030e-04        5.328939e-04
               19500        1.957910e-04        5.328939e-04
               19600        2.200190e-04        4.279444e-04
               19700        1.979330e-04        4.279531e-04
               19800        1.966640e-04        3.773664e-04
               19900        1.916870e-04        3.773706e-04
               20000        1.978110e-04        3.089107e-04
               20100        1.961210e-04        3.089107e-04
               20200        1.937420e-04        2.416557e-04
               20300        1.922090e-04        2.416557e-04
               20400        1.965670e-04        2.033110e-04
               20500        1.940310e-04        2.033110e-04
               20600        1.953350e-04        1.774186e-04
               20700        1.865760e-04        1.774186e-04
               20800        1.950980e-04        1.466805e-04
               20900        1.944210e-04        1.466895e-04
               21000        1.950090e-04        1.334343e-04
               21100        1.929780e-04        1.334294e-04
               21200        1.977590e-04        1.182549e-04
               21300        1.955900e-04        1.182549e-04
               21400        2.048310e-04        1.027845e-04
               21500        3.041300e-04        1.027845e-04
               21600        1.934680e-04        8.039678e-05
               21700        1.975150e-04        8.039289e-05
               21800        1.926850e-04        6.715318e-05
               21900        1.943910e-04        6.715318e-05
               22000        1.946650e-04        5.804578e-05
               22100        1.891370e-04        5.804568e-05
               22200        1.975040e-04        4.816294e-05
               22300        1.928990e-04        4.816229e-05
               22400        2.086470e-04        3.720170e-05
               22500        1.859360e-04        3.720170e-05
               22600        1.863910e-04        3.065900e-05
               22700        2.095180e-04        3.065890e-05
               22800        2.065720e-04        2.667375e-05
               22900        1.930220e-04        2.667375e-05
               23000        1.973210e-04        2.290143e-05
               23100        1.849320e-04        2.290148e-05
               23200        2.036630e-04        1.952197e-05
               23300        2.334060e-04        1.952158e-05
               23400        1.932620e-04        1.726703e-05
               23500        2.204040e-04        1.726709e-05
               23600        1.863230e-04        1.411843e-05
               23700        1.840220e-04        1.411843e-05
               23800        1.860990e-04        1.191379e-05
               23900        1.886650e-04        1.191587e-05
               24000        1.846880e-04        1.036414e-05
               24100        2.029730e-04        1.036424e-05
               24200        2.006690e-04        9.240339e-06
               24300        2.003510e-04        9.240406e-06
               24400        1.857720e-04        7.141070e-06
               24500        1.967650e-04        7.141070e-06
               24600        1.833150e-04        5.615315e-06
               24700        1.868000e-04        5.615304e-06
               24800        1.804120e-04        5.242458e-06
               24900        1.849640e-04        5.242458e-06
               25000        1.838920e-04        4.232326e-06
               25100        1.812790e-04        4.232326e-06
               25200        2.634020e-04        3.561788e-06
               25300        1.907540e-04        3.561622e-06
               25400        1.858470e-04        2.976937e-06
               25500        1.920170e-04        2.976965e-06
               25600        1.839140e-04        2.581804e-06
               25700        1.869390e-04        2.581756e-06
               25800        1.833960e-04        2.299936e-06
               25900        2.014750e-04        2.299936e-06
               26000        1.924420e-04        1.924754e-06
               26100        1.943330e-04        1.924742e-06
               26200        1.949660e-04        1.645383e-06
               26300        1.971850e-04        1.645388e-06
               26400        1.915550e-04        1.426424e-06
               26500        1.936690e-04        1.426496e-06
               26600        1.833590e-04        1.221356e-06
               26700        1.884610e-04        1.221356e-06
               26800        1.868210e-04        1.112290e-06
               26900        1.939440e-04        1.112286e-06
               27000        1.890930e-04        9.881664e-07
               27100        2.989400e-04        9.881664e-07
               27200        2.152040e-04        8.142022e-07
               27300        2.039210e-04        8.142022e-07
               27400        1.902340e-04        7.185133e-07
               27500        1.858450e-04        7.185076e-07
               27600        1.886350e-04        6.080730e-07
               27700        2.297770e-04        6.080555e-07
               27800        1.998670e-04        5.057110e-07
               27900        1.970260e-04        5.056306e-07
               28000        1.936090e-04        4.491654e-07
               28100        1.945450e-04        4.490668e-07
               28200        1.945540e-04        3.952945e-07
               28300        1.931990e-04        3.952945e-07
               28400        1.970510e-04        3.345628e-07
               28500        1.895320e-04        3.345628e-07
               28600        1.964050e-04        2.738162e-07
               28700        2.003100e-04        2.738162e-07
               28800        1.983270e-04        2.269701e-07
               28900        1.986080e-04        2.269701e-07
               29000        2.243010e-04        1.881305e-07
               29100        2.188140e-04        1.881201e-07
               29200        1.977120e-04        1.508402e-07
               29300        2.004600e-04        1.508402e-07
               29400        1.965210e-04        1.257150e-07
               29500        1.973540e-04        1.257220e-07
               29600        1.976640e-04        1.170143e-07
               29700        1.965680e-04        1.170143e-07
               29800        1.908440e-04        8.646349e-08
               29900        1.942500e-04        8.646349e-08
               30000        1.966180e-04        7.702482e-08
               30100        2.012800e-04        7.702497e-08
               30200        1.986500e-04        6.573994e-08
               30300        1.957040e-04        6.573961e-08
               30400        2.008980e-04        5.260572e-08
               30500        1.958140e-04        5.260598e-08
               30600        1.968560e-04        4.393999e-08
               30700        1.977610e-04        4.393999e-08
               30800        1.977030e-04        3.585640e-08
               30900        2.177400e-04        3.585351e-08
               31000        1.989150e-04        3.027232e-08
               31100        2.919530e-04        3.027232e-08
               31200        1.967820e-04        2.520338e-08
               31300        1.998390e-04        2.520338e-08
               31400        2.000690e-04        2.100218e-08
               31500        1.954970e-04        2.100218e-08
               31600        1.983590e-04        1.753691e-08
               31700        2.087110e-04        1.753664e-08
               31800        1.996600e-04        1.441187e-08
               31900        1.966640e-04        1.441187e-08
               32000        1.947360e-04        1.241499e-08
               32100        1.973720e-04        1.241503e-08
               32200        1.977060e-04        1.089519e-08
               32300        1.898480e-04        1.089519e-08
               32400        1.976320e-04        9.472914e-09
               32500        2.009600e-04        9.472737e-09
               32600        1.970880e-04        7.910820e-09
               32700        2.008970e-04        7.910820e-09
               32800        1.997790e-04        6.798225e-09
               32900        1.993070e-04        6.798315e-09
               33000        2.168250e-04        5.798654e-09
               33100        2.137930e-04        5.798654e-09
               33200        1.968190e-04        5.069647e-09
               33300        1.962000e-04        5.069601e-09
               33400        1.962220e-04        4.091956e-09
               33500        2.189230e-04        4.091857e-09
               33600        1.966730e-04        3.474650e-09
               33700        1.959090e-04        3.474728e-09
               33800        1.933470e-04        3.035307e-09
               33900        1.954190e-04        3.035307e-09
               34000        1.948020e-04        2.476388e-09
               34100        1.934190e-04        2.476327e-09
               34200        1.901930e-04        2.138249e-09
               34300        1.989320e-04        2.138251e-09
               34400        1.908270e-04        1.893962e-09
               34500        1.934610e-04        1.893956e-09
               34600        1.979230e-04        1.624857e-09
               34700        1.864810e-04        1.624857e-09
               34800        2.022220e-04        1.362015e-09
               34900        2.155570e-04        1.362015e-09
               35000        2.233080e-04        1.269594e-09
               35100        2.008070e-04        1.269591e-09
               35200        1.850900e-04        1.024704e-09
               35300        1.897630e-04        1.024704e-09
               35400        1.968820e-04        8.918743e-10
               35500        1.865430e-04        8.918743e-10
               35600        1.965470e-04        7.117999e-10
               35700        2.166010e-04        7.117848e-10
               35800        1.964020e-04        6.361048e-10
               35900        1.937260e-04        6.361048e-10
               36000        1.862780e-04        5.309387e-10
               36100        1.941500e-04        5.309387e-10
               36200        1.934080e-04        4.438328e-10
               36300        1.926110e-04        4.438238e-10
               36400        1.932950e-04        4.006723e-10
               36500        1.817550e-04        4.006588e-10
               36600        1.961100e-04        3.357300e-10
               36700        1.848870e-04        3.357300e-10
               36800        1.996210e-04        3.013469e-10
               36900        2.207340e-04        3.013466e-10
               37000        1.990670e-04        2.549747e-10
               37100        1.866750e-04        2.549747e-10
               37200        1.979750e-04        2.188708e-10
               37300        1.925550e-04        2.188699e-10
               37400        1.923910e-04        1.796851e-10
               37500        1.841050e-04        1.796851e-10
               37600        1.923050e-04        1.565941e-10
               37700        1.931470e-04        1.565941e-10
               37800        1.939960e-04        1.189568e-10
               37900        1.936700e-04        1.189568e-10
               38000        1.961330e-04        9.783877e-11
               38100        1.592120e-04        9.783877e-11
               38200        1.799620e-04        8.962586e-11
               38300        1.657760e-04        8.962586e-11
               38400        1.690200e-04        7.029954e-11
               38500        1.923660e-04        7.029954e-11
               38600        1.938550e-04        6.087742e-11
               38700        1.966080e-04        6.087742e-11
               38800        1.919930e-04        5.400725e-11
               38900        2.179780e-04        5.400725e-11
               39000        1.855910e-04        4.578829e-11
               39100        2.389200e-04        4.578863e-11
               39200        1.971290e-04        3.862426e-11
               39300        2.025600e-04        3.862426e-11
               39400        1.870590e-04        3.173043e-11
               39500        1.926510e-04        3.172972e-11
               39600        2.101160e-04        2.741243e-11
               39700        1.939300e-04        2.741243e-11
               39800        1.895550e-04        2.093922e-11
               39900        1.994070e-04        2.093926e-11
               40000        1.947400e-04        1.752607e-11
               40100        1.920750e-04        1.752607e-11
               40200        1.919770e-04        1.575708e-11
               40300        1.995150e-04        1.575701e-11
               40400        1.969220e-04        1.389638e-11
               40500        1.950780e-04        1.389638e-11
               40600        2.224080e-04        1.173113e-11
               40700        1.961670e-04        1.173116e-11
               40800        1.951270e-04        9.971402e-12
               40900        2.193150e-04        9.971402e-12
               41000        2.134280e-04        8.478848e-12
               41100        1.865920e-04        8.478848e-12
               41200        2.039520e-04        7.115805e-12
               41300        1.961270e-04        7.115805e-12
               41400        2.012970e-04        6.170229e-12
               41500        1.974030e-04        6.170240e-12
               41600        1.936310e-04        5.038745e-12
               41700        1.957300e-04        5.038745e-12
               41800        1.978250e-04        3.956894e-12
               41900        1.868880e-04        3.956894e-12
               42000        1.979030e-04        3.495549e-12
               42100        1.948180e-04        3.495549e-12
               42200        1.980260e-04        3.067495e-12
               42300        1.995190e-04        3.067496e-12
               42400        1.957910e-04        2.443871e-12
               42500        1.974570e-04        2.443844e-12
               42600        2.029380e-04        1.854728e-12
               42700        1.989930e-04        1.854728e-12
               42800        2.100010e-04        1.766991e-12
               42900        2.030280e-04        1.766991e-12
               43000        2.291910e-04        1.474763e-12
               43100        1.904490e-04        1.474760e-12
               43200        2.000490e-04        1.209550e-12
               43300        1.951070e-04        1.209550e-12
               43400        2.006210e-04        1.024718e-12
               43500        1.969510e-04        1.024718e-12
               43600        1.964340e-04        9.027477e-13
               43700        1.988420e-04        9.027477e-13
               43800        1.942370e-04        7.804413e-13
               43900        1.961400e-04        7.804413e-13
               44000        2.257320e-04        6.495816e-13
               44100        2.007490e-04        6.495816e-13
               44200        1.980390e-04        5.618819e-13
               44300        1.975070e-04        5.618819e-13
               44400        1.986520e-04        4.727360e-13
               44500        2.007960e-04        4.727360e-13
               44600        1.974650e-04        3.956190e-13
               44700        1.971050e-04        3.956190e-13
               44800        2.230780e-04        3.314603e-13
               44900        2.162060e-04        3.314567e-13
               45000        2.370750e-04        2.718955e-13
               45100        2.288940e-04        2.718680e-13
               45200        2.340880e-04        2.356557e-13
               45300        2.609370e-04        2.356557e-13
               45400        2.168560e-04        1.879044e-13
               45500        2.171910e-04        1.878898e-13
               45600        2.229820e-04        1.619211e-13
               45700        2.364060e-04        1.619211e-13
               45800        2.444740e-04        1.444804e-13
               45900        2.532490e-04        1.444804e-13
               46000        3.019510e-04        1.163390e-13
               46100        2.942380e-04        1.163390e-13
               46200        2.787750e-04        8.994421e-14
               46300        3.116760e-04        8.994290e-14
               46400        2.875270e-04        7.901288e-14
               46500        2.958490e-04        7.901288e-14
               46600        2.953760e-04        6.783234e-14
               46700        2.778350e-04        6.783234e-14
               46800        2.142760e-04        6.015156e-14
               46900        2.765310e-04        6.015339e-14
               47000        2.785940e-04        5.064034e-14
               47100        2.847160e-04        5.063266e-14
               47200        2.741350e-04        4.215572e-14
               47300        2.582230e-04        4.215549e-14
               47400        2.725240e-04        3.544058e-14
               47500        2.687850e-04        3.544058e-14
               47600        2.697500e-04        2.931291e-14
               47700        2.615790e-04        2.931163e-14
               47800        2.961470e-04        2.480347e-14
               47900        2.983230e-04        2.480347e-14
               48000        2.393500e-04        2.130812e-14
               48100        2.343440e-04        2.130812e-14
               48200        2.236040e-04        1.800386e-14
               48300        2.269590e-04        1.800386e-14
               48400        2.411490e-04        1.483179e-14
               48500        2.305850e-04        1.483178e-14
               48600        2.458940e-04        1.244899e-14
               48700        2.142610e-04        1.244899e-14
               48800        2.165580e-04        1.028565e-14
               48900        2.188280e-04        1.028567e-14
               49000        2.137760e-04        8.292045e-15
               49100        2.128480e-04        8.292066e-15
               49200        2.118970e-04        6.862141e-15
               49300        2.210790e-04        6.862209e-15
               49400        2.235280e-04        5.950065e-15
               49500        2.157250e-04        5.950065e-15
               49600        2.163820e-04        5.381103e-15
               49700        2.136830e-04        5.381103e-15
               49800        2.172030e-04        4.408698e-15
               49900        2.058430e-04        4.408698e-15
               50000        2.015300e-04        3.725666e-15
               50100        2.159510e-04        3.725603e-15
               50200        2.513900e-04        3.337108e-15
               50300        1.997100e-04        3.337108e-15
               50400        1.969250e-04        2.665071e-15
               50500        1.949190e-04        2.665084e-15
               50600        1.943950e-04        2.203938e-15
               50700        1.962370e-04        2.203938e-15
               50800        1.945180e-04        1.981316e-15
               50900        1.981500e-04        1.981316e-15
               51000        1.978420e-04        1.649048e-15
               51100        1.930240e-04        1.649048e-15
               51200        1.950050e-04        1.337737e-15
               51300        1.994430e-04        1.337736e-15
               51400        1.949230e-04        1.200137e-15
               51500        1.925630e-04        1.200137e-15
               51600        1.975800e-04        1.035934e-15
               51700        1.992400e-04        1.035934e-15
               51800        1.977880e-04        8.839462e-16
               51900        1.943750e-04        8.839462e-16
               52000        1.999230e-04        7.271388e-16
               52100        2.571140e-04        7.271388e-16
               52200        1.895510e-04        5.994627e-16
               52300        1.906940e-04        5.994627e-16
               52400        1.902870e-04        5.102439e-16
               52500        1.956500e-04        5.102439e-16
               52600        1.899980e-04        4.303593e-16
               52700        1.899400e-04        4.303623e-16
               52800        1.985780e-04        3.638286e-16
               52900        1.666650e-04        3.638291e-16
               53000        1.747450e-04        3.263700e-16
               53100        1.895250e-04        3.263700e-16
               53200        1.933870e-04        2.671360e-16
               53300        1.857530e-04        2.671360e-16
               53400        1.922700e-04        2.255695e-16
               53500        1.969820e-04        2.255695e-16
               53600        1.896380e-04        2.044789e-16
               53700        1.884350e-04        2.044789e-16
               53800        1.827780e-04        1.841830e-16
               53900        1.934070e-04        1.841830e-16
               54000        1.992370e-04        1.448341e-16
               54100        2.380370e-04        1.448299e-16
               54200        1.888240e-04        1.181997e-16
               54300        1.872480e-04        1.181997e-16
               54400        1.856020e-04        9.388999e-17
               54500        1.856620e-04        9.388999e-17
               54600        1.851860e-04        7.956618e-17
               54700        1.848700e-04        7.956410e-17
               54800        1.873140e-04        6.268674e-17
               54900        1.863140e-04        6.268468e-17
               55000        1.850400e-04        5.198564e-17
               55100        1.839100e-04        5.198552e-17
               55200        1.941660e-04        4.780935e-17
               55300        1.934540e-04        4.780768e-17
               55400        1.975780e-04        3.996181e-17
               55500        1.960120e-04        3.996076e-17
               55600        1.900540e-04        3.353605e-17
               55700        1.833480e-04        3.353605e-17
               55800        1.949760e-04        2.860400e-17
               55900        1.955690e-04        2.860400e-17
               56000        1.869530e-04        2.471286e-17
               56100        1.915170e-04        2.471287e-17
               56200        1.986590e-04        2.130935e-17
               56300        1.924300e-04        2.130938e-17
               56400        1.826330e-04        1.794626e-17
               56500        2.002480e-04        1.794626e-17
               56600        1.962710e-04        1.536598e-17
               56700        1.877740e-04        1.288181e-17
               56800        1.945850e-04        1.288181e-17
               56900        1.963580e-04        1.139511e-17
               57000        1.989820e-04        1.139511e-17
               57100        2.036150e-04        9.163134e-18
               57200        1.876000e-04        9.163264e-18
               57300        2.078540e-04        7.869469e-18
               57400        1.900050e-04        7.869259e-18
               57500        1.875310e-04        6.882071e-18
               57600        1.860330e-04        6.882071e-18
               57700        1.939710e-04        5.572493e-18
               57800        1.895050e-04        5.572493e-18
               57900        1.961730e-04        4.878183e-18
               58000        2.569150e-04        4.878195e-18
               58100        1.901280e-04        3.889694e-18
               58200        1.953100e-04        3.889694e-18
               58300        1.953070e-04        3.276546e-18
               58400        1.834460e-04        3.276546e-18
               58500        1.844290e-04        2.786763e-18
               58600        1.860120e-04        2.786762e-18
               58700        1.889240e-04        2.432255e-18
               58800        2.060770e-04        2.432255e-18
               58900        1.843150e-04        2.165562e-18
               59000        1.853010e-04        2.165562e-18
               59100        1.834070e-04        1.741723e-18
               59200        1.864840e-04        1.741723e-18
               59300        1.843600e-04        1.551224e-18
               59400        1.968830e-04        1.551163e-18
               59500        1.975110e-04        1.220025e-18
               59600        1.948490e-04        1.220025e-18
               59700        1.820940e-04        1.086591e-18
               59800        2.458190e-04        1.086591e-18
               59900        1.020488e-03        8.556741e-19
               60000        3.073710e-04        8.556545e-19
               60100        2.063550e-04        7.394635e-19
               60200        1.889600e-04        6.159598e-19
               60300        1.774380e-04        6.159598e-19
               60400        1.784150e-04        5.659278e-19
               60500        1.902000e-04        5.659299e-19
               60600        1.810190e-04        4.610541e-19
               60700        1.804470e-04        4.610541e-19
               60800        1.734880e-04        3.788822e-19
               60900        1.811750e-04        3.788644e-19
               61000        1.719280e-04        3.246525e-19
               61100        1.813930e-04        3.246670e-19
               61200        1.856120e-04        2.671813e-19
               61300        1.804300e-04        2.671813e-19
               61400        1.864450e-04        2.344484e-19
               61500        1.829340e-04        2.344484e-19
               61600        1.846500e-04        2.021683e-19
               61700        1.805090e-04        2.021697e-19
               61800        1.838680e-04        1.713108e-19
               61900        1.847220e-04        1.713038e-19
               62000        1.848730e-04        1.460982e-19
               62100        1.861430e-04        1.460981e-19
               62200        1.800570e-04        1.228102e-19
               62300        1.884780e-04        1.228102e-19
               62400        1.927620e-04        1.012032e-19
               62500        1.882620e-04        1.012039e-19
               62600        1.756650e-04        8.779235e-20
               62700        1.851630e-04        8.779235e-20
               62800        1.864110e-04        7.303285e-20
               62900        1.896140e-04        7.303195e-20
               63000        1.728440e-04        6.824119e-20
               63100        1.782330e-04        6.824119e-20
               63200        1.956170e-04        5.562904e-20
               63300        1.791590e-04        5.562904e-20
               63400        1.850720e-04        4.857326e-20
               63500        1.795550e-04        4.857326e-20
               63600        1.864290e-04        4.090955e-20
               63700        1.805540e-04        4.090955e-20
               63800        1.808730e-04        3.270334e-20
               63900        1.743460e-04        3.270217e-20
               64000        1.931580e-04        2.817410e-20
               64100        1.779620e-04        2.817410e-20
               64200        1.799740e-04        2.377625e-20
               64300        1.682950e-04        2.377625e-20
               64400        1.734290e-04        2.080482e-20
               64500        1.807900e-04        2.080482e-20
               64600        1.879140e-04        1.696557e-20
               64700        1.795200e-04        1.696557e-20
               64800        1.849160e-04        1.447903e-20
               64900        1.651580e-04        1.447903e-20
               65000        1.692910e-04        1.292256e-20
               65100        1.740320e-04        1.292263e-20
               65200        1.711450e-04        1.071881e-20
               65300        1.686740e-04        1.071881e-20
               65400        1.723080e-04        9.508998e-21
               65500        1.658190e-04        9.509051e-21
               65600        1.804310e-04        8.185701e-21
               65700        1.789500e-04        8.186274e-21
               65800        1.727450e-04        7.567464e-21
               65900        1.796170e-04        7.567469e-21
               66000        1.822720e-04        6.101525e-21
               66100        1.823670e-04        6.101525e-21
               66200        1.833710e-04        5.212517e-21
               66300        1.791480e-04        5.212517e-21
               66400        1.834750e-04        4.537069e-21
               66500        1.813880e-04        4.537069e-21
               66600        1.850230e-04        3.839777e-21
               66700        1.833580e-04        3.839792e-21
               66800        1.774830e-04        3.191325e-21
               66900        1.700360e-04        3.191292e-21
               67000        1.764280e-04        2.787030e-21
               67100        1.751390e-04        2.787025e-21
               67200        2.377780e-04        2.143414e-21
               67300        1.737640e-04        2.143421e-21
               67400        1.726320e-04        1.757751e-21
               67500        1.737200e-04        1.757751e-21
               67600        1.700290e-04        1.556584e-21
               67700        1.686690e-04        1.556574e-21
               67800        1.761110e-04        1.364461e-21
               67900        1.741850e-04        1.364461e-21
               68000        1.724280e-04        1.324130e-21
               68100        1.776140e-04        1.324130e-21
               68200        1.808490e-04        1.125802e-21
               68300        1.800500e-04        1.125802e-21
               68400        1.828940e-04        9.229906e-22
               68500        1.694360e-04        9.229906e-22
               68600        1.835280e-04        7.817299e-22
               68700        1.870550e-04        7.817299e-22
               68800        1.706440e-04        6.960220e-22
               68900        1.709580e-04        6.960220e-22
               69000        1.766820e-04        5.857140e-22
               69100        1.778420e-04        5.856927e-22
               69200        1.947850e-04        4.905934e-22
               69300        1.885270e-04        4.905934e-22
               69400        1.996010e-04        4.232819e-22
               69500        1.907240e-04        4.232819e-22
               69600        1.918540e-04        3.251930e-22
               69700        1.904530e-04        3.251930e-22
               69800        1.948240e-04        2.836282e-22
               69900        2.023210e-04        2.836282e-22
               70000        1.794640e-04        2.411604e-22
               70100        1.977480e-04        2.411740e-22
               70200        1.953210e-04        2.142757e-22
               70300        1.821840e-04        2.142757e-22
               70400        1.904420e-04        2.142757e-22
               70500        1.893710e-04        1.400177e-22
               70600        2.045940e-04        1.376364e-22
               70700        1.938290e-04        1.042586e-22
               70800        1.961240e-04        8.329482e-23
               70900        1.968280e-04        8.329473e-23
               71000        1.945040e-04        7.059317e-23
               71100        2.086780e-04        7.059317e-23
               71200        1.900620e-04        6.138908e-23
               71300        1.928670e-04        6.138908e-23
               71400        1.894140e-04        5.229431e-23
               71500        1.917430e-04        5.229431e-23
               71600        1.864220e-04        4.822063e-23
               71700        1.878170e-04        4.822063e-23
               71800        1.846710e-04        4.822063e-23
               71900        1.859460e-04        3.315467e-23
               72000        1.879400e-04        3.343415e-23
               72100        1.880990e-04        3.035850e-23
               72200        1.841710e-04        3.035850e-23
               72300        1.817460e-04        2.663705e-23
               72400        1.918610e-04        2.663705e-23
               72500        1.898360e-04        2.253199e-23
               72600        1.894270e-04        2.253199e-23
               72700        1.920320e-04        2.001528e-23
               72800        1.906090e-04        2.001528e-23
               72900        1.945850e-04        1.638021e-23
               73000        2.337190e-04        1.638028e-23
               73100        2.137820e-04        1.427272e-23
               73200        1.894920e-04        1.427272e-23
               73300        1.909170e-04        1.199827e-23
               73400        1.911380e-04        1.199827e-23
               73500        1.954870e-04        1.010559e-23
               73600        2.029050e-04        1.010559e-23
               73700        1.950420e-04        8.625858e-24
               73800        1.915450e-04        8.625858e-24
               73900        1.938520e-04        6.890730e-24
               74000        1.915180e-04        6.890730e-24
               74100        1.915280e-04        5.998333e-24
               74200        1.838070e-04        5.998470e-24
               74300        1.886510e-04        5.070505e-24
               74400        1.870380e-04        5.070505e-24
               74500        1.891190e-04        4.486364e-24
               74600        1.988010e-04        4.486321e-24
               74700        1.976350e-04        3.832422e-24
               74800        1.982690e-04        3.832422e-24
               74900        2.032640e-04        3.513342e-24
               75000        1.997760e-04        3.513342e-24
               75100        2.019750e-04        2.873432e-24
               75200        1.933670e-04        2.873432e-24
               75300        1.878340e-04        2.610446e-24
               75400        1.887260e-04        2.610446e-24
               75500        1.891650e-04        2.568655e-24
               75600        1.924260e-04        2.568655e-24
               75700        1.885190e-04        2.450558e-24
               75800        1.900770e-04        2.450558e-24
               75900        1.894860e-04        2.234665e-24
               76000        1.875180e-04        2.234982e-24
               76100        1.848050e-04        2.079178e-24
               76200        1.862600e-04        2.079178e-24
               76300        1.898160e-04        1.907697e-24
               76400        1.872630e-04        1.907697e-24
               76500        1.857700e-04        1.703948e-24
               76600        1.857950e-04        1.703948e-24
               76700        1.921510e-04        1.719274e-24
               76800        2.179870e-04        1.719326e-24
               76900        1.966380e-04        1.590297e-24
               77000        2.107670e-04        1.590291e-24
               77100        1.871000e-04        1.520074e-24
               77200        1.924200e-04        1.520074e-24
               77300        1.934630e-04        1.397606e-24
               77400        1.939070e-04        1.397606e-24
               77500        1.934210e-04        1.470283e-24
               77600        1.916620e-04        1.470283e-24
               77700        2.095110e-04        1.516877e-24
               77800        1.918640e-04        1.516717e-24
               77900        1.919050e-04        1.519554e-24
               78000        1.863330e-04        1.519554e-24
               78100        1.877330e-04        1.511837e-24
               78200        1.903100e-04        1.511837e-24
               78300        1.639150e-04        1.348705e-24
               78400        1.758060e-04        1.348705e-24
               78500        1.801890e-04        1.212530e-24
               78600        1.755950e-04        1.212115e-24
               78700        1.765900e-04        1.185446e-24
               78800        1.955650e-04        1.185446e-24
               78900        1.676660e-04        1.136171e-24
               79000        1.848110e-04        1.136171e-24
               79100        1.952370e-04        1.125829e-24
               79200        2.357250e-04        1.125868e-24
               79300        2.356910e-04        1.156735e-24
               79400        2.025010e-04        1.156735e-24
               79500        1.831790e-04        1.101226e-24
               79600        1.848470e-04        1.101226e-24
               79700        1.845380e-04        1.127936e-24
               79800        1.826200e-04        1.149626e-24
               79900        1.895800e-04        1.149626e-24
               80000        1.872190e-04        1.075045e-24
               80100        1.896260e-04        1.075045e-24
               80200        1.925350e-04        1.091187e-24
               80300        1.939410e-04        1.091187e-24
               80400        1.874380e-04        1.075451e-24
               80500        1.909550e-04        1.075440e-24
               80600        1.860000e-04        1.084698e-24
               80700        1.899560e-04        1.084608e-24
               80800        1.876290e-04        1.056137e-24
               80900        2.177520e-04        1.056137e-24
               81000        2.071210e-04        1.149389e-24
               81100        2.085180e-04        1.149229e-24
               81200        1.909120e-04        1.159926e-24
               81300        1.905570e-04        1.159926e-24
               81400        1.911290e-04        1.100326e-24
               81500        1.870070e-04        1.100326e-24
               81600        1.943300e-04        1.024208e-24
               81700        1.951610e-04        1.024208e-24
               81800        1.904630e-04        1.085764e-24
               81900        1.906970e-04        1.009975e-24
               82000        1.969680e-04        1.009975e-24
               82100        1.875900e-04        1.022304e-24
               82200        1.855780e-04        1.022308e-24
               82300        1.867730e-04        1.195112e-24
               82400        1.878280e-04        1.195202e-24
               82500        1.870980e-04        1.116961e-24
               82600        1.862400e-04        1.116961e-24
               82700        1.870390e-04        1.073215e-24
               82800        1.998350e-04        1.073215e-24
               82900        1.903470e-04        1.174883e-24
               83000        2.544270e-04        1.174883e-24
               83100        1.888540e-04        1.093371e-24
               83200        1.872210e-04        1.093371e-24
               83300        1.870640e-04        1.189629e-24
               83400        1.945510e-04        1.189678e-24
               83500        1.885690e-04        1.129513e-24
               83600        1.931060e-04        1.129513e-24
               83700        1.950630e-04        1.103968e-24
               83800        1.979370e-04        1.103968e-24
               83900        1.947380e-04        1.090377e-24
               84000        2.145970e-04        1.090377e-24
               84100        1.971960e-04        1.123897e-24
               84200        1.933320e-04        1.123885e-24
               84300        1.985590e-04        1.044199e-24
               84400        1.964870e-04        1.044247e-24
               84500        1.896530e-04        1.057306e-24
               84600        1.919810e-04        1.057253e-24
               84700        1.874140e-04        1.047943e-24
               84800        1.987640e-04        1.047943e-24
               84900        2.221040e-04        1.164802e-24
               85000        1.995220e-04        1.164802e-24
               85100        1.846710e-04        1.167522e-24
               85200        1.874680e-04        1.167463e-24
               85300        1.867440e-04        1.174004e-24
               85400        1.961370e-04        1.174011e-24
               85500        1.859220e-04        1.074412e-24
               85600        1.809260e-04        1.074412e-24
               85700        1.833450e-04        1.057673e-24
               85800        1.863870e-04        1.057673e-24
               85900        1.865360e-04        9.732241e-25
               86000        1.844470e-04        9.732241e-25
               86100        1.890940e-04        9.653382e-25
               86200        1.971230e-04        9.653382e-25
               86300        1.842070e-04        1.024891e-24
               86400        1.887100e-04        1.024900e-24
               86500        1.882070e-04        1.062318e-24
               86600        1.934940e-04        1.062318e-24
               86700        2.050950e-04        9.908847e-25
               86800        1.999050e-04        9.908847e-25
               86900        1.989790e-04        9.840309e-25
               87000        2.166800e-04        9.964076e-25
               87100        1.975290e-04        9.691199e-25
               87200        1.955530e-04        1.041728e-24
               87300        1.971120e-04        1.041728e-24
               87400        1.999550e-04        1.027200e-24
               87500        1.964130e-04        1.027200e-24
               87600        1.952080e-04        1.094246e-24
               87700        1.947910e-04        1.094246e-24
               87800        1.900120e-04        1.009330e-24
               87900        1.902570e-04        1.009330e-24
               88000        1.952310e-04        1.000210e-24
               88100        1.918000e-04        1.000190e-24
               88200        1.949810e-04        1.001434e-24
               88300        1.855990e-04        1.001434e-24
               88400        1.920710e-04        1.132865e-24
               88500        1.873250e-04        1.132865e-24
               88600        2.042500e-04        1.086230e-24
               88700        1.908540e-04        1.086230e-24
               88800        1.916530e-04        1.077839e-24
               88900        1.876460e-04        1.077927e-24
               89000        1.910590e-04        1.137039e-24
               89100        1.911210e-04        1.137039e-24
               89200        1.956130e-04        1.096534e-24
               89300        1.919180e-04        1.096534e-24
               89400        1.879780e-04        1.085485e-24
               89500        1.877490e-04        1.085485e-24
               89600        1.875720e-04        1.072120e-24
               89700        1.855780e-04        1.072298e-24
               89800        1.889100e-04        1.086735e-24
               89900        2.020490e-04        1.086735e-24
               90000        1.918490e-04        1.111410e-24
               90100        1.884160e-04        1.111410e-24
               90200        1.905110e-04        1.119959e-24
               90300        1.906730e-04        1.119959e-24
               90400        1.916540e-04        1.114924e-24
               90500        1.911380e-04        1.114994e-24
               90600        1.926910e-04        1.076493e-24
               90700        2.474100e-04        1.076477e-24
               90800        1.991090e-04        1.080386e-24
               90900        1.891220e-04        1.080386e-24
               91000        1.894060e-04        1.116483e-24
               91100        1.913730e-04        1.116483e-24
               91200        1.880830e-04        1.150431e-24
               91300        1.956100e-04        1.150431e-24
               91400        1.959080e-04        1.229442e-24
               91500        1.866610e-04        1.229442e-24
               91600        1.863960e-04        1.176811e-24
               91700        1.916840e-04        1.176767e-24
               91800        1.851120e-04        1.153958e-24
               91900        1.896610e-04        1.153958e-24
               92000        1.867600e-04        1.093683e-24
               92100        1.902980e-04        1.093683e-24
               92200        1.908840e-04        1.036459e-24
               92300        1.897820e-04        1.036459e-24
               92400        1.970090e-04        1.016924e-24
               92500        2.037230e-04        1.016928e-24
               92600        2.960080e-04        9.980696e-25
               92700        1.934810e-04        9.980696e-25
               92800        1.949990e-04        1.107529e-24
               92900        1.968100e-04        1.107529e-24
               93000        1.904710e-04        1.136077e-24
               93100        1.899870e-04        1.136077e-24
               93200        1.911960e-04        1.117058e-24
               93300        1.982960e-04        1.117000e-24
               93400        1.888970e-04        1.016991e-24
               93500        1.913260e-04        1.016948e-24
               93600        1.902160e-04        9.986525e-25
               93700        1.873230e-04        9.986525e-25
               93800        1.933080e-04        9.922173e-25
               93900        1.927830e-04        9.922173e-25
               94000        1.919900e-04        9.924410e-25
               94100        1.917450e-04        9.924193e-25
               94200        1.947670e-04        9.879515e-25
               94300        1.901160e-04        9.879140e-25
               94400        1.974290e-04        9.654863e-25
               94500        1.913500e-04        9.654863e-25
               94600        1.941900e-04        1.030218e-24
               94700        2.236080e-04        1.030189e-24
               94800        2.649900e-04        9.682966e-25
               94900        2.060980e-04        9.682966e-25
               95000        1.905170e-04        9.459488e-25
               95100        1.901280e-04        9.459488e-25
               95200        1.918180e-04        8.227539e-25
               95300        1.867140e-04        8.227539e-25
               95400        1.995910e-04        8.550712e-25
               95500        1.969250e-04        8.550712e-25
               95600        1.944830e-04        8.235968e-25
               95700        1.950310e-04        8.236037e-25
               95800        1.967260e-04        8.748547e-25
               95900        1.982500e-04        8.748326e-25
               96000        1.917130e-04        9.087220e-25
               96100        1.874660e-04        9.087220e-25
               96200        1.938940e-04        1.016803e-24
               96300        2.386600e-04        1.016803e-24
               96400        1.944880e-04        1.001322e-24
               96500        1.956040e-04        1.001322e-24
               96600        1.868480e-04        9.466917e-25
               96700        1.835990e-04        9.466917e-25
               96800        1.829480e-04        9.817169e-25
               96900        1.871470e-04        9.585943e-25
               97000        1.855270e-04        9.586022e-25
               97100        1.897250e-04        8.869998e-25
               97200        2.135590e-04        8.869998e-25
               97300        1.918080e-04        9.032938e-25
               97400        1.925980e-04        9.032938e-25
               97500        1.925920e-04        9.364787e-25
               97600        1.942470e-04        9.363950e-25
               97700        1.906930e-04        9.750344e-25
               97800        1.869850e-04        9.750344e-25
               97900        1.909230e-04        1.112085e-24
               98000        1.884470e-04        1.112085e-24
               98100        2.058090e-04        1.104646e-24
               98200        1.969950e-04        1.104646e-24
               98300        2.085720e-04        1.158299e-24
               98400        1.811170e-04        1.158199e-24
               98500        1.889710e-04        1.199290e-24
               98600        1.867720e-04        1.199290e-24
               98700        1.831990e-04        1.199290e-24
               98800        1.845540e-04        1.124215e-24
               98900        1.825150e-04        1.105689e-24
               99000        1.782330e-04        1.105689e-24
               99100        1.760190e-04        1.095793e-24
               99200        1.676270e-04        1.095793e-24
               99300        1.744210e-04        1.003088e-24
               99400        1.736610e-04        1.003088e-24
               99500        1.694940e-04        1.129951e-24
               99600        1.729530e-04        1.130353e-24
               99700        1.714350e-04        1.081168e-24
               99800        1.698210e-04        1.081447e-24
               99900        1.714040e-04        1.070379e-24
              100000        1.728450e-04        1.070379e-24
