Period: 100
               Epoch           Time cost                Loss
                 100        1.211080e-04        1.083673e+05
                 200        8.946900e-05        7.915087e+04
                 300        1.469560e-04        8.272371e+04
                 400        1.424970e-04        6.278302e+04
                 500        1.119820e-04        6.278302e+04
                 600        1.165920e-04        6.278302e+04
                 700        1.300500e-04        6.278302e+04
                 800        1.388840e-04        6.278302e+04
                 900        1.265790e-04        6.278302e+04
                1000        9.994100e-05        4.042810e+04
                1100        1.318120e-04        4.042810e+04
                1200        1.378220e-04        4.042810e+04
                1300        1.370700e-04        4.081082e+04
                1400        1.296580e-04        2.808820e+04
                1500        8.457100e-05        2.808844e+04
                1600        1.332890e-04        2.808797e+04
                1700        1.322960e-04        2.808797e+04
                1800        1.222130e-04        2.308220e+04
                1900        1.288090e-04        2.308235e+04
                2000        1.271900e-04        2.308232e+04
                2100        1.232120e-04        2.308220e+04
                2200        1.383780e-04        1.469979e+04
                2300        1.173500e-04        1.469984e+04
                2400        1.331800e-04        1.470027e+04
                2500        1.696320e-04        1.469979e+04
                2600        1.177690e-04        1.469979e+04
                2700        1.297280e-04        7.647911e+03
                2800        1.310630e-04        7.646628e+03
                2900        1.297510e-04        7.648228e+03
                3000        1.244710e-04        7.441062e+03
                3100        1.215510e-04        5.826497e+03
                3200        1.266880e-04        5.826546e+03
                3300        1.277840e-04        5.826546e+03
                3400        1.345110e-04        5.826497e+03
                3500        1.255640e-04        4.382714e+03
                3600        1.336840e-04        4.382714e+03
                3700        1.343320e-04        4.382720e+03
                3800        1.147070e-04        4.382714e+03
                3900        1.294120e-04        3.246403e+03
                4000        1.310540e-04        3.246632e+03
                4100        1.331180e-04        3.246632e+03
                4200        1.267410e-04        3.246632e+03
                4300        1.268350e-04        1.805746e+03
                4400        1.410270e-04        1.814629e+03
                4500        1.258040e-04        1.814537e+03
                4600        1.369150e-04        1.814152e+03
                4700        1.559690e-04        1.405822e+03
                4800        1.286990e-04        1.405822e+03
                4900        1.408900e-04        1.405822e+03
                5000        1.256400e-04        1.405822e+03
                5100        1.297320e-04        1.064067e+03
                5200        1.270720e-04        1.064067e+03
                5300        1.419910e-04        1.064067e+03
                5400        1.330150e-04        1.064067e+03
                5500        8.795900e-05        7.491879e+02
                5600        1.270910e-04        7.491879e+02
                5700        1.273050e-04        7.491877e+02
                5800        8.872900e-05        7.491878e+02
                5900        1.287230e-04        7.491879e+02
                6000        1.259060e-04        7.491877e+02
                6100        1.338420e-04        3.979236e+02
                6200        1.291030e-04        4.012834e+02
                6300        1.310960e-04        4.013201e+02
                6400        1.303950e-04        3.979243e+02
                6500        1.235920e-04        2.904260e+02
                6600        1.265980e-04        2.904304e+02
                6700        1.212950e-04        2.904304e+02
                6800        1.476670e-04        2.904259e+02
                6900        1.664410e-04        2.904304e+02
                7000        1.342550e-04        1.456274e+02
                7100        1.564520e-04        1.456274e+02
                7200        1.276600e-04        1.498643e+02
                7300        1.217580e-04        1.498519e+02
                7400        1.321790e-04        1.038516e+02
                7500        1.364340e-04        1.038612e+02
                7600        1.619080e-04        1.038523e+02
                7700        1.305560e-04        1.038496e+02
                7800        1.285290e-04        7.996995e+01
                7900        1.265470e-04        7.997017e+01
                8000        1.276810e-04        7.996238e+01
                8100        1.272480e-04        7.996238e+01
                8200        9.615800e-05        6.727743e+01
                8300        1.335730e-04        6.727773e+01
                8400        1.240950e-04        6.727743e+01
                8500        1.367950e-04        6.728098e+01
                8600        1.334850e-04        4.150182e+01
                8700        1.244640e-04        4.150182e+01
                8800        1.331270e-04        4.150182e+01
                8900        1.219900e-04        4.150182e+01
                9000        1.200210e-04        3.144391e+01
                9100        1.297740e-04        3.144383e+01
                9200        1.293600e-04        3.144383e+01
                9300        1.256570e-04        3.144391e+01
                9400        7.876400e-05        2.539334e+01
                9500        1.276040e-04        2.539326e+01
                9600        1.207800e-04        2.539334e+01
                9700        1.315040e-04        2.539334e+01
                9800        1.307150e-04        1.894497e+01
                9900        1.577530e-04        1.894543e+01
               10000        1.321730e-04        1.894543e+01
               10100        1.221000e-04        1.894512e+01
               10200        1.236530e-04        1.205024e+01
               10300        8.622400e-05        1.205097e+01
               10400        1.251480e-04        1.205024e+01
               10500        1.304650e-04        1.205024e+01
               10600        1.232880e-04        9.444153e+00
               10700        1.243210e-04        9.444153e+00
               10800        1.223560e-04        9.444153e+00
               10900        1.281180e-04        9.444153e+00
               11000        1.281730e-04        7.710220e+00
               11100        1.339300e-04        7.710220e+00
               11200        1.403110e-04        7.710220e+00
               11300        1.339500e-04        7.710220e+00
               11400        1.308440e-04        5.458110e+00
               11500        1.566050e-04        5.458110e+00
               11600        1.253660e-04        5.458110e+00
               11700        1.453200e-04        5.315854e+00
               11800        1.399800e-04        3.657651e+00
               11900        1.494930e-04        3.657072e+00
               12000        1.338930e-04        3.658389e+00
               12100        1.453010e-04        3.658389e+00
               12200        1.359640e-04        3.657651e+00
               12300        1.457510e-04        1.460700e+00
               12400        1.363700e-04        1.460713e+00
               12500        1.477520e-04        1.478064e+00
               12600        1.402050e-04        1.460696e+00
               12700        1.486050e-04        1.194531e+00
               12800        1.479050e-04        1.194528e+00
               12900        1.705900e-04        1.194528e+00
               13000        1.575440e-04        1.194528e+00
               13100        1.594130e-04        7.193796e-01
               13200        1.824670e-04        7.195011e-01
               13300        1.590680e-04        7.194290e-01
               13400        1.646550e-04        4.935762e-01
               13500        1.489120e-04        4.935273e-01
               13600        1.623060e-04        4.935434e-01
               13700        1.514440e-04        4.935273e-01
               13800        1.665690e-04        3.705118e-01
               13900        1.641500e-04        3.705118e-01
               14000        1.869150e-04        3.705118e-01
               14100        1.775130e-04        3.705118e-01
               14200        1.532700e-04        2.818928e-01
               14300        1.749620e-04        2.818928e-01
               14400        1.733910e-04        2.818928e-01
               14500        1.644220e-04        2.818928e-01
               14600        1.143140e-04        2.209099e-01
               14700        1.968760e-04        2.209099e-01
               14800        1.625670e-04        2.209106e-01
               14900        1.078730e-04        2.209106e-01
               15000        1.704550e-04        1.244075e-01
               15100        1.223590e-04        1.244437e-01
               15200        1.761160e-04        1.243711e-01
               15300        1.912250e-04        1.181923e-01
               15400        1.830610e-04        6.964424e-02
               15500        1.758840e-04        6.966597e-02
               15600        1.704180e-04        6.966154e-02
               15700        1.846940e-04        4.623592e-02
               15800        1.780160e-04        4.623589e-02
               15900        1.963030e-04        4.623589e-02
               16000        1.818120e-04        4.623589e-02
               16100        1.813650e-04        2.477680e-02
               16200        2.064450e-04        2.478400e-02
               16300        1.821760e-04        2.477287e-02
               16400        2.010430e-04        2.409363e-02
               16500        1.867590e-04        1.813925e-02
               16600        2.169680e-04        1.813925e-02
               16700        1.925110e-04        1.813925e-02
               16800        1.788330e-04        1.813925e-02
               16900        2.057750e-04        9.529971e-03
               17000        1.820410e-04        9.506412e-03
               17100        2.154530e-04        9.527677e-03
               17200        2.083360e-04        9.528441e-03
               17300        1.799240e-04        7.595931e-03
               17400        2.073540e-04        7.595931e-03
               17500        1.699940e-04        7.595931e-03
               17600        2.160760e-04        7.595931e-03
               17700        1.860880e-04        7.595931e-03
               17800        2.377960e-04        4.644116e-03
               17900        2.130070e-04        4.606058e-03
               18000        1.607120e-04        4.643164e-03
               18100        2.199560e-04        4.643485e-03
               18200        1.930640e-04        3.750857e-03
               18300        2.215510e-04        3.750857e-03
               18400        2.176230e-04        3.751124e-03
               18500        1.738260e-04        3.751124e-03
               18600        2.334060e-04        3.203534e-03
               18700        1.939370e-04        3.203844e-03
               18800        1.802130e-04        3.203476e-03
               18900        2.415520e-04        3.203476e-03
               19000        2.285080e-04        3.203476e-03
               19100        1.736020e-04        1.532361e-03
               19200        2.310950e-04        1.532360e-03
               19300        1.915900e-04        1.531978e-03
               19400        2.172040e-04        1.057204e-03
               19500        2.419330e-04        1.057204e-03
               19600        1.796380e-04        1.057204e-03
               19700        2.335950e-04        1.057204e-03
               19800        2.370250e-04        8.841374e-04
               19900        1.825360e-04        8.841415e-04
               20000        2.464770e-04        8.841342e-04
               20100        2.495720e-04        8.841342e-04
               20200        2.164020e-04        6.151893e-04
               20300        2.441260e-04        6.151882e-04
               20400        1.935670e-04        6.151882e-04
               20500        2.352380e-04        6.151882e-04
               20600        2.418910e-04        5.161846e-04
               20700        1.857310e-04        5.161846e-04
               20800        2.440480e-04        5.161846e-04
               20900        2.436040e-04        5.161846e-04
               21000        2.446200e-04        3.812586e-04
               21100        2.584620e-04        3.812586e-04
               21200        1.970220e-04        3.812586e-04
               21300        2.637070e-04        3.812588e-04
               21400        2.586050e-04        2.983612e-04
               21500        1.879250e-04        2.983607e-04
               21600        2.646550e-04        2.983607e-04
               21700        2.592280e-04        2.983603e-04
               21800        2.431560e-04        2.103558e-04
               21900        2.380240e-04        2.103450e-04
               22000        1.973980e-04        2.103444e-04
               22100        2.497360e-04        2.103635e-04
               22200        2.002180e-04        1.661626e-04
               22300        2.437090e-04        1.661626e-04
               22400        2.646970e-04        1.661610e-04
               22500        2.005750e-04        1.661610e-04
               22600        2.572560e-04        1.256968e-04
               22700        2.267550e-04        1.256968e-04
               22800        2.467510e-04        1.256968e-04
               22900        2.544530e-04        1.256968e-04
               23000        1.922980e-04        8.596274e-05
               23100        2.510350e-04        8.596274e-05
               23200        2.607060e-04        8.596274e-05
               23300        1.990790e-04        8.596559e-05
               23400        2.651550e-04        6.072252e-05
               23500        2.526050e-04        6.072238e-05
               23600        2.304780e-04        6.073060e-05
               23700        2.522320e-04        6.073060e-05
               23800        2.198230e-04        4.014164e-05
               23900        2.673610e-04        4.014164e-05
               24000        2.592200e-04        4.013764e-05
               24100        1.946160e-04        4.013764e-05
               24200        2.615240e-04        4.013764e-05
               24300        2.540050e-04        2.332750e-05
               24400        1.669980e-04        2.333030e-05
               24500        2.415100e-04        2.275868e-05
               24600        2.521710e-04        2.275868e-05
               24700        1.983280e-04        1.838985e-05
               24800        2.495960e-04        1.838985e-05
               24900        2.788730e-04        1.838985e-05
               25000        2.090950e-04        1.838985e-05
               25100        2.635550e-04        1.393707e-05
               25200        2.686980e-04        1.393612e-05
               25300        3.445420e-04        1.393612e-05
               25400        2.692540e-04        1.393612e-05
               25500        2.756370e-04        1.061553e-05
               25600        2.049430e-04        1.061566e-05
               25700        2.508390e-04        1.061566e-05
               25800        1.975510e-04        1.061566e-05
               25900        2.701570e-04        8.103622e-06
               26000        2.548770e-04        8.103622e-06
               26100        2.118230e-04        8.103622e-06
               26200        2.687040e-04        8.103622e-06
               26300        2.523510e-04        4.883442e-06
               26400        2.027410e-04        4.883522e-06
               26500        2.608140e-04        4.883922e-06
               26600        2.648390e-04        4.799769e-06
               26700        2.341970e-04        3.597976e-06
               26800        2.724640e-04        3.597766e-06
               26900        2.069750e-04        3.597976e-06
               27000        2.750680e-04        3.597976e-06
               27100        2.595950e-04        2.649242e-06
               27200        2.805540e-04        2.649242e-06
               27300        1.997750e-04        2.649242e-06
               27400        2.164000e-04        2.649242e-06
               27500        1.913670e-04        1.987735e-06
               27600        2.773820e-04        1.987728e-06
               27700        1.848640e-04        1.987735e-06
               27800        2.551590e-04        1.987735e-06
               27900        1.866360e-04        1.987735e-06
               28000        2.639000e-04        8.878064e-07
               28100        1.849350e-04        8.876348e-07
               28200        2.548290e-04        8.880166e-07
               28300        1.761550e-04        6.279826e-07
               28400        2.498650e-04        6.279826e-07
               28500        1.749840e-04        6.279826e-07
               28600        2.451950e-04        6.279826e-07
               28700        1.781450e-04        6.279826e-07
               28800        2.586240e-04        3.746620e-07
               28900        1.772610e-04        3.746551e-07
               29000        2.456700e-04        3.745913e-07
               29100        1.708160e-04        2.712089e-07
               29200        2.506450e-04        2.712087e-07
               29300        1.752880e-04        2.712089e-07
               29400        2.432180e-04        2.712356e-07
               29500        1.805960e-04        2.408343e-07
               29600        2.480320e-04        2.408384e-07
               29700        1.770250e-04        2.407630e-07
               29800        2.571000e-04        2.407630e-07
               29900        1.760140e-04        2.408384e-07
               30000        1.900660e-04        1.164727e-07
               30100        1.919650e-04        1.184031e-07
               30200        1.761100e-04        1.184669e-07
               30300        1.672690e-04        1.184716e-07
               30400        1.944520e-04        1.048609e-07
               30500        2.174530e-04        1.048609e-07
               30600        1.993100e-04        1.048609e-07
               30700        2.443260e-04        1.048609e-07
               30800        1.822490e-04        8.013901e-08
               30900        1.694940e-04        8.014058e-08
               31000        1.855270e-04        8.014058e-08
               31100        2.168310e-04        8.015223e-08
               31200        2.135990e-04        6.081047e-08
               31300        1.719530e-04        6.081051e-08
               31400        2.262300e-04        6.081051e-08
               31500        2.140800e-04        6.081051e-08
               31600        1.716390e-04        4.416556e-08
               31700        2.319210e-04        4.416556e-08
               31800        2.246770e-04        4.416556e-08
               31900        1.736970e-04        4.416556e-08
               32000        2.116620e-04        3.626915e-08
               32100        1.880580e-04        3.626915e-08
               32200        1.810970e-04        3.626109e-08
               32300        1.271040e-04        3.626109e-08
               32400        1.597240e-04        2.908509e-08
               32500        2.307500e-04        2.908509e-08
               32600        1.654350e-04        2.908509e-08
               32700        2.209740e-04        2.908509e-08
               32800        1.616530e-04        2.354108e-08
               32900        2.195990e-04        2.354108e-08
               33000        1.642000e-04        2.354108e-08
               33100        1.349350e-04        2.354108e-08
               33200        2.310070e-04        1.343128e-08
               33300        1.614290e-04        1.320644e-08
               33400        2.343690e-04        1.343174e-08
               33500        2.128720e-04        1.343325e-08
               33600        1.816250e-04        1.170570e-08
               33700        2.052500e-04        1.170570e-08
               33800        1.792780e-04        1.170570e-08
               33900        2.180950e-04        1.170570e-08
               34000        1.938980e-04        8.345356e-09
               34100        2.035000e-04        8.346107e-09
               34200        1.218140e-04        8.345356e-09
               34300        1.678160e-04        8.345356e-09
               34400        1.292310e-04        6.476811e-09
               34500        1.686240e-04        6.476811e-09
               34600        1.904520e-04        6.476811e-09
               34700        1.931580e-04        6.476811e-09
               34800        2.203160e-04        5.264917e-09
               34900        1.254770e-04        5.264917e-09
               35000        1.693970e-04        5.264942e-09
               35100        1.814210e-04        5.264942e-09
               35200        1.815810e-04        3.954872e-09
               35300        1.910920e-04        3.955182e-09
               35400        1.957030e-04        3.955182e-09
               35500        1.864590e-04        3.955710e-09
               35600        1.869820e-04        2.631658e-09
               35700        1.181280e-04        2.631658e-09
               35800        1.720830e-04        2.631658e-09
               35900        1.781370e-04        2.631658e-09
               36000        1.579610e-04        1.930015e-09
               36100        1.864010e-04        1.930015e-09
               36200        1.735060e-04        1.930015e-09
               36300        1.918810e-04        1.930015e-09
               36400        1.904700e-04        1.556769e-09
               36500        1.930490e-04        1.556769e-09
               36600        1.758100e-04        1.556769e-09
               36700        1.684790e-04        1.556769e-09
               36800        1.993040e-04        1.086361e-09
               36900        1.669870e-04        1.086368e-09
               37000        1.850780e-04        1.086368e-09
               37100        1.769570e-04        1.086368e-09
               37200        1.239050e-04        8.638528e-10
               37300        1.963250e-04        8.638719e-10
               37400        1.634560e-04        8.638719e-10
               37500        1.818780e-04        8.638719e-10
               37600        1.870950e-04        8.638719e-10
               37700        1.150420e-04        5.327278e-10
               37800        1.844690e-04        5.325370e-10
               37900        1.130700e-04        5.328555e-10
               38000        1.725300e-04        4.826725e-10
               38100        1.920640e-04        2.834924e-10
               38200        1.859320e-04        2.834729e-10
               38300        1.766020e-04        2.834059e-10
               38400        1.720320e-04        2.578011e-10
               38500        1.802470e-04        1.640858e-10
               38600        1.804860e-04        1.640999e-10
               38700        1.886080e-04        1.640896e-10
               38800        1.856440e-04        1.502833e-10
               38900        1.780750e-04        1.087064e-10
               39000        1.880130e-04        1.087144e-10
               39100        1.691300e-04        1.087039e-10
               39200        1.763000e-04        9.420554e-11
               39300        1.387840e-04        6.602510e-11
               39400        1.878070e-04        6.602248e-11
               39500        1.338110e-04        6.602454e-11
               39600        1.837110e-04        5.878908e-11
               39700        1.383490e-04        4.273234e-11
               39800        1.869410e-04        4.273017e-11
               39900        1.403100e-04        4.273371e-11
               40000        1.975790e-04        3.260359e-11
               40100        1.394590e-04        2.592354e-11
               40200        1.899860e-04        2.591460e-11
               40300        1.874770e-04        2.593797e-11
               40400        1.867540e-04        1.852725e-11
               40500        1.826890e-04        1.488033e-11
               40600        1.909440e-04        1.487615e-11
               40700        1.819290e-04        1.487609e-11
               40800        1.515390e-04        8.586535e-12
               40900        1.452030e-04        8.586535e-12
               41000        1.316440e-04        8.550702e-12
               41100        1.045060e-04        8.550702e-12
               41200        1.437040e-04        4.728605e-12
               41300        1.449820e-04        4.727187e-12
               41400        1.442870e-04        4.728822e-12
               41500        1.370100e-04        4.335151e-12
               41600        1.724390e-04        2.790621e-12
               41700        1.449200e-04        2.790489e-12
               41800        1.708310e-04        2.791249e-12
               41900        1.377000e-04        2.428555e-12
               42000        1.451010e-04        1.787134e-12
               42100        1.495300e-04        1.787273e-12
               42200        1.480590e-04        1.787151e-12
               42300        9.292000e-05        1.372965e-12
               42400        1.507930e-04        1.174059e-12
               42500        1.467830e-04        1.174062e-12
               42600        1.152780e-04        1.174141e-12
               42700        1.536600e-04        7.594164e-13
               42800        1.617190e-04        5.821854e-13
               42900        1.552200e-04        5.821854e-13
               43000        1.662850e-04        5.821854e-13
               43100        1.605850e-04        3.167831e-13
               43200        1.449520e-04        3.127997e-13
               43300        1.564480e-04        3.127997e-13
               43400        1.096650e-04        2.911627e-13
               43500        1.418040e-04        2.104896e-13
               43600        1.608210e-04        2.104678e-13
               43700        1.539710e-04        1.324906e-13
               43800        1.577710e-04        9.552329e-14
               43900        1.080400e-04        9.709536e-14
               44000        1.611800e-04        9.552329e-14
               44100        1.611300e-04        4.635821e-14
               44200        1.599100e-04        4.572502e-14
               44300        1.599100e-04        2.543291e-14
               44400        1.679820e-04        2.498411e-14
               44500        1.499570e-04        2.318565e-14
               44600        1.281570e-04        2.318565e-14
               44700        1.494370e-04        1.819581e-14
               44800        1.004610e-04        1.820188e-14
               44900        1.577920e-04        1.076993e-14
               45000        1.092770e-04        1.077407e-14
               45100        1.710190e-04        9.958768e-15
               45200        2.110330e-04        6.277628e-15
               45300        9.883100e-05        6.272545e-15
               45400        1.575850e-04        5.126190e-15
               45500        1.588820e-04        3.137884e-15
               45600        1.658870e-04        3.136885e-15
               45700        9.722900e-05        3.133538e-15
               45800        1.573370e-04        2.457982e-15
               45900        1.458100e-04        2.046395e-15
               46000        1.590990e-04        2.046423e-15
               46100        1.675710e-04        2.025334e-15
               46200        1.124580e-04        1.217953e-15
               46300        1.797010e-04        1.218021e-15
               46400        1.704170e-04        1.010610e-15
               46500        1.678050e-04        6.211643e-16
               46600        1.591060e-04        6.211594e-16
               46700        1.784700e-04        3.871722e-16
               46800        1.723420e-04        3.437200e-16
               46900        1.162860e-04        2.036509e-16
               47000        1.584570e-04        2.036593e-16
               47100        1.635600e-04        2.051750e-16
               47200        1.277320e-04        1.246005e-16
               47300        1.723340e-04        1.245688e-16
               47400        1.644790e-04        9.975160e-17
               47500        1.688400e-04        7.416301e-17
               47600        1.523790e-04        7.415889e-17
               47700        1.648410e-04        4.328364e-17
               47800        1.498960e-04        4.328620e-17
               47900        1.031970e-04        4.277927e-17
               48000        1.610060e-04        2.445351e-17
               48100        1.562100e-04        2.445680e-17
               48200        1.670810e-04        1.864077e-17
               48300        1.578140e-04        1.395388e-17
               48400        1.762100e-04        1.395284e-17
               48500        1.666890e-04        9.174896e-18
               48600        1.654020e-04        7.976746e-18
               48700        1.636150e-04        5.617644e-18
               48800        1.705690e-04        5.617727e-18
               48900        1.713170e-04        5.571870e-18
               49000        1.951590e-04        3.646719e-18
               49100        1.811580e-04        3.645636e-18
               49200        1.730420e-04        3.213716e-18
               49300        1.235370e-04        2.758580e-18
               49400        1.773380e-04        1.720486e-18
               49500        1.633020e-04        1.720184e-18
               49600        1.709460e-04        1.341436e-18
               49700        1.120260e-04        9.517439e-19
               49800        1.636910e-04        9.516230e-19
               49900        1.661530e-04        9.516230e-19
               50000        1.619740e-04        4.925865e-19
               50100        1.054820e-04        3.920871e-19
               50200        1.666450e-04        2.203188e-19
               50300        1.610220e-04        2.202927e-19
               50400        1.741690e-04        1.975551e-19
               50500        1.745360e-04        1.138174e-19
               50600        1.671450e-04        1.138327e-19
               50700        1.749120e-04        7.864992e-20
               50800        1.629710e-04        7.010038e-20
               50900        1.676260e-04        4.777837e-20
               51000        1.571760e-04        4.777682e-20
               51100        1.615790e-04        4.711472e-20
               51200        1.181060e-04        3.157161e-20
               51300        1.650300e-04        1.753945e-20
               51400        1.342840e-04        1.755544e-20
               51500        1.640670e-04        1.516115e-20
               51600        1.710040e-04        9.722734e-21
               51700        1.394970e-04        5.735586e-21
               51800        1.736390e-04        5.735586e-21
               51900        1.851520e-04        6.884946e-21
               52000        1.662300e-04        5.534541e-21
               52100        1.786030e-04        3.051413e-21
               52200        1.830040e-04        3.051287e-21
               52300        1.677410e-04        3.024611e-21
               52400        1.695120e-04        2.280373e-21
               52500        1.676010e-04        1.656002e-21
               52600        1.623810e-04        1.654786e-21
               52700        1.706620e-04        1.378231e-21
               52800        1.498870e-04        8.837356e-22
               52900        1.630680e-04        6.903431e-22
               53000        1.735290e-04        6.390813e-22
               53100        1.483970e-04        6.390856e-22
               53200        1.719190e-04        6.348220e-22
               53300        1.812750e-04        3.710696e-22
               53400        1.776530e-04        3.711874e-22
               53500        1.817010e-04        3.652279e-22
               53600        1.688220e-04        2.475436e-22
               53700        1.667500e-04        1.574211e-22
               53800        1.854100e-04        1.573523e-22
               53900        1.776620e-04        1.331931e-22
               54000        1.788010e-04        9.042129e-23
               54100        2.004570e-04        7.742565e-23
               54200        1.739230e-04        3.942183e-23
               54300        1.913700e-04        3.899363e-23
               54400        1.850810e-04        3.899363e-23
               54500        1.887680e-04        3.474659e-23
               54600        1.845160e-04        1.930161e-23
               54700        1.948550e-04        1.929845e-23
               54800        1.922240e-04        1.307198e-23
               54900        1.812170e-04        8.189001e-24
               55000        1.833970e-04        8.193503e-24
               55100        1.849930e-04        6.925452e-24
               55200        1.094840e-04        3.356769e-24
               55300        1.753560e-04        3.356111e-24
               55400        1.748280e-04        2.617742e-24
               55500        1.927630e-04        2.285804e-24
               55600        1.795600e-04        1.645905e-24
               55700        1.911640e-04        1.645536e-24
               55800        1.291380e-04        1.624556e-24
               55900        1.727790e-04        1.175909e-24
               56000        1.834970e-04        8.325199e-25
               56100        1.635790e-04        8.323226e-25
               56200        1.125750e-04        6.996331e-25
               56300        1.752100e-04        4.810012e-25
               56400        1.725720e-04        3.536978e-25
               56500        1.701880e-04        3.536978e-25
               56600        1.784120e-04        3.714990e-25
               56700        1.415040e-04        3.478461e-25
               56800        1.719550e-04        2.457428e-25
               56900        1.899890e-04        2.459013e-25
               57000        2.097170e-04        2.464757e-25
               57100        1.726280e-04        2.122152e-25
               57200        1.083690e-04        1.822027e-25
               57300        1.780580e-04        1.819040e-25
               57400        1.833540e-04        1.797748e-25
               57500        1.787110e-04        1.731569e-25
               57600        1.725250e-04        1.830020e-25
               57700        1.254470e-04        1.834341e-25
               57800        1.648400e-04        1.854464e-25
               57900        1.785670e-04        1.864043e-25
               58000        1.385470e-04        1.730565e-25
               58100        1.886600e-04        1.730758e-25
               58200        1.324340e-04        1.722488e-25
               58300        1.819670e-04        1.662019e-25
               58400        1.365030e-04        1.648304e-25
               58500        1.914850e-04        1.648646e-25
               58600        1.370140e-04        1.567421e-25
               58700        1.179170e-04        1.373219e-25
               58800        1.877720e-04        1.373345e-25
               58900        1.320000e-04        1.445396e-25
               59000        1.936890e-04        1.416988e-25
               59100        1.327990e-04        1.288158e-25
               59200        1.730850e-04        1.320064e-25
               59300        1.909430e-04        1.319846e-25
               59400        1.712670e-04        1.319453e-25
               59500        1.664350e-04        1.447486e-25
               59600        1.860280e-04        1.446914e-25
               59700        1.398810e-04        1.464619e-25
               59800        1.881920e-04        1.549206e-25
               59900        1.297090e-04        1.599848e-25
               60000        1.794590e-04        1.599051e-25
               60100        1.375700e-04        1.463683e-25
               60200        1.852150e-04        1.382802e-25
               60300        1.462480e-04        1.318419e-25
               60400        2.108660e-04        1.319134e-25
               60500        1.355850e-04        1.246812e-25
               60600        1.991170e-04        1.205815e-25
               60700        1.384090e-04        1.205815e-25
               60800        1.844470e-04        1.246812e-25
               60900        1.681860e-04        1.422193e-25
               61000        1.699660e-04        1.435592e-25
               61100        1.862150e-04        1.462706e-25
               61200        1.702520e-04        1.462422e-25
               61300        1.689290e-04        1.583855e-25
               61400        1.581370e-04        1.584759e-25
               61500        1.683100e-04        1.637707e-25
               61600        1.730790e-04        1.637627e-25
               61700        1.746600e-04        1.772766e-25
               61800        1.826380e-04        1.765102e-25
               61900        1.846920e-04        1.540177e-25
               62000        1.817640e-04        1.540072e-25
               62100        1.713080e-04        1.522147e-25
               62200        1.821060e-04        1.528812e-25
               62300        1.702360e-04        1.582666e-25
               62400        1.743510e-04        1.582666e-25
               62500        1.717720e-04        1.457393e-25
               62600        1.781040e-04        1.457204e-25
               62700        1.711460e-04        1.473145e-25
               62800        1.669240e-04        1.472845e-25
               62900        1.926700e-04        1.576052e-25
               63000        1.759300e-04        1.571675e-25
               63100        1.703110e-04        1.596945e-25
               63200        1.884840e-04        1.596922e-25
               63300        1.768620e-04        1.377221e-25
               63400        1.867870e-04        1.376942e-25
               63500        1.218210e-04        1.291829e-25
               63600        1.788260e-04        1.292011e-25
               63700        1.957130e-04        1.418407e-25
               63800        2.015180e-04        1.417918e-25
               63900        1.649700e-04        1.319364e-25
               64000        1.528020e-04        1.319255e-25
               64100        1.813440e-04        1.375452e-25
               64200        1.768070e-04        1.375452e-25
               64300        1.846840e-04        1.392490e-25
               64400        2.695980e-04        1.392406e-25
               64500        1.863920e-04        1.774018e-25
               64600        1.938020e-04        1.772848e-25
               64700        1.701250e-04        1.777348e-25
               64800        1.654150e-04        1.777225e-25
               64900        1.746350e-04        1.626806e-25
               65000        1.679510e-04        1.625652e-25
               65100        1.690230e-04        1.564076e-25
               65200        1.698450e-04        1.564303e-25
               65300        1.839780e-04        1.471148e-25
               65400        1.783530e-04        1.472850e-25
               65500        1.620330e-04        1.531962e-25
               65600        1.856960e-04        1.531997e-25
               65700        1.672040e-04        1.392756e-25
               65800        1.126680e-04        1.392756e-25
               65900        1.938220e-04        1.385580e-25
               66000        1.623150e-04        1.385148e-25
               66100        1.841010e-04        1.371218e-25
               66200        1.642280e-04        1.370507e-25
               66300        1.936680e-04        1.348631e-25
               66400        1.732550e-04        1.347515e-25
               66500        1.753800e-04        1.539959e-25
               66600        1.728960e-04        1.538405e-25
               66700        1.987090e-04        1.533138e-25
               66800        1.734430e-04        1.533836e-25
               66900        2.084540e-04        1.572810e-25
               67000        1.945130e-04        1.572585e-25
               67100        1.758620e-04        1.528865e-25
               67200        1.908350e-04        1.528613e-25
               67300        1.750860e-04        1.476184e-25
               67400        1.674740e-04        1.478185e-25
               67500        1.780110e-04        1.546248e-25
               67600        1.717020e-04        1.546248e-25
               67700        1.146470e-04        1.755130e-25
               67800        1.905050e-04        1.755130e-25
               67900        1.690350e-04        1.692214e-25
               68000        1.562430e-04        1.692214e-25
               68100        1.736080e-04        1.692214e-25
               68200        1.753910e-04        1.538358e-25
               68300        1.811950e-04        1.538358e-25
               68400        1.702930e-04        1.530613e-25
               68500        1.613200e-04        1.629904e-25
               68600        1.836730e-04        1.630631e-25
               68700        1.599480e-04        1.588658e-25
               68800        1.344430e-04        1.553457e-25
               68900        1.704100e-04        1.554676e-25
               69000        1.749010e-04        1.337008e-25
               69100        1.739720e-04        1.337008e-25
               69200        1.652910e-04        1.337008e-25
               69300        2.011000e-04        1.456180e-25
               69400        1.631140e-04        1.456180e-25
               69500        1.631490e-04        1.450951e-25
               69600        1.675880e-04        1.511806e-25
               69700        1.754020e-04        1.511834e-25
               69800        1.714970e-04        1.557244e-25
               69900        1.821890e-04        1.662385e-25
               70000        1.828960e-04        1.662561e-25
               70100        1.372340e-04        1.621627e-25
               70200        1.171870e-04        1.585588e-25
               70300        1.785510e-04        1.678474e-25
               70400        1.800070e-04        1.679565e-25
               70500        1.599930e-04        1.715344e-25
               70600        1.728730e-04        1.774564e-25
               70700        1.695660e-04        1.774588e-25
               70800        1.694090e-04        1.614604e-25
               70900        1.776740e-04        1.614407e-25
               71000        1.433740e-04        1.531680e-25
               71100        1.739880e-04        1.507409e-25
               71200        1.951350e-04        1.510225e-25
               71300        1.361410e-04        1.510164e-25
               71400        1.848750e-04        1.552543e-25
               71500        1.658150e-04        1.552830e-25
               71600        1.213450e-04        1.582716e-25
               71700        1.699970e-04        1.581662e-25
               71800        1.874870e-04        1.685899e-25
               71900        1.641570e-04        1.686096e-25
               72000        1.755680e-04        1.601947e-25
               72100        1.671240e-04        1.601780e-25
               72200        1.770890e-04        1.643338e-25
               72300        1.777990e-04        1.645757e-25
               72400        1.190370e-04        1.801398e-25
               72500        1.871250e-04        1.801233e-25
               72600        1.753180e-04        1.924090e-25
               72700        1.624990e-04        1.933695e-25
               72800        1.743710e-04        1.863152e-25
               72900        1.946430e-04        1.863349e-25
               73000        1.836850e-04        1.863152e-25
               73100        1.689150e-04        1.487450e-25
               73200        1.367560e-04        1.484137e-25
               73300        1.668690e-04        1.547121e-25
               73400        1.816680e-04        1.444288e-25
               73500        1.614250e-04        1.444353e-25
               73600        1.841950e-04        1.300395e-25
               73700        1.711940e-04        1.434722e-25
               73800        1.718980e-04        1.435420e-25
               73900        1.638780e-04        1.517385e-25
               74000        1.959250e-04        1.517480e-25
               74100        1.195440e-04        1.287585e-25
               74200        1.693850e-04        1.258968e-25
               74300        1.778190e-04        1.199396e-25
               74400        1.636770e-04        1.200098e-25
               74500        1.964890e-04        1.120607e-25
               74600        1.345470e-04        1.120607e-25
               74700        1.857080e-04        1.183945e-25
               74800        1.335220e-04        1.184012e-25
               74900        1.838470e-04        1.154084e-25
               75000        1.451920e-04        1.154009e-25
               75100        1.866780e-04        1.154009e-25
               75200        1.399610e-04        1.508606e-25
               75300        1.987920e-04        1.508122e-25
               75400        1.322410e-04        1.621261e-25
               75500        1.968500e-04        1.621190e-25
               75600        2.122150e-04        1.421528e-25
               75700        1.310520e-04        1.421528e-25
               75800        1.812670e-04        1.391305e-25
               75900        1.517100e-04        1.391305e-25
               76000        1.939980e-04        1.514414e-25
               76100        1.289730e-04        1.514522e-25
               76200        1.812890e-04        1.541638e-25
               76300        1.376500e-04        1.541638e-25
               76400        1.924020e-04        1.577032e-25
               76500        1.324580e-04        1.577032e-25
               76600        1.803230e-04        1.551459e-25
               76700        1.360090e-04        1.536474e-25
               76800        1.854320e-04        1.551459e-25
               76900        1.793650e-04        1.280622e-25
               77000        1.710370e-04        1.288957e-25
               77100        1.753340e-04        1.296045e-25
               77200        1.659690e-04        1.153208e-25
               77300        1.051220e-04        1.152842e-25
               77400        1.904680e-04        1.207088e-25
               77500        2.043430e-04        1.284826e-25
               77600        1.759920e-04        1.284846e-25
               77700        1.805930e-04        1.303821e-25
               77800        1.633780e-04        1.417017e-25
               77900        1.711690e-04        1.416476e-25
               78000        1.715620e-04        1.618036e-25
               78100        1.787440e-04        1.617904e-25
               78200        1.732780e-04        1.617978e-25
               78300        1.752410e-04        1.477990e-25
               78400        2.004290e-04        1.476235e-25
               78500        1.744050e-04        1.390990e-25
               78600        1.720610e-04        1.520891e-25
               78700        1.861030e-04        1.520267e-25
               78800        1.621100e-04        1.520891e-25
               78900        1.744840e-04        1.637887e-25
               79000        1.695240e-04        1.590340e-25
               79100        1.794120e-04        1.586203e-25
               79200        1.688870e-04        1.528497e-25
               79300        1.934450e-04        1.528497e-25
               79400        1.714730e-04        1.519855e-25
               79500        1.626500e-04        1.820832e-25
               79600        1.760340e-04        1.820832e-25
               79700        1.672430e-04        1.598708e-25
               79800        1.887560e-04        1.611031e-25
               79900        1.801560e-04        1.598708e-25
               80000        1.682220e-04        1.400860e-25
               80100        1.922650e-04        1.426281e-25
               80200        1.392440e-04        1.614923e-25
               80300        1.942840e-04        1.614994e-25
               80400        1.342960e-04        1.807481e-25
               80500        2.206100e-04        1.807481e-25
               80600        1.466410e-04        1.815156e-25
               80700        1.811580e-04        1.815046e-25
               80800        1.557160e-04        1.848799e-25
               80900        1.860650e-04        1.916370e-25
               81000        1.859770e-04        1.917586e-25
               81100        1.419050e-04        1.985702e-25
               81200        1.889230e-04        1.611788e-25
               81300        1.866950e-04        1.614124e-25
               81400        1.818220e-04        1.729672e-25
               81500        1.776470e-04        1.816868e-25
               81600        1.689680e-04        1.816868e-25
               81700        1.695440e-04        1.817656e-25
               81800        1.704880e-04        1.452437e-25
               81900        1.790680e-04        1.453173e-25
               82000        1.758340e-04        1.452490e-25
               82100        1.770590e-04        1.452490e-25
               82200        1.907960e-04        1.367018e-25
               82300        1.720230e-04        1.365672e-25
               82400        1.610930e-04        1.330836e-25
               82500        1.828910e-04        1.331188e-25
               82600        1.623540e-04        1.465167e-25
               82700        1.741520e-04        1.465616e-25
               82800        1.647630e-04        1.393203e-25
               82900        1.768000e-04        1.393284e-25
               83000        1.639930e-04        1.380922e-25
               83100        1.944780e-04        1.380986e-25
               83200        1.674920e-04        1.376708e-25
               83300        1.143010e-04        1.376566e-25
               83400        1.877070e-04        1.285095e-25
               83500        1.890790e-04        1.284995e-25
               83600        1.919020e-04        1.425640e-25
               83700        1.128360e-04        1.425830e-25
               83800        1.802280e-04        1.424656e-25
               83900        1.830490e-04        1.424851e-25
               84000        1.873390e-04        1.509280e-25
               84100        1.813160e-04        1.509112e-25
               84200        1.908260e-04        1.535681e-25
               84300        1.692340e-04        1.535681e-25
               84400        2.020320e-04        1.577020e-25
               84500        1.961850e-04        1.577020e-25
               84600        1.345070e-04        1.384155e-25
               84700        1.911110e-04        1.383729e-25
               84800        1.367240e-04        1.390965e-25
               84900        1.873130e-04        1.390965e-25
               85000        1.338290e-04        1.390965e-25
               85100        2.302560e-04        1.390965e-25
               85200        1.340400e-04        1.361474e-25
               85300        1.957960e-04        1.361474e-25
               85400        1.420500e-04        1.375625e-25
               85500        1.935330e-04        1.375625e-25
               85600        1.970090e-04        1.565940e-25
               85700        1.813320e-04        1.565940e-25
               85800        1.744610e-04        1.565940e-25
               85900        1.899650e-04        1.554705e-25
               86000        1.713310e-04        1.393452e-25
               86100        1.755650e-04        1.393683e-25
               86200        1.852680e-04        1.393673e-25
               86300        1.706090e-04        1.409515e-25
               86400        1.755070e-04        1.588526e-25
               86500        1.660220e-04        1.587435e-25
               86600        1.806020e-04        1.555288e-25
               86700        1.728770e-04        1.579858e-25
               86800        1.970450e-04        1.558443e-25
               86900        1.931760e-04        1.557353e-25
               87000        1.674610e-04        1.558321e-25
               87100        1.686180e-04        1.529545e-25
               87200        1.463450e-04        1.636375e-25
               87300        1.665110e-04        1.635699e-25
               87400        1.795840e-04        1.636197e-25
               87500        1.665040e-04        1.477745e-25
               87600        1.719260e-04        1.439115e-25
               87700        1.693630e-04        1.439314e-25
               87800        1.851440e-04        1.438853e-25
               87900        1.500430e-04        1.570378e-25
               88000        1.877670e-04        1.570378e-25
               88100        1.831390e-04        1.570378e-25
               88200        2.018420e-04        1.564689e-25
               88300        1.708180e-04        1.971108e-25
               88400        1.743800e-04        1.971108e-25
               88500        1.700520e-04        1.971108e-25
               88600        1.851840e-04        1.971108e-25
               88700        1.774060e-04        1.742297e-25
               88800        1.780560e-04        1.742297e-25
               88900        1.718630e-04        1.742297e-25
               89000        1.781050e-04        1.742297e-25
               89100        1.352870e-04        1.804042e-25
               89200        1.701080e-04        1.804656e-25
               89300        1.718820e-04        1.804593e-25
               89400        1.739880e-04        1.804245e-25
               89500        1.483580e-04        1.814148e-25
               89600        1.699460e-04        1.814148e-25
               89700        1.535550e-04        1.814148e-25
               89800        1.847560e-04        1.814148e-25
               89900        1.495000e-04        1.814148e-25
               90000        2.049330e-04        1.691945e-25
               90100        1.823300e-04        1.691945e-25
               90200        1.948130e-04        1.678691e-25
               90300        1.770150e-04        1.678869e-25
               90400        1.792300e-04        1.528207e-25
               90500        1.829270e-04        1.528207e-25
               90600        1.780170e-04        1.528207e-25
               90700        1.752240e-04        1.528207e-25
               90800        1.722490e-04        1.572231e-25
               90900        1.764340e-04        1.572231e-25
               91000        1.515910e-04        1.572231e-25
               91100        1.801930e-04        1.572231e-25
               91200        1.641100e-04        1.427852e-25
               91300        1.446520e-04        1.427852e-25
               91400        1.647230e-04        1.427852e-25
               91500        1.536540e-04        1.427852e-25
               91600        1.632710e-04        1.402337e-25
               91700        1.663100e-04        1.402337e-25
               91800        1.436680e-04        1.402337e-25
               91900        1.662400e-04        1.402337e-25
               92000        1.504550e-04        1.402337e-25
               92100        1.838420e-04        1.474634e-25
               92200        1.399470e-04        1.512982e-25
               92300        1.693670e-04        1.476660e-25
               92400        1.764130e-04        1.512982e-25
               92500        1.628280e-04        1.482818e-25
               92600        1.710020e-04        1.458731e-25
               92700        1.099890e-04        1.483219e-25
               92800        1.641640e-04        1.482940e-25
               92900        1.699790e-04        1.457015e-25
               93000        1.749560e-04        1.457015e-25
               93100        1.085140e-04        1.456833e-25
               93200        1.690780e-04        1.456833e-25
               93300        1.083470e-04        1.604489e-25
               93400        1.702270e-04        1.604363e-25
               93500        1.056920e-04        1.604489e-25
               93600        1.750030e-04        1.604489e-25
               93700        1.543130e-04        1.538784e-25
               93800        1.129090e-04        1.538768e-25
               93900        1.795320e-04        1.538784e-25
               94000        1.657560e-04        1.538784e-25
               94100        1.432950e-04        1.538784e-25
               94200        1.626060e-04        1.385496e-25
               94300        1.486350e-04        1.376079e-25
               94400        1.599200e-04        1.385349e-25
               94500        1.444500e-04        1.385349e-25
               94600        1.747440e-04        1.285635e-25
               94700        1.458030e-04        1.285635e-25
               94800        1.623280e-04        1.285635e-25
               94900        1.036760e-04        1.285635e-25
               95000        1.629400e-04        1.431655e-25
               95100        1.702480e-04        1.431655e-25
               95200        1.652730e-04        1.431655e-25
               95300        1.710210e-04        1.431655e-25
               95400        1.654230e-04        1.723196e-25
               95500        1.730690e-04        1.723196e-25
               95600        1.479660e-04        1.723196e-25
               95700        1.485760e-04        1.723196e-25
               95800        1.543220e-04        1.723196e-25
               95900        1.754760e-04        1.683527e-25
               96000        1.369600e-04        1.683405e-25
               96100        1.597660e-04        1.684013e-25
               96200        1.391190e-04        1.490230e-25
               96300        1.560790e-04        1.493157e-25
               96400        1.578440e-04        1.490339e-25
               96500        1.605690e-04        1.490230e-25
               96600        1.574550e-04        1.742882e-25
               96700        1.572960e-04        1.731758e-25
               96800        1.504010e-04        1.740839e-25
               96900        1.693870e-04        1.740353e-25
               97000        1.517090e-04        2.100685e-25
               97100        1.361070e-04        2.122951e-25
               97200        1.667900e-04        2.123107e-25
               97300        1.533140e-04        2.123107e-25
               97400        1.481320e-04        1.794229e-25
               97500        1.514670e-04        1.794229e-25
               97600        1.508230e-04        1.794426e-25
               97700        1.512170e-04        1.794426e-25
               97800        1.517460e-04        1.794229e-25
               97900        1.509850e-04        1.727704e-25
               98000        1.396770e-04        1.747538e-25
               98100        1.436580e-04        1.747330e-25
               98200        1.403700e-04        1.747425e-25
               98300        1.421900e-04        1.837853e-25
               98400        1.341470e-04        1.837612e-25
               98500        1.503900e-04        1.838018e-25
               98600        1.469380e-04        1.838018e-25
               98700        1.329670e-04        1.462163e-25
               98800        9.113500e-05        1.462163e-25
               98900        8.568300e-05        1.462163e-25
               99000        8.775200e-05        1.462163e-25
               99100        8.510200e-05        1.462163e-25
               99200        8.580800e-05        1.488034e-25
               99300        8.617100e-05        1.492225e-25
               99400        8.606800e-05        1.486889e-25
               99500        8.512500e-05        1.487076e-25
               99600        8.510700e-05        1.492225e-25
               99700        8.670600e-05        1.488034e-25
               99800        8.404100e-05        1.486889e-25
               99900        8.822400e-05        1.675967e-25
              100000        8.624200e-05        1.675967e-25
