Period: 100
               Epoch           Time cost                Loss
                 100        5.089560e-04        3.586322e+05
                 200        2.921300e-04        3.586322e+05
                 300        2.871590e-04        3.586322e+05
                 400        2.903100e-04        3.586322e+05
                 500        2.851470e-04        2.932374e+05
                 600        3.052030e-04        2.932374e+05
                 700        4.269570e-04        2.932374e+05
                 800        2.920420e-04        2.932374e+05
                 900        2.854520e-04        2.612253e+05
                1000        2.813340e-04        2.612277e+05
                1100        2.618920e-04        2.612253e+05
                1200        2.896780e-04        2.608990e+05
                1300        2.792940e-04        1.914176e+05
                1400        2.565750e-04        1.912889e+05
                1500        2.796940e-04        1.914194e+05
                1600        2.794940e-04        1.783202e+05
                1700        1.736690e-04        1.783202e+05
                1800        2.775930e-04        1.783202e+05
                1900        1.546110e-04        1.783202e+05
                2000        2.479880e-04        1.486868e+05
                2100        1.593350e-04        1.486868e+05
                2200        2.367570e-04        1.486868e+05
                2300        1.961430e-04        1.486868e+05
                2400        2.603730e-04        1.282441e+05
                2500        2.492010e-04        1.282441e+05
                2600        2.857780e-04        1.282441e+05
                2700        2.532870e-04        1.282516e+05
                2800        2.851740e-04        1.089521e+05
                2900        1.836200e-04        1.089591e+05
                3000        2.069710e-04        1.089516e+05
                3100        1.880180e-04        1.089516e+05
                3200        2.945550e-04        1.089591e+05
                3300        1.869840e-04        8.531460e+04
                3400        2.790570e-04        8.531640e+04
                3500        1.866930e-04        8.531708e+04
                3600        1.933650e-04        7.229938e+04
                3700        2.846114e-03        7.229938e+04
                3800        2.193329e-03        7.229938e+04
                3900        1.227998e-03        7.229938e+04
                4000        1.891232e-03        5.000757e+04
                4100        1.534095e-03        5.000752e+04
                4200        1.401344e-03        5.000776e+04
                4300        1.175783e-03        4.211456e+04
                4400        1.275977e-03        4.211456e+04
                4500        8.770010e-04        4.211456e+04
                4600        8.293540e-04        4.773138e+04
                4700        9.707380e-04        3.391292e+04
                4800        9.738280e-04        3.391291e+04
                4900        1.055249e-03        3.391340e+04
                5000        9.027260e-04        3.013233e+04
                5100        5.677980e-04        2.668521e+04
                5200        6.767910e-04        2.667741e+04
                5300        5.973630e-04        2.668695e+04
                5400        5.630950e-04        2.549052e+04
                5500        9.049960e-04        2.517750e+04
                5600        6.927990e-04        2.516816e+04
                5700        5.087380e-04        2.517317e+04
                5800        8.113150e-04        1.806089e+04
                5900        7.301250e-04        1.458357e+04
                6000        4.687930e-04        1.458478e+04
                6100        4.762920e-04        1.230247e+04
                6200        5.804920e-04        1.230225e+04
                6300        4.519800e-04        1.116335e+04
                6400        4.513300e-04        1.116335e+04
                6500        5.431660e-04        1.116326e+04
                6600        4.074140e-04        1.116326e+04
                6700        4.569150e-04        1.116326e+04
                6800        4.080280e-04        8.744401e+03
                6900        5.551700e-04        8.741489e+03
                7000        3.784600e-04        8.741301e+03
                7100        5.201620e-04        8.610710e+03
                7200        3.892750e-04        6.895947e+03
                7300        5.299540e-04        6.892070e+03
                7400        3.521320e-04        6.894844e+03
                7500        5.022950e-04        6.731967e+03
                7600        3.949580e-04        5.246029e+03
                7700        5.795640e-04        5.245312e+03
                7800        3.518320e-04        4.980967e+03
                7900        4.994960e-04        4.094414e+03
                8000        3.449570e-04        4.095324e+03
                8100        4.914020e-04        4.095327e+03
                8200        3.220980e-04        4.094414e+03
                8300        4.394390e-04        3.694710e+03
                8400        3.231030e-04        2.627380e+03
                8500        4.564350e-04        2.441012e+03
                8600        3.150760e-04        2.203181e+03
                8700        4.267780e-04        2.140153e+03
                8800        3.315550e-04        2.140034e+03
                8900        4.050200e-04        1.841205e+03
                9000        4.494700e-04        1.585842e+03
                9100        3.296890e-04        1.517842e+03
                9200        4.511340e-04        1.184340e+03
                9300        4.407490e-04        1.132776e+03
                9400        4.031580e-04        1.122751e+03
                9500        4.513920e-04        9.138511e+02
                9600        4.448650e-04        8.768868e+02
                9700        3.237380e-04        7.080734e+02
                9800        3.233430e-04        7.052032e+02
                9900        4.038280e-04        6.412664e+02
               10000        2.925830e-04        5.294356e+02
               10100        3.252180e-04        4.111291e+02
               10200        2.925170e-04        3.862016e+02
               10300        3.138940e-04        3.746868e+02
               10400        3.848630e-04        2.943771e+02
               10500        2.673060e-04        2.778813e+02
               10600        2.642850e-04        2.347999e+02
               10700        3.592700e-04        2.137429e+02
               10800        2.664940e-04        2.120760e+02
               10900        2.707560e-04        1.775704e+02
               11000        3.559190e-04        1.371535e+02
               11100        2.727960e-04        1.353872e+02
               11200        2.656710e-04        1.357618e+02
               11300        3.559780e-04        1.216612e+02
               11400        2.794440e-04        9.692398e+01
               11500        2.632290e-04        9.353731e+01
               11600        2.505410e-04        8.993092e+01
               11700        3.492300e-04        6.935310e+01
               11800        2.541130e-04        6.486145e+01
               11900        3.201270e-04        5.125045e+01
               12000        2.737010e-04        5.122386e+01
               12100        2.703890e-04        5.124659e+01
               12200        3.533420e-04        4.930830e+01
               12300        2.713920e-04        4.179513e+01
               12400        2.459530e-04        4.180452e+01
               12500        5.304980e-04        4.179453e+01
               12600        3.002100e-04        3.773714e+01
               12700        2.278680e-04        3.205012e+01
               12800        3.595630e-04        3.205168e+01
               12900        3.379890e-04        3.206309e+01
               13000        3.416580e-04        2.943866e+01
               13100        2.279560e-04        2.543212e+01
               13200        3.351520e-04        2.160983e+01
               13300        3.294860e-04        1.941899e+01
               13400        2.461320e-04        1.934971e+01
               13500        3.682410e-04        1.941859e+01
               13600        2.463680e-04        1.718960e+01
               13700        3.612500e-04        1.500004e+01
               13800        2.435180e-04        1.499239e+01
               13900        3.372180e-04        1.498893e+01
               14000        2.469050e-04        1.356525e+01
               14100        3.074810e-04        1.218405e+01
               14200        2.566700e-04        1.218042e+01
               14300        3.513320e-04        1.219322e+01
               14400        2.340950e-04        1.054621e+01
               14500        3.269530e-04        9.750875e+00
               14600        2.332000e-04        9.748212e+00
               14700        3.008170e-04        9.748982e+00
               14800        2.617020e-04        8.038502e+00
               14900        3.395760e-04        7.567068e+00
               15000        2.684610e-04        7.546818e+00
               15100        4.515750e-04        7.563113e+00
               15200        2.375660e-04        6.311566e+00
               15300        3.348200e-04        5.837412e+00
               15400        2.287840e-04        5.837900e+00
               15500        2.331820e-04        5.837495e+00
               15600        2.701640e-04        5.188301e+00
               15700        2.193850e-04        5.085290e+00
               15800        3.277390e-04        4.263039e+00
               15900        2.290110e-04        4.259328e+00
               16000        3.027020e-04        4.271964e+00
               16100        2.230040e-04        4.271964e+00
               16200        3.251120e-04        3.300157e+00
               16300        2.092440e-04        3.332885e+00
               16400        2.178190e-04        3.336142e+00
               16500        2.076940e-04        3.325525e+00
               16600        3.178940e-04        2.937940e+00
               16700        2.369250e-04        2.938103e+00
               16800        3.034870e-04        2.938103e+00
               16900        2.146680e-04        2.938103e+00
               17000        2.901960e-04        2.421805e+00
               17100        2.526160e-04        2.421805e+00
               17200        2.727160e-04        2.421824e+00
               17300        1.720660e-04        2.407641e+00
               17400        2.060420e-04        1.800575e+00
               17500        3.214850e-04        1.800396e+00
               17600        2.355290e-04        1.793979e+00
               17700        2.942160e-04        1.703054e+00
               17800        2.152270e-04        1.542950e+00
               17900        3.340390e-04        1.542545e+00
               18000        2.846960e-04        1.543191e+00
               18100        2.502860e-04        1.313937e+00
               18200        1.795990e-04        1.069160e+00
               18300        2.068400e-04        1.067551e+00
               18400        3.044120e-04        9.644378e-01
               18500        2.014460e-04        8.739468e-01
               18600        2.862040e-04        7.889311e-01
               18700        2.014150e-04        7.845562e-01
               18800        2.740700e-04        6.575280e-01
               18900        2.012560e-04        5.837909e-01
               19000        2.627020e-04        5.503381e-01
               19100        2.764510e-04        5.487857e-01
               19200        2.449070e-04        4.218500e-01
               19300        2.591100e-04        3.833807e-01
               19400        2.419230e-04        3.519372e-01
               19500        2.437520e-04        3.515324e-01
               19600        1.911800e-04        2.571730e-01
               19700        2.781960e-04        2.364081e-01
               19800        1.962760e-04        2.242112e-01
               19900        3.050050e-04        2.243107e-01
               20000        1.914400e-04        2.242112e-01
               20100        2.586060e-04        1.551910e-01
               20200        3.001960e-04        1.430763e-01
               20300        2.024050e-04        1.385648e-01
               20400        2.025370e-04        1.394478e-01
               20500        2.034480e-04        1.013032e-01
               20600        1.802620e-04        9.343794e-02
               20700        2.613940e-04        7.760934e-02
               20800        2.462910e-04        7.498785e-02
               20900        2.024750e-04        7.498766e-02
               21000        2.076560e-04        7.494714e-02
               21100        2.181980e-04        5.313480e-02
               21200        2.221120e-04        5.216082e-02
               21300        2.468270e-04        3.997829e-02
               21400        2.075580e-04        3.997377e-02
               21500        2.114390e-04        3.950379e-02
               21600        2.110230e-04        3.950379e-02
               21700        2.226750e-04        3.179092e-02
               21800        1.970110e-04        2.521271e-02
               21900        2.761920e-04        2.521319e-02
               22000        2.516710e-04        2.521318e-02
               22100        2.731220e-04        2.521318e-02
               22200        2.677990e-04        2.169013e-02
               22300        1.985660e-04        2.169011e-02
               22400        2.373820e-04        2.169055e-02
               22500        2.104410e-04        2.169033e-02
               22600        1.584530e-04        2.169055e-02
               22700        1.910780e-04        1.698936e-02
               22800        2.874640e-04        1.672059e-02
               22900        2.486960e-04        1.699612e-02
               23000        2.934160e-04        1.699179e-02
               23100        2.663530e-04        1.427073e-02
               23200        3.465640e-04        1.427074e-02
               23300        2.942290e-04        1.427074e-02
               23400        2.952780e-04        1.427074e-02
               23500        2.605460e-04        1.215033e-02
               23600        2.641030e-04        1.214750e-02
               23700        2.730990e-04        1.214750e-02
               23800        2.565500e-04        1.215033e-02
               23900        2.621280e-04        9.621459e-03
               24000        2.430490e-04        9.617591e-03
               24100        2.769040e-04        9.308488e-03
               24200        2.399880e-04        9.308420e-03
               24300        2.691220e-04        8.482075e-03
               24400        2.628230e-04        8.483703e-03
               24500        2.472520e-04        7.383927e-03
               24600        2.721610e-04        7.383768e-03
               24700        2.554380e-04        6.756412e-03
               24800        2.611960e-04        6.755567e-03
               24900        2.338590e-04        5.307832e-03
               25000        2.304680e-04        5.307812e-03
               25100        2.379220e-04        4.796608e-03
               25200        2.323250e-04        4.699160e-03
               25300        2.463220e-04        3.689077e-03
               25400        2.801360e-04        3.689062e-03
               25500        2.846240e-04        3.418936e-03
               25600        3.301550e-04        3.419022e-03
               25700        2.547620e-04        3.220744e-03
               25800        2.320380e-04        3.220276e-03
               25900        2.562720e-04        2.530951e-03
               26000        2.316350e-04        2.531033e-03
               26100        2.525720e-04        2.670393e-03
               26200        2.543380e-04        2.670433e-03
               26300        2.852490e-04        2.246401e-03
               26400        2.411750e-04        2.246401e-03
               26500        2.792580e-04        2.220736e-03
               26600        2.416370e-04        2.220693e-03
               26700        2.866300e-04        1.861178e-03
               26800        2.656420e-04        1.861622e-03
               26900        2.445330e-04        1.789334e-03
               27000        2.566020e-04        1.789365e-03
               27100        2.445780e-04        1.613219e-03
               27200        1.693050e-04        1.613226e-03
               27300        2.790440e-04        1.431212e-03
               27400        2.454730e-04        1.431298e-03
               27500        2.254240e-04        1.360434e-03
               27600        2.051970e-04        1.360430e-03
               27700        2.481530e-04        1.019030e-03
               27800        2.073980e-04        1.019028e-03
               27900        2.778340e-04        7.802453e-04
               28000        2.138930e-04        7.743993e-04
               28100        2.945270e-04        7.636223e-04
               28200        2.281010e-04        6.452843e-04
               28300        4.056030e-04        6.451879e-04
               28400        1.899430e-04        6.137684e-04
               28500        2.378620e-04        6.137771e-04
               28600        2.166800e-04        4.960227e-04
               28700        2.715090e-04        4.961274e-04
               28800        2.492600e-04        4.350369e-04
               28900        2.727720e-04        4.350347e-04
               29000        2.477120e-04        4.021641e-04
               29100        2.367330e-04        4.021548e-04
               29200        2.054090e-04        3.343317e-04
               29300        2.264620e-04        3.343317e-04
               29400        2.224150e-04        2.933521e-04
               29500        2.093650e-04        2.933521e-04
               29600        2.198350e-04        2.933355e-04
               29700        2.860600e-04        2.933446e-04
               29800        2.451540e-04        2.312848e-04
               29900        2.266760e-04        2.313374e-04
               30000        2.881890e-04        2.189727e-04
               30100        2.703550e-04        2.189738e-04
               30200        2.303340e-04        1.746571e-04
               30300        2.295680e-04        1.746473e-04
               30400        2.410370e-04        1.554332e-04
               30500        3.235800e-04        1.554366e-04
               30600        2.510790e-04        1.392331e-04
               30700        2.015660e-04        1.392177e-04
               30800        3.190170e-04        1.111446e-04
               30900        2.012060e-04        1.111446e-04
               31000        2.726080e-04        1.111446e-04
               31100        2.383110e-04        8.687300e-05
               31200        2.720920e-04        8.689407e-05
               31300        2.539870e-04        8.631535e-05
               31400        2.882690e-04        8.631512e-05
               31500        2.387210e-04        7.359562e-05
               31600        2.927990e-04        7.358887e-05
               31700        2.491820e-04        7.303726e-05
               31800        2.339470e-04        7.304274e-05
               31900        2.782340e-04        5.914754e-05
               32000        2.533740e-04        5.918761e-05
               32100        2.853910e-04        5.124876e-05
               32200        2.730210e-04        5.124821e-05
               32300        2.132780e-04        4.622349e-05
               32400        2.739940e-04        4.622546e-05
               32500        2.541580e-04        3.618252e-05
               32600        1.670180e-04        3.618127e-05
               32700        1.921890e-04        3.618252e-05
               32800        2.755550e-04        2.886306e-05
               32900        2.376910e-04        2.898780e-05
               33000        2.528820e-04        2.870483e-05
               33100        2.481310e-04        2.870932e-05
               33200        2.123450e-04        2.337731e-05
               33300        2.657090e-04        2.337738e-05
               33400        2.535370e-04        2.223094e-05
               33500        3.076530e-04        2.223055e-05
               33600        2.585600e-04        1.836551e-05
               33700        3.126040e-04        1.836680e-05
               33800        2.279890e-04        1.576996e-05
               33900        2.018040e-04        1.576964e-05
               34000        2.685830e-04        1.487931e-05
               34100        2.528690e-04        1.487827e-05
               34200        2.784500e-04        1.167158e-05
               34300        2.473960e-04        1.167079e-05
               34400        2.351020e-04        9.077243e-06
               34500        2.843170e-04        9.077188e-06
               34600        1.876410e-04        8.631911e-06
               34700        2.749300e-04        7.610784e-06
               34800        1.937730e-04        7.612954e-06
               34900        2.869630e-04        7.614577e-06
               35000        1.980750e-04        6.317973e-06
               35100        2.561550e-04        6.317892e-06
               35200        1.944700e-04        6.542565e-06
               35300        2.244440e-04        5.641027e-06
               35400        2.035530e-04        5.641702e-06
               35500        1.967130e-04        5.621889e-06
               35600        2.084950e-04        5.621775e-06
               35700        2.754620e-04        4.424186e-06
               35800        2.455580e-04        4.422562e-06
               35900        2.746050e-04        4.293835e-06
               36000        2.607650e-04        4.293846e-06
               36100        2.552280e-04        3.615768e-06
               36200        2.200840e-04        3.616081e-06
               36300        2.599110e-04        3.282763e-06
               36400        2.356670e-04        3.282710e-06
               36500        2.935170e-04        2.893417e-06
               36600        2.463190e-04        2.893852e-06
               36700        2.353330e-04        2.072647e-06
               36800        2.690010e-04        2.072647e-06
               36900        2.915660e-04        1.847625e-06
               37000        2.738320e-04        1.847625e-06
               37100        2.369210e-04        1.534631e-06
               37200        2.756390e-04        1.436393e-06
               37300        2.469290e-04        1.436418e-06
               37400        2.957270e-04        1.436393e-06
               37500        2.499140e-04        1.436418e-06
               37600        2.215160e-04        1.270895e-06
               37700        2.709110e-04        1.270958e-06
               37800        2.384980e-04        1.270908e-06
               37900        2.537100e-04        1.270895e-06
               38000        2.416870e-04        1.083915e-06
               38100        2.823140e-04        1.083915e-06
               38200        2.313490e-04        9.256644e-07
               38300        2.901090e-04        9.256644e-07
               38400        2.428380e-04        8.185793e-07
               38500        2.362480e-04        8.185793e-07
               38600        2.905490e-04        7.325646e-07
               38700        2.015040e-04        7.325651e-07
               38800        2.708620e-04        6.835979e-07
               38900        2.090460e-04        6.835979e-07
               39000        2.755490e-04        6.250314e-07
               39100        2.050380e-04        6.250314e-07
               39200        2.836840e-04        5.586733e-07
               39300        3.018310e-04        5.586733e-07
               39400        2.454440e-04        4.997164e-07
               39500        3.415290e-04        4.997164e-07
               39600        2.648300e-04        4.401406e-07
               39700        2.320730e-04        4.401406e-07
               39800        2.701110e-04        3.982771e-07
               39900        2.517290e-04        3.982789e-07
               40000        2.770340e-04        3.969451e-07
               40100        2.478830e-04        3.319539e-07
               40200        2.422900e-04        3.319877e-07
               40300        2.612210e-04        3.317814e-07
               40400        2.462430e-04        3.270065e-07
               40500        2.771490e-04        2.832531e-07
               40600        2.486940e-04        2.832817e-07
               40700        2.508890e-04        2.832531e-07
               40800        2.768860e-04        1.942956e-07
               40900        2.379960e-04        2.101610e-07
               41000        2.621760e-04        1.942952e-07
               41100        2.657150e-04        1.723133e-07
               41200        2.445250e-04        1.723133e-07
               41300        2.745050e-04        1.723133e-07
               41400        2.616610e-04        1.443993e-07
               41500        2.545430e-04        1.441388e-07
               41600        2.485580e-04        1.152980e-07
               41700        2.585210e-04        1.152829e-07
               41800        2.209240e-04        1.152697e-07
               41900        2.711880e-04        1.128922e-07
               42000        3.520480e-04        9.631946e-08
               42100        2.303540e-04        9.631330e-08
               42200        2.471170e-04        9.632038e-08
               42300        2.160140e-04        7.652316e-08
               42400        2.212040e-04        7.652316e-08
               42500        2.166150e-04        7.652316e-08
               42600        2.887970e-04        8.102687e-08
               42700        1.789810e-04        6.715527e-08
               42800        2.725860e-04        6.716115e-08
               42900        2.106630e-04        6.703960e-08
               43000        2.079330e-04        5.651069e-08
               43100        1.951530e-04        5.649611e-08
               43200        2.389190e-04        5.652825e-08
               43300        2.279340e-04        5.425868e-08
               43400        2.374840e-04        4.977108e-08
               43500        2.202940e-04        4.976348e-08
               43600        2.749570e-04        4.977203e-08
               43700        2.402920e-04        3.881729e-08
               43800        2.439650e-04        3.882026e-08
               43900        2.190030e-04        3.870804e-08
               44000        2.434270e-04        2.979552e-08
               44100        2.153630e-04        2.978823e-08
               44200        2.471640e-04        2.977998e-08
               44300        2.241610e-04        2.798850e-08
               44400        2.409700e-04        2.578983e-08
               44500        2.483130e-04        2.576988e-08
               44600        2.600220e-04        2.579195e-08
               44700        2.413600e-04        2.214477e-08
               44800        2.440980e-04        2.146494e-08
               44900        2.287680e-04        2.214492e-08
               45000        2.453530e-04        2.146494e-08
               45100        2.245200e-04        1.784505e-08
               45200        2.499360e-04        1.786415e-08
               45300        2.164570e-04        1.786832e-08
               45400        2.544200e-04        1.661938e-08
               45500        2.160560e-04        1.440710e-08
               45600        2.631860e-04        1.440349e-08
               45700        2.096320e-04        1.441325e-08
               45800        2.628190e-04        1.221753e-08
               45900        2.257090e-04        1.043886e-08
               46000        2.691380e-04        1.043886e-08
               46100        2.160590e-04        9.249766e-09
               46200        2.519090e-04        9.249758e-09
               46300        2.183490e-04        7.549220e-09
               46400        2.547400e-04        7.552145e-09
               46500        2.162980e-04        6.747409e-09
               46600        2.559890e-04        6.747939e-09
               46700        2.192770e-04        6.357335e-09
               46800        2.468540e-04        6.357314e-09
               46900        2.254380e-04        5.327301e-09
               47000        1.985890e-04        4.714281e-09
               47100        2.247520e-04        4.714278e-09
               47200        2.259350e-04        4.714278e-09
               47300        2.634800e-04        4.714278e-09
               47400        2.291750e-04        4.186150e-09
               47500        1.947470e-04        4.186152e-09
               47600        2.833550e-04        4.186151e-09
               47700        1.908890e-04        4.186151e-09
               47800        2.756480e-04        3.782172e-09
               47900        2.378860e-04        3.782172e-09
               48000        3.207610e-04        3.353608e-09
               48100        2.214820e-04        3.353608e-09
               48200        2.443630e-04        3.034775e-09
               48300        1.966420e-04        3.034775e-09
               48400        2.432670e-04        2.571854e-09
               48500        2.774390e-04        2.571769e-09
               48600        2.270280e-04        1.978726e-09
               48700        2.336750e-04        1.978934e-09
               48800        2.678810e-04        1.977342e-09
               48900        2.205850e-04        1.865601e-09
               49000        2.524140e-04        1.570085e-09
               49100        2.628980e-04        1.568963e-09
               49200        2.660290e-04        1.569871e-09
               49300        3.063040e-04        1.568963e-09
               49400        3.058660e-04        1.260591e-09
               49500        2.180340e-04        1.260600e-09
               49600        3.512150e-04        1.230054e-09
               49700        3.888620e-04        1.193657e-09
               49800        2.412380e-04        9.991427e-10
               49900        3.365290e-04        9.990453e-10
               50000        2.975210e-04        9.993614e-10
               50100        2.321810e-04        7.945430e-10
               50200        3.398890e-04        7.945430e-10
               50300        2.251740e-04        7.882897e-10
               50400        3.413690e-04        6.258036e-10
               50500        2.338870e-04        6.251083e-10
               50600        4.135210e-04        6.256577e-10
               50700        2.461890e-04        5.408679e-10
               50800        3.053850e-04        4.311111e-10
               50900        2.875500e-04        4.285140e-10
               51000        2.266860e-04        4.305180e-10
               51100        3.238000e-04        3.512641e-10
               51200        2.409810e-04        3.512651e-10
               51300        3.438100e-04        3.451419e-10
               51400        3.588480e-04        3.158197e-10
               51500        2.480430e-04        3.158197e-10
               51600        2.923060e-04        2.379921e-10
               51700        3.396130e-04        2.383157e-10
               51800        2.398460e-04        2.369071e-10
               51900        3.537860e-04        2.368662e-10
               52000        3.459140e-04        1.972099e-10
               52100        2.394720e-04        1.972192e-10
               52200        3.322090e-04        1.915488e-10
               52300        2.465410e-04        1.915483e-10
               52400        2.300780e-04        1.622281e-10
               52500        3.246910e-04        1.621589e-10
               52600        2.275060e-04        1.428732e-10
               52700        3.500070e-04        1.428641e-10
               52800        2.305600e-04        1.396791e-10
               52900        3.480610e-04        1.396798e-10
               53000        3.455110e-04        1.080400e-10
               53100        2.241510e-04        1.080409e-10
               53200        3.310790e-04        9.363647e-11
               53300        2.430140e-04        9.363647e-11
               53400        3.163020e-04        7.220512e-11
               53500        2.620530e-04        7.227450e-11
               53600        3.440690e-04        7.220000e-11
               53700        2.878560e-04        6.872107e-11
               53800        2.584640e-04        6.281439e-11
               53900        2.272190e-04        6.281655e-11
               54000        3.309180e-04        5.026105e-11
               54100        2.223850e-04        5.026105e-11
               54200        3.041870e-04        5.379523e-11
               54300        2.252500e-04        4.366422e-11
               54400        3.236420e-04        4.366422e-11
               54500        2.227360e-04        3.847482e-11
               54600        2.314050e-04        3.847452e-11
               54700        2.213120e-04        3.254539e-11
               54800        3.258160e-04        3.254534e-11
               54900        2.244820e-04        2.925959e-11
               55000        3.193870e-04        2.925934e-11
               55100        3.309130e-04        2.581936e-11
               55200        2.426800e-04        2.581936e-11
               55300        2.927260e-04        1.988160e-11
               55400        3.829330e-04        1.988323e-11
               55500        2.349370e-04        1.987118e-11
               55600        3.530160e-04        1.841864e-11
               55700        2.392930e-04        1.841864e-11
               55800        2.980720e-04        1.841842e-11
               55900        2.627850e-04        1.688801e-11
               56000        3.194880e-04        1.688805e-11
               56100        2.477680e-04        1.538231e-11
               56200        3.224410e-04        1.214824e-11
               56300        3.697350e-04        1.214851e-11
               56400        3.319960e-04        1.124663e-11
               56500        2.522380e-04        1.004504e-11
               56600        2.617960e-04        8.389114e-12
               56700        3.269630e-04        8.389114e-12
               56800        2.569430e-04        7.440785e-12
               56900        3.248990e-04        7.440757e-12
               57000        3.394170e-04        6.546024e-12
               57100        2.682940e-04        6.550078e-12
               57200        3.212140e-04        5.515522e-12
               57300        2.961920e-04        5.508173e-12
               57400        2.714700e-04        5.468646e-12
               57500        3.197550e-04        4.577262e-12
               57600        2.650500e-04        4.577722e-12
               57700        3.054280e-04        4.575523e-12
               57800        2.570260e-04        4.340091e-12
               57900        2.942230e-04        4.052699e-12
               58000        3.069000e-04        4.052720e-12
               58100        2.647410e-04        3.247947e-12
               58200        3.435340e-04        3.247555e-12
               58300        3.377820e-04        3.505289e-12
               58400        2.731800e-04        2.985601e-12
               58500        3.130950e-04        2.696881e-12
               58600        2.903770e-04        2.697301e-12
               58700        2.009780e-04        2.696730e-12
               58800        2.635110e-04        2.088825e-12
               58900        2.899010e-04        2.088813e-12
               59000        3.134360e-04        2.088299e-12
               59100        3.326230e-04        1.616962e-12
               59200        4.431800e-04        1.616712e-12
               59300        2.557020e-04        1.614148e-12
               59400        3.146870e-04        1.614148e-12
               59500        2.549140e-04        1.540110e-12
               59600        3.262350e-04        1.214232e-12
               59700        3.317160e-04        1.214341e-12
               59800        2.724360e-04        9.964082e-13
               59900        3.227970e-04        8.517966e-13
               60000        2.534540e-04        8.517278e-13
               60100        3.404430e-04        8.759688e-13
               60200        2.853800e-04        6.005603e-13
               60300        3.091170e-04        6.032225e-13
               60400        2.475820e-04        5.959869e-13
               60500        3.192000e-04        4.903788e-13
               60600        2.965750e-04        4.902957e-13
               60700        3.294060e-04        4.893682e-13
               60800        3.485450e-04        4.853908e-13
               60900        2.486720e-04        4.266599e-13
               61000        3.200470e-04        4.266245e-13
               61100        2.618460e-04        3.406523e-13
               61200        2.682190e-04        3.406523e-13
               61300        3.034880e-04        3.396369e-13
               61400        2.622190e-04        2.997808e-13
               61500        3.508880e-04        2.996396e-13
               61600        3.517510e-04        2.996549e-13
               61700        2.808720e-04        2.661993e-13
               61800        3.261930e-04        2.211473e-13
               61900        2.815920e-04        2.211653e-13
               62000        2.920240e-04        2.209078e-13
               62100        3.123280e-04        1.827037e-13
               62200        3.278990e-04        1.827037e-13
               62300        3.210110e-04        1.836093e-13
               62400        2.217880e-04        1.827037e-13
               62500        3.338460e-04        1.581238e-13
               62600        2.618030e-04        1.581238e-13
               62700        3.165200e-04        1.340720e-13
               62800        2.361820e-04        1.340720e-13
               62900        3.100480e-04        1.340324e-13
               63000        2.822300e-04        1.101612e-13
               63100        3.251260e-04        1.101915e-13
               63200        2.361340e-04        1.100883e-13
               63300        3.347760e-04        1.037537e-13
               63400        2.753920e-04        9.011647e-14
               63500        3.242490e-04        9.011620e-14
               63600        2.383980e-04        9.016674e-14
               63700        3.274960e-04        7.281437e-14
               63800        2.737140e-04        7.281437e-14
               63900        3.244910e-04        5.903933e-14
               64000        2.552630e-04        5.904620e-14
               64100        3.471090e-04        5.674738e-14
               64200        2.925360e-04        5.674787e-14
               64300        3.333730e-04        4.781014e-14
               64400        2.412760e-04        4.779836e-14
               64500        3.301580e-04        4.529637e-14
               64600        2.844300e-04        4.529669e-14
               64700        3.366700e-04        4.098421e-14
               64800        2.463220e-04        4.098865e-14
               64900        3.588510e-04        3.269875e-14
               65000        3.149810e-04        3.269766e-14
               65100        3.415160e-04        2.704912e-14
               65200        4.088560e-04        2.704912e-14
               65300        2.232060e-04        2.202623e-14
               65400        3.310710e-04        2.202643e-14
               65500        2.415120e-04        1.994113e-14
               65600        3.284160e-04        1.994113e-14
               65700        2.321810e-04        1.792998e-14
               65800        3.358700e-04        1.792998e-14
               65900        2.266130e-04        1.598622e-14
               66000        2.146550e-04        1.598622e-14
               66100        3.316670e-04        1.598299e-14
               66200        2.398210e-04        1.294747e-14
               66300        3.134160e-04        1.294649e-14
               66400        2.457360e-04        1.294783e-14
               66500        4.872500e-04        1.234430e-14
               66600        2.777840e-04        1.019537e-14
               66700        2.171970e-04        1.019564e-14
               66800        2.038280e-04        1.018199e-14
               66900        3.349120e-04        8.227343e-15
               67000        2.793160e-04        8.227680e-15
               67100        3.293880e-04        8.448802e-15
               67200        3.188750e-04        6.926590e-15
               67300        2.737390e-04        6.926204e-15
               67400        3.272290e-04        6.926941e-15
               67500        3.172210e-04        6.926941e-15
               67600        2.480310e-04        5.705052e-15
               67700        3.033840e-04        5.706479e-15
               67800        3.167590e-04        5.704428e-15
               67900        2.199070e-04        4.851707e-15
               68000        2.600750e-04        4.368729e-15
               68100        2.781490e-04        4.369203e-15
               68200        2.878210e-04        3.547382e-15
               68300        2.678810e-04        3.547382e-15
               68400        2.332400e-04        3.543431e-15
               68500        2.089580e-04        2.987637e-15
               68600        2.790300e-04        2.984429e-15
               68700        2.194440e-04        2.872795e-15
               68800        1.950240e-04        2.253457e-15
               68900        1.985650e-04        2.253410e-15
               69000        2.531980e-04        2.253606e-15
               69100        1.789710e-04        2.253410e-15
               69200        2.723310e-04        1.591010e-15
               69300        2.038490e-04        1.591033e-15
               69400        2.778620e-04        1.770816e-15
               69500        2.748760e-04        1.398085e-15
               69600        2.918110e-04        1.287118e-15
               69700        3.206970e-04        1.287358e-15
               69800        3.125070e-04        1.286961e-15
               69900        3.121810e-04        1.025494e-15
               70000        3.296410e-04        1.025494e-15
               70100        3.304200e-04        1.026851e-15
               70200        3.272650e-04        8.363266e-16
               70300        3.470630e-04        8.362994e-16
               70400        3.206920e-04        8.359463e-16
               70500        3.007010e-04        8.118023e-16
               70600        3.138140e-04        6.937916e-16
               70700        3.355460e-04        6.938216e-16
               70800        2.830630e-04        6.934417e-16
               70900        2.883770e-04        5.178736e-16
               71000        3.369940e-04        5.179114e-16
               71100        2.236370e-04        5.533876e-16
               71200        3.086580e-04        4.866334e-16
               71300        2.625330e-04        4.366439e-16
               71400        3.205850e-04        4.365976e-16
               71500        2.811310e-04        4.366290e-16
               71600        1.931990e-04        3.394305e-16
               71700        2.895660e-04        3.394305e-16
               71800        1.810620e-04        3.432287e-16
               71900        2.777310e-04        2.679296e-16
               72000        1.959000e-04        2.678909e-16
               72100        2.766770e-04        2.532173e-16
               72200        2.014730e-04        2.532086e-16
               72300        2.727090e-04        1.947055e-16
               72400        2.085150e-04        1.947287e-16
               72500        2.881900e-04        1.800416e-16
               72600        2.846570e-04        1.800434e-16
               72700        3.035070e-04        1.616019e-16
               72800        2.954400e-04        1.614320e-16
               72900        3.178340e-04        1.270954e-16
               73000        2.756240e-04        1.270954e-16
               73100        2.203600e-04        1.283357e-16
               73200        3.131050e-04        1.283337e-16
               73300        2.702410e-04        1.283357e-16
               73400        3.498860e-04        1.044875e-16
               73500        2.474130e-04        1.044783e-16
               73600        3.150920e-04        1.044895e-16
               73700        2.418100e-04        9.333256e-17
               73800        2.828550e-04        8.128764e-17
               73900        3.255650e-04        8.130178e-17
               74000        2.705180e-04        6.579161e-17
               74100        2.878730e-04        6.579161e-17
               74200        3.249660e-04        6.533491e-17
               74300        2.338990e-04        4.638036e-17
               74400        3.428890e-04        4.638852e-17
               74500        3.226250e-04        4.638912e-17
               74600        2.319020e-04        4.367230e-17
               74700        3.186130e-04        4.046530e-17
               74800        2.503430e-04        4.045581e-17
               74900        2.297490e-04        4.045956e-17
               75000        3.107730e-04        3.202752e-17
               75100        2.315890e-04        3.202589e-17
               75200        3.506390e-04        3.234660e-17
               75300        3.370330e-04        3.191529e-17
               75400        2.683290e-04        2.260287e-17
               75500        3.213230e-04        2.263554e-17
               75600        3.009430e-04        2.091674e-17
               75700        3.843310e-04        1.864696e-17
               75800        2.390190e-04        1.864443e-17
               75900        3.379780e-04        1.866692e-17
               76000        2.747720e-04        1.405650e-17
               76100        3.551380e-04        1.405652e-17
               76200        2.497330e-04        1.501885e-17
               76300        3.212380e-04        1.403540e-17
               76400        2.272730e-04        1.121496e-17
               76500        3.154150e-04        1.121915e-17
               76600        2.206460e-04        1.120784e-17
               76700        2.220060e-04        1.044493e-17
               76800        3.181190e-04        9.214123e-18
               76900        2.285750e-04        9.214024e-18
               77000        3.164160e-04        7.574007e-18
               77100        2.154960e-04        7.573925e-18
               77200        3.105240e-04        8.006360e-18
               77300        2.188490e-04        8.006360e-18
               77400        3.404350e-04        6.066833e-18
               77500        2.137920e-04        6.068134e-18
               77600        3.216360e-04        5.810905e-18
               77700        2.339460e-04        5.449577e-18
               77800        3.326580e-04        5.450743e-18
               77900        2.510390e-04        5.449491e-18
               78000        3.106200e-04        4.573284e-18
               78100        2.885440e-04        3.754783e-18
               78200        2.546780e-04        3.754783e-18
               78300        5.193250e-04        3.423132e-18
               78400        3.035840e-04        3.423132e-18
               78500        1.802610e-04        3.031611e-18
               78600        3.296170e-04        3.031826e-18
               78700        1.949160e-04        3.031716e-18
               78800        3.371490e-04        3.031716e-18
               78900        2.045190e-04        2.666436e-18
               79000        3.099490e-04        2.666334e-18
               79100        1.874470e-04        2.344884e-18
               79200        3.060890e-04        2.344884e-18
               79300        1.800190e-04        2.054217e-18
               79400        3.647210e-04        2.054217e-18
               79500        1.804550e-04        1.746632e-18
               79600        2.357290e-04        1.746664e-18
               79700        1.778660e-04        1.540660e-18
               79800        2.265650e-04        1.540643e-18
               79900        3.217260e-04        1.536674e-18
               80000        2.086020e-04        1.540643e-18
               80100        3.259110e-04        1.286485e-18
               80200        2.166280e-04        1.265376e-18
               80300        3.092520e-04        1.265406e-18
               80400        2.307750e-04        1.019094e-18
               80500        2.883350e-04        1.019591e-18
               80600        2.114920e-04        9.490253e-19
               80700        3.323430e-04        9.486884e-19
               80800        2.570270e-04        7.985347e-19
               80900        3.463650e-04        7.985772e-19
               81000        2.591810e-04        5.800985e-19
               81100        4.711540e-04        5.736315e-19
               81200        2.559180e-04        5.287816e-19
               81300        2.993950e-04        5.289879e-19
               81400        2.245380e-04        4.344377e-19
               81500        3.209920e-04        4.344515e-19
               81600        2.463930e-04        3.983154e-19
               81700        3.228980e-04        3.982494e-19
               81800        2.342360e-04        3.134633e-19
               81900        3.171690e-04        3.135231e-19
               82000        2.338810e-04        2.940002e-19
               82100        3.082610e-04        2.939743e-19
               82200        2.584480e-04        2.502460e-19
               82300        3.416870e-04        2.503009e-19
               82400        2.346250e-04        2.336781e-19
               82500        3.457360e-04        2.335597e-19
               82600        2.301820e-04        1.926482e-19
               82700        3.335360e-04        1.926450e-19
               82800        2.304940e-04        1.873999e-19
               82900        2.898020e-04        1.873443e-19
               83000        2.010120e-04        1.672549e-19
               83100        3.295420e-04        1.672238e-19
               83200        2.200460e-04        1.547275e-19
               83300        3.221090e-04        1.546155e-19
               83400        2.847600e-04        1.210849e-19
               83500        3.924100e-04        1.210879e-19
               83600        2.997710e-04        1.020317e-19
               83700        3.106550e-04        1.020459e-19
               83800        1.884920e-04        8.303169e-20
               83900        3.238990e-04        8.304382e-20
               84000        1.781760e-04        7.955593e-20
               84100        3.165870e-04        7.955814e-20
               84200        2.207590e-04        6.427586e-20
               84300        2.819220e-04        6.441699e-20
               84400        1.920630e-04        6.189237e-20
               84500        1.833260e-04        6.190051e-20
               84600        3.078640e-04        5.137223e-20
               84700        1.941090e-04        5.136458e-20
               84800        3.076930e-04        4.792024e-20
               84900        1.800880e-04        4.789516e-20
               85000        3.123910e-04        3.763878e-20
               85100        1.825460e-04        3.763401e-20
               85200        3.137090e-04        3.527979e-20
               85300        1.848940e-04        3.525840e-20
               85400        1.819010e-04        2.720468e-20
               85500        3.007570e-04        2.720110e-20
               85600        2.215840e-04        2.504388e-20
               85700        3.186370e-04        2.503399e-20
               85800        2.830510e-04        1.950608e-20
               85900        3.065490e-04        1.950358e-20
               86000        2.826930e-04        1.828892e-20
               86100        3.494350e-04        1.828195e-20
               86200        2.507870e-04        1.489205e-20
               86300        3.351710e-04        1.489228e-20
               86400        3.181750e-04        1.382275e-20
               86500        1.797690e-04        1.382175e-20
               86600        2.977400e-04        1.158568e-20
               86700        1.821430e-04        1.158681e-20
               86800        2.939690e-04        1.080163e-20
               86900        2.012650e-04        1.080231e-20
               87000        3.034200e-04        8.661592e-21
               87100        2.004080e-04        8.662083e-21
               87200        3.368730e-04        7.711763e-21
               87300        1.774600e-04        7.705484e-21
               87400        3.099790e-04        6.623101e-21
               87500        1.863790e-04        6.620346e-21
               87600        2.915770e-04        6.101754e-21
               87700        1.853370e-04        6.108839e-21
               87800        3.016740e-04        5.080395e-21
               87900        1.961980e-04        5.080250e-21
               88000        3.187800e-04        4.497042e-21
               88100        1.784270e-04        4.494995e-21
               88200        3.080270e-04        3.931230e-21
               88300        2.754200e-04        3.931143e-21
               88400        3.009070e-04        3.372329e-21
               88500        2.725570e-04        3.373266e-21
               88600        3.051060e-04        2.898734e-21
               88700        2.440240e-04        2.900345e-21
               88800        2.939400e-04        2.590706e-21
               88900        1.774220e-04        2.589603e-21
               89000        2.708910e-04        2.589603e-21
               89100        2.831170e-04        2.090843e-21
               89200        1.874010e-04        2.089657e-21
               89300        2.841660e-04        1.744096e-21
               89400        3.040950e-04        1.595752e-21
               89500        1.695820e-04        1.594557e-21
               89600        2.881090e-04        1.671788e-21
               89700        2.760210e-04        1.240705e-21
               89800        1.789960e-04        1.208986e-21
               89900        1.829200e-04        1.208243e-21
               90000        2.886070e-04        9.066937e-22
               90100        1.891780e-04        9.164051e-22
               90200        2.918770e-04        9.066937e-22
               90300        3.010890e-04        9.066937e-22
               90400        1.750870e-04        7.131181e-22
               90500        2.808220e-04        7.131940e-22
               90600        2.842670e-04        7.131110e-22
               90700        1.867350e-04        6.322418e-22
               90800        2.980970e-04        5.139544e-22
               90900        3.138760e-04        5.138290e-22
               91000        2.540540e-04        4.694883e-22
               91100        2.938970e-04        4.033057e-22
               91200        2.979990e-04        3.481916e-22
               91300        2.735640e-04        3.481229e-22
               91400        3.401730e-04        2.886996e-22
               91500        3.064110e-04        2.765426e-22
               91600        2.793720e-04        2.194744e-22
               91700        1.807910e-04        1.903043e-22
               91800        2.905890e-04        1.903041e-22
               91900        1.819990e-04        1.903043e-22
               92000        3.036970e-04        1.903043e-22
               92100        1.733770e-04        1.653861e-22
               92200        2.961020e-04        1.653861e-22
               92300        1.808900e-04        1.653861e-22
               92400        3.016100e-04        1.653861e-22
               92500        1.807680e-04        1.452179e-22
               92600        2.913380e-04        1.452182e-22
               92700        1.829280e-04        1.452182e-22
               92800        3.038980e-04        1.452190e-22
               92900        1.714060e-04        1.452182e-22
               93000        3.043400e-04        1.224014e-22
               93100        1.850990e-04        1.223199e-22
               93200        3.013790e-04        1.202485e-22
               93300        3.112990e-04        1.087224e-22
               93400        2.988950e-04        9.147166e-23
               93500        3.678320e-04        9.148872e-23
               93600        2.872860e-04        7.849986e-23
               93700        2.804750e-04        7.084676e-23
               93800        3.059920e-04        7.083507e-23
               93900        3.520350e-04        5.511103e-23
               94000        2.785390e-04        5.510810e-23
               94100        2.556050e-04        5.451479e-23
               94200        2.537740e-04        3.925802e-23
               94300        2.455180e-04        3.925970e-23
               94400        2.514260e-04        3.688803e-23
               94500        1.872320e-04        3.688654e-23
               94600        2.235640e-04        3.329730e-23
               94700        1.869800e-04        3.329684e-23
               94800        2.171040e-04        2.806126e-23
               94900        1.783490e-04        2.806382e-23
               95000        2.173120e-04        2.669845e-23
               95100        1.791560e-04        2.670174e-23
               95200        2.185660e-04        2.122151e-23
               95300        1.869380e-04        2.122151e-23
               95400        2.175790e-04        1.647818e-23
               95500        1.865000e-04        1.656530e-23
               95600        2.249540e-04        1.609534e-23
               95700        1.766670e-04        1.618269e-23
               95800        2.294460e-04        1.264916e-23
               95900        1.702880e-04        1.264774e-23
               96000        2.202930e-04        1.150696e-23
               96100        1.682440e-04        1.150754e-23
               96200        2.283220e-04        1.150696e-23
               96300        1.772830e-04        1.060573e-23
               96400        2.267860e-04        1.060611e-23
               96500        2.399550e-04        7.620155e-24
               96600        2.461380e-04        7.620278e-24
               96700        1.647990e-04        7.648405e-24
               96800        2.294600e-04        5.821392e-24
               96900        1.712680e-04        5.821536e-24
               97000        2.339630e-04        5.694479e-24
               97100        1.760590e-04        5.293289e-24
               97200        2.320030e-04        4.914110e-24
               97300        1.775890e-04        4.913325e-24
               97400        2.377600e-04        4.088457e-24
               97500        1.784110e-04        3.746999e-24
               97600        2.264210e-04        3.744857e-24
               97700        1.755710e-04        3.227960e-24
               97800        2.290610e-04        3.227960e-24
               97900        1.736510e-04        3.162022e-24
               98000        2.431830e-04        2.642208e-24
               98100        1.837610e-04        2.645957e-24
               98200        1.969060e-04        2.504077e-24
               98300        1.853920e-04        2.504454e-24
               98400        2.057180e-04        2.394784e-24
               98500        1.634290e-04        2.394266e-24
               98600        1.650110e-04        2.057825e-24
               98700        2.082020e-04        2.057951e-24
               98800        2.133700e-04        2.057951e-24
               98900        1.806240e-04        1.776399e-24
               99000        1.602490e-04        1.776399e-24
               99100        1.573870e-04        1.782159e-24
               99200        1.560900e-04        1.613623e-24
               99300        1.574390e-04        1.613109e-24
               99400        1.709890e-04        1.559658e-24
               99500        1.783140e-04        1.559704e-24
               99600        1.604380e-04        1.510222e-24
               99700        1.590480e-04        1.510386e-24
               99800        1.638780e-04        1.411396e-24
               99900        1.577870e-04        1.411342e-24
              100000        1.584430e-04        1.328491e-24
