Period: 100
               Epoch           Time cost                Loss
                 100        1.980350e-04        1.294130e+05
                 200        1.567110e-04        1.140792e+05
                 300        1.805220e-04        1.000856e+05
                 400        1.786030e-04        9.122491e+04
                 500        1.436990e-04        7.993909e+04
                 600        1.610990e-04        7.768633e+04
                 700        1.871090e-04        6.452595e+04
                 800        1.700560e-04        6.358721e+04
                 900        1.609950e-04        5.686099e+04
                1000        1.874600e-04        5.535444e+04
                1100        1.578940e-04        4.585346e+04
                1200        1.654050e-04        4.586740e+04
                1300        1.593790e-04        3.798036e+04
                1400        1.783570e-04        3.637322e+04
                1500        2.870720e-04        3.637368e+04
                1600        2.403080e-04        3.310428e+04
                1700        2.328890e-04        3.310428e+04
                1800        2.224180e-04        3.310428e+04
                1900        2.232500e-04        3.310428e+04
                2000        2.349970e-04        3.166799e+04
                2100        2.540920e-04        3.166799e+04
                2200        2.621010e-04        3.166799e+04
                2300        2.359290e-04        3.166799e+04
                2400        2.497900e-04        3.005667e+04
                2500        2.418490e-04        3.005667e+04
                2600        2.590030e-04        3.005667e+04
                2700        2.416690e-04        3.005667e+04
                2800        2.883050e-04        2.656172e+04
                2900        2.455360e-04        2.656172e+04
                3000        2.383120e-04        2.656172e+04
                3100        2.610290e-04        2.656172e+04
                3200        2.879170e-04        2.443875e+04
                3300        1.556910e-04        2.443875e+04
                3400        2.255340e-04        2.443875e+04
                3500        2.403450e-04        2.443875e+04
                3600        1.586730e-04        2.201917e+04
                3700        2.581160e-04        2.201917e+04
                3800        1.700930e-04        2.201917e+04
                3900        2.507670e-04        2.201917e+04
                4000        2.436310e-04        2.083303e+04
                4100        2.530380e-04        2.083303e+04
                4200        2.386400e-04        2.083303e+04
                4300        2.428640e-04        2.083303e+04
                4400        2.586960e-04        1.663261e+04
                4500        2.650740e-04        1.663261e+04
                4600        2.777620e-04        1.663261e+04
                4700        1.706600e-04        1.663261e+04
                4800        2.562880e-04        1.537698e+04
                4900        2.703600e-04        1.537698e+04
                5000        2.485450e-04        1.537698e+04
                5100        1.730290e-04        1.537698e+04
                5200        2.627980e-04        1.416785e+04
                5300        1.773360e-04        1.416785e+04
                5400        2.564050e-04        1.416785e+04
                5500        2.470340e-04        1.416771e+04
                5600        2.034420e-04        1.251855e+04
                5700        2.841820e-04        1.251855e+04
                5800        2.617540e-04        1.251855e+04
                5900        1.637390e-04        1.251855e+04
                6000        2.297200e-04        1.175822e+04
                6100        1.815460e-04        1.175822e+04
                6200        2.350520e-04        1.175822e+04
                6300        1.657150e-04        1.175822e+04
                6400        2.525060e-04        1.020157e+04
                6500        1.706300e-04        1.020157e+04
                6600        2.610270e-04        1.020109e+04
                6700        1.752000e-04        1.020157e+04
                6800        2.365990e-04        9.670429e+03
                6900        2.039820e-04        9.669583e+03
                7000        2.048310e-04        9.670273e+03
                7100        2.539770e-04        9.669583e+03
                7200        2.771930e-04        8.547723e+03
                7300        2.469080e-04        8.549206e+03
                7400        1.810120e-04        8.547755e+03
                7500        2.600750e-04        8.548279e+03
                7600        2.023560e-04        7.475202e+03
                7700        2.485000e-04        7.475734e+03
                7800        3.061410e-04        7.475370e+03
                7900        2.259320e-04        7.475089e+03
                8000        2.300780e-04        6.899300e+03
                8100        2.510840e-04        6.899392e+03
                8200        2.623280e-04        6.899325e+03
                8300        2.408280e-04        6.899392e+03
                8400        2.453220e-04        5.555747e+03
                8500        2.616550e-04        5.556031e+03
                8600        2.436230e-04        5.547950e+03
                8700        2.452530e-04        5.430663e+03
                8800        2.392820e-04        4.945260e+03
                8900        2.603800e-04        4.943825e+03
                9000        2.510430e-04        4.945260e+03
                9100        2.590970e-04        4.943825e+03
                9200        2.753160e-04        4.945260e+03
                9300        1.830770e-04        3.991535e+03
                9400        2.668750e-04        3.984898e+03
                9500        2.504420e-04        3.991757e+03
                9600        2.544510e-04        3.952285e+03
                9700        2.487170e-04        3.991757e+03
                9800        2.288240e-04        3.152160e+03
                9900        2.320480e-04        3.149564e+03
               10000        2.214850e-04        3.149872e+03
               10100        2.222350e-04        3.112222e+03
               10200        2.158780e-04        2.702581e+03
               10300        2.252150e-04        2.702581e+03
               10400        2.242290e-04        2.702581e+03
               10500        2.341100e-04        2.702581e+03
               10600        2.128730e-04        2.298787e+03
               10700        2.421430e-04        2.298787e+03
               10800        2.196410e-04        2.298787e+03
               10900        2.602600e-04        2.298787e+03
               11000        2.271540e-04        2.298787e+03
               11100        2.270320e-04        2.298787e+03
               11200        2.142750e-04        1.915635e+03
               11300        2.196570e-04        1.890417e+03
               11400        2.613700e-04        1.890550e+03
               11500        2.337830e-04        1.915696e+03
               11600        2.298540e-04        1.665067e+03
               11700        1.920310e-04        1.665067e+03
               11800        2.522980e-04        1.665067e+03
               11900        1.740430e-04        1.665067e+03
               12000        2.639120e-04        1.511999e+03
               12100        1.784380e-04        1.511999e+03
               12200        2.691370e-04        1.511999e+03
               12300        1.727720e-04        1.511999e+03
               12400        2.230780e-04        1.388685e+03
               12500        2.198110e-04        1.388685e+03
               12600        2.319900e-04        1.388685e+03
               12700        2.420500e-04        1.388584e+03
               12800        2.244800e-04        1.139787e+03
               12900        2.421790e-04        1.140046e+03
               13000        2.208100e-04        1.117143e+03
               13100        2.258960e-04        1.139948e+03
               13200        2.299010e-04        1.004297e+03
               13300        2.487940e-04        1.004297e+03
               13400        2.145200e-04        1.004294e+03
               13500        2.147640e-04        1.004297e+03
               13600        2.504430e-04        9.189744e+02
               13700        2.102110e-04        9.189739e+02
               13800        1.658270e-04        9.189749e+02
               13900        2.308590e-04        9.087361e+02
               14000        1.608720e-04        7.534201e+02
               14100        2.148890e-04        7.538420e+02
               14200        2.448870e-04        7.534483e+02
               14300        2.206410e-04        6.825876e+02
               14400        2.678980e-04        5.983024e+02
               14500        2.235990e-04        5.984924e+02
               14600        2.361390e-04        5.984738e+02
               14700        2.129930e-04        5.697528e+02
               14800        1.633510e-04        5.576388e+02
               14900        2.091390e-04        5.576388e+02
               15000        2.129050e-04        5.576388e+02
               15100        2.303920e-04        5.576388e+02
               15200        2.790930e-04        4.526068e+02
               15300        2.118190e-04        4.525806e+02
               15400        2.198980e-04        4.525629e+02
               15500        2.268010e-04        3.945253e+02
               15600        2.094550e-04        3.945253e+02
               15700        2.351600e-04        3.945016e+02
               15800        1.929180e-04        3.945016e+02
               15900        2.380600e-04        3.070074e+02
               16000        2.474910e-04        3.161051e+02
               16100        2.200520e-04        3.162763e+02
               16200        2.486810e-04        2.924827e+02
               16300        2.195580e-04        2.630403e+02
               16400        2.512930e-04        2.630105e+02
               16500        2.242380e-04        2.630450e+02
               16600        2.219770e-04        2.107042e+02
               16700        2.344130e-04        1.842656e+02
               16800        2.145030e-04        1.842305e+02
               16900        2.253440e-04        1.843232e+02
               17000        2.340680e-04        1.538182e+02
               17100        2.231220e-04        1.492885e+02
               17200        2.472440e-04        1.492389e+02
               17300        2.238590e-04        1.493049e+02
               17400        2.707300e-04        1.220535e+02
               17500        2.193990e-04        1.170190e+02
               17600        2.155320e-04        1.170399e+02
               17700        2.283090e-04        1.170765e+02
               17800        2.168310e-04        1.020553e+02
               17900        2.293990e-04        7.688918e+01
               18000        2.301980e-04        7.687967e+01
               18100        1.765810e-04        7.690496e+01
               18200        2.476410e-04        7.117822e+01
               18300        3.623320e-04        7.117822e+01
               18400        2.425210e-04        7.117615e+01
               18500        2.139190e-04        7.117822e+01
               18600        2.270960e-04        6.007153e+01
               18700        2.194100e-04        6.007153e+01
               18800        2.211250e-04        6.007153e+01
               18900        2.263770e-04        6.007153e+01
               19000        2.237670e-04        5.196902e+01
               19100        2.306930e-04        5.202156e+01
               19200        2.192090e-04        4.021859e+01
               19300        1.875600e-04        4.021859e+01
               19400        2.040140e-04        4.090178e+01
               19500        2.145580e-04        4.073927e+01
               19600        2.409150e-04        3.719933e+01
               19700        2.404340e-04        3.719933e+01
               19800        2.638910e-04        3.719933e+01
               19900        2.231030e-04        3.719933e+01
               20000        2.298150e-04        3.719933e+01
               20100        1.784710e-04        3.719933e+01
               20200        2.038780e-04        3.185697e+01
               20300        2.516560e-04        3.191292e+01
               20400        2.464820e-04        3.191787e+01
               20500        1.902330e-04        3.185697e+01
               20600        2.554880e-04        2.850375e+01
               20700        2.416560e-04        2.850364e+01
               20800        2.501410e-04        2.850375e+01
               20900        2.450970e-04        2.850375e+01
               21000        2.343180e-04        2.442110e+01
               21100        2.466860e-04        2.442110e+01
               21200        2.223000e-04        2.442110e+01
               21300        2.174560e-04        2.442110e+01
               21400        2.309320e-04        2.283484e+01
               21500        1.476980e-04        2.282795e+01
               21600        2.103700e-04        2.283484e+01
               21700        2.228410e-04        2.283484e+01
               21800        2.492740e-04        1.913325e+01
               21900        2.507790e-04        1.913325e+01
               22000        2.748260e-04        1.913325e+01
               22100        2.295930e-04        1.913325e+01
               22200        2.360740e-04        1.750427e+01
               22300        1.492470e-04        1.750427e+01
               22400        2.222720e-04        1.750427e+01
               22500        1.560730e-04        1.750427e+01
               22600        1.814600e-04        1.542451e+01
               22700        2.181630e-04        1.542451e+01
               22800        2.230280e-04        1.542451e+01
               22900        2.194820e-04        1.542451e+01
               23000        2.334100e-04        1.422669e+01
               23100        2.280380e-04        1.422669e+01
               23200        2.446340e-04        1.422669e+01
               23300        2.364690e-04        1.422669e+01
               23400        1.757170e-04        1.252082e+01
               23500        2.641300e-04        1.252082e+01
               23600        2.060880e-04        1.252082e+01
               23700        2.048150e-04        1.252082e+01
               23800        2.402280e-04        1.105637e+01
               23900        2.186230e-04        1.105542e+01
               24000        2.628540e-04        1.105695e+01
               24100        2.192800e-04        1.105598e+01
               24200        2.132860e-04        9.839300e+00
               24300        2.269050e-04        9.839300e+00
               24400        2.443100e-04        9.839300e+00
               24500        2.629100e-04        9.839300e+00
               24600        1.901920e-04        8.332485e+00
               24700        2.657590e-04        8.332485e+00
               24800        2.453380e-04        8.332485e+00
               24900        2.432000e-04        8.332617e+00
               25000        2.326650e-04        7.779322e+00
               25100        1.880410e-04        7.779322e+00
               25200        2.434920e-04        7.779322e+00
               25300        2.247310e-04        7.779322e+00
               25400        2.822770e-04        6.867035e+00
               25500        2.185030e-04        6.867238e+00
               25600        1.976770e-04        6.869241e+00
               25700        2.489640e-04        6.229607e+00
               25800        2.338060e-04        6.229567e+00
               25900        2.437400e-04        6.229607e+00
               26000        2.487580e-04        6.229571e+00
               26100        2.222430e-04        5.499773e+00
               26200        2.669790e-04        5.499773e+00
               26300        2.229210e-04        5.499780e+00
               26400        2.353520e-04        5.499773e+00
               26500        2.254960e-04        4.736444e+00
               26600        2.400110e-04        4.736444e+00
               26700        2.285250e-04        4.736582e+00
               26800        2.574130e-04        4.736444e+00
               26900        2.240010e-04        4.302773e+00
               27000        2.179260e-04        4.304127e+00
               27100        2.532140e-04        3.830533e+00
               27200        2.320280e-04        3.830533e+00
               27300        2.660840e-04        3.452230e+00
               27400        2.518810e-04        3.452210e+00
               27500        1.931090e-04        3.104146e+00
               27600        2.520620e-04        3.104146e+00
               27700        2.021970e-04        3.174738e+00
               27800        2.676380e-04        3.174738e+00
               27900        1.986590e-04        2.867005e+00
               28000        2.359740e-04        2.867173e+00
               28100        2.130720e-04        2.646304e+00
               28200        2.198270e-04        2.646304e+00
               28300        2.444360e-04        2.363841e+00
               28400        1.931650e-04        2.363841e+00
               28500        2.538720e-04        2.416641e+00
               28600        2.359300e-04        2.416641e+00
               28700        2.638470e-04        2.410707e+00
               28800        2.275670e-04        1.869111e+00
               28900        1.911880e-04        1.868827e+00
               29000        2.533670e-04        1.732955e+00
               29100        2.606300e-04        1.579383e+00
               29200        2.460760e-04        1.579409e+00
               29300        2.560970e-04        1.378634e+00
               29400        2.290110e-04        1.378246e+00
               29500        2.734250e-04        1.205777e+00
               29600        2.541430e-04        1.205768e+00
               29700        2.379780e-04        1.197387e+00
               29800        2.527030e-04        1.197387e+00
               29900        2.638960e-04        1.112503e+00
               30000        2.295310e-04        1.112503e+00
               30100        2.248130e-04        9.788432e-01
               30200        2.710940e-04        9.788432e-01
               30300        1.873140e-04        9.788432e-01
               30400        2.615390e-04        9.734500e-01
               30500        2.518890e-04        8.632484e-01
               30600        2.575980e-04        8.464674e-01
               30700        2.546490e-04        7.106973e-01
               30800        2.317060e-04        7.108656e-01
               30900        2.722510e-04        6.852894e-01
               31000        2.241160e-04        6.853899e-01
               31100        1.865640e-04        5.941016e-01
               31200        2.512420e-04        5.941566e-01
               31300        2.310210e-04        5.276147e-01
               31400        1.672120e-04        5.275387e-01
               31500        2.333120e-04        4.714434e-01
               31600        2.537960e-04        4.712841e-01
               31700        2.808310e-04        3.837791e-01
               31800        2.654720e-04        3.837791e-01
               31900        2.486330e-04        3.975599e-01
               32000        2.284380e-04        3.975505e-01
               32100        2.473330e-04        3.367929e-01
               32200        2.453910e-04        3.367929e-01
               32300        2.344430e-04        2.975165e-01
               32400        2.715850e-04        2.975165e-01
               32500        2.217180e-04        2.733924e-01
               32600        1.877200e-04        2.733924e-01
               32700        2.062510e-04        2.586470e-01
               32800        2.042560e-04        2.586470e-01
               32900        2.248760e-04        2.269422e-01
               33000        2.216420e-04        2.269422e-01
               33100        1.923990e-04        1.908611e-01
               33200        2.367820e-04        1.908611e-01
               33300        4.743470e-04        1.807199e-01
               33400        2.376840e-04        1.807193e-01
               33500        2.213290e-04        1.528813e-01
               33600        2.344240e-04        1.528830e-01
               33700        2.332310e-04        1.410497e-01
               33800        2.258220e-04        1.410727e-01
               33900        2.515220e-04        1.271200e-01
               34000        2.351200e-04        1.271200e-01
               34100        2.629740e-04        1.117269e-01
               34200        2.655060e-04        1.117269e-01
               34300        2.254210e-04        9.354629e-02
               34400        2.525340e-04        9.354629e-02
               34500        2.277820e-04        9.354629e-02
               34600        2.696720e-04        7.840582e-02
               34700        2.281710e-04        6.499529e-02
               34800        2.234240e-04        6.503159e-02
               34900        2.203870e-04        5.909040e-02
               35000        2.075980e-04        5.910318e-02
               35100        2.342490e-04        5.548279e-02
               35200        2.249620e-04        5.354028e-02
               35300        2.316360e-04        5.355113e-02
               35400        2.472860e-04        4.715190e-02
               35500        2.371800e-04        4.715526e-02
               35600        2.298310e-04        3.870828e-02
               35700        2.542390e-04        3.870828e-02
               35800        2.328900e-04        3.870828e-02
               35900        2.610240e-04        3.442389e-02
               36000        2.394640e-04        3.521687e-02
               36100        2.395810e-04        3.521687e-02
               36200        2.550560e-04        3.107188e-02
               36300        2.096810e-04        3.107188e-02
               36400        2.624330e-04        2.795768e-02
               36500        2.289350e-04        2.795752e-02
               36600        2.222060e-04        2.636236e-02
               36700        2.357900e-04        2.636236e-02
               36800        2.128570e-04        2.270101e-02
               36900        2.491000e-04        2.270092e-02
               37000        2.289300e-04        2.017304e-02
               37100        2.268270e-04        2.017304e-02
               37200        1.585190e-04        1.837219e-02
               37300        2.081550e-04        1.837095e-02
               37400        2.459990e-04        1.837095e-02
               37500        2.586690e-04        1.842416e-02
               37600        2.346970e-04        1.673731e-02
               37700        2.860560e-04        1.432951e-02
               37800        2.798050e-04        1.432951e-02
               37900        2.148470e-04        1.268498e-02
               38000        2.735330e-04        1.267720e-02
               38100        2.580620e-04        1.241860e-02
               38200        2.420510e-04        1.123589e-02
               38300        2.747660e-04        1.123465e-02
               38400        2.341250e-04        9.776049e-03
               38500        2.255870e-04        9.776049e-03
               38600        2.594440e-04        8.728793e-03
               38700        2.458920e-04        8.728253e-03
               38800        2.861330e-04        7.987407e-03
               38900        2.327260e-04        7.987407e-03
               39000        2.162920e-04        7.259839e-03
               39100        2.246330e-04        7.259839e-03
               39200        2.357960e-04        6.368495e-03
               39300        2.257240e-04        6.368740e-03
               39400        2.118130e-04        5.597257e-03
               39500        2.311640e-04        5.597257e-03
               39600        2.358030e-04        5.117001e-03
               39700        2.081510e-04        5.117001e-03
               39800        2.507820e-04        4.775430e-03
               39900        2.355110e-04        4.775430e-03
               40000        2.660480e-04        4.264160e-03
               40100        2.554540e-04        4.264723e-03
               40200        2.326480e-04        3.689129e-03
               40300        2.593100e-04        3.463679e-03
               40400        2.567340e-04        3.465788e-03
               40500        2.326900e-04        2.775895e-03
               40600        2.799990e-04        2.775900e-03
               40700        2.536950e-04        2.457078e-03
               40800        2.234080e-04        2.457074e-03
               40900        2.632400e-04        2.275902e-03
               41000        2.503390e-04        2.276174e-03
               41100        2.327470e-04        1.919715e-03
               41200        2.702950e-04        1.919715e-03
               41300        2.516780e-04        1.751751e-03
               41400        2.441800e-04        1.751692e-03
               41500        2.599890e-04        1.606952e-03
               41600        2.551070e-04        1.606952e-03
               41700        2.282720e-04        1.606952e-03
               41800        2.697800e-04        1.512290e-03
               41900        2.495170e-04        1.394117e-03
               42000        2.348630e-04        1.394656e-03
               42100        2.571200e-04        1.188788e-03
               42200        2.491220e-04        1.032247e-03
               42300        2.266450e-04        1.032247e-03
               42400        1.588580e-04        1.005888e-03
               42500        2.666330e-04        1.005888e-03
               42600        1.839870e-04        8.633319e-04
               42700        2.499170e-04        8.632978e-04
               42800        2.370260e-04        8.055960e-04
               42900        2.577800e-04        8.055960e-04
               43000        2.296050e-04        7.316552e-04
               43100        1.938210e-04        7.316552e-04
               43200        2.409850e-04        6.428879e-04
               43300        2.286460e-04        6.428879e-04
               43400        2.602830e-04        6.151851e-04
               43500        2.463600e-04        6.151851e-04
               43600        2.362560e-04        5.342995e-04
               43700        2.532880e-04        5.342995e-04
               43800        2.467500e-04        5.342995e-04
               43900        2.320130e-04        4.369872e-04
               44000        2.741520e-04        4.231717e-04
               44100        2.420870e-04        4.231717e-04
               44200        2.169890e-04        4.208589e-04
               44300        2.669110e-04        3.472131e-04
               44400        2.225480e-04        3.471695e-04
               44500        2.968460e-04        3.201532e-04
               44600        2.471930e-04        3.235195e-04
               44700        2.400460e-04        3.235297e-04
               44800        2.400030e-04        2.838408e-04
               44900        2.638210e-04        2.838359e-04
               45000        2.277980e-04        2.458011e-04
               45100        2.335460e-04        2.449528e-04
               45200        2.451880e-04        2.448035e-04
               45300        1.879300e-04        2.454149e-04
               45400        2.149180e-04        2.449528e-04
               45500        2.216510e-04        2.157551e-04
               45600        2.499870e-04        2.165690e-04
               45700        2.206390e-04        2.137044e-04
               45800        2.306180e-04        2.059055e-04
               45900        2.785740e-04        1.637132e-04
               46000        1.958290e-04        1.656478e-04
               46100        2.592120e-04        1.465966e-04
               46200        2.594490e-04        1.465802e-04
               46300        2.780230e-04        1.418570e-04
               46400        2.061520e-04        1.220283e-04
               46500        2.782570e-04        1.094130e-04
               46600        1.688080e-04        1.094128e-04
               46700        2.328800e-04        1.017360e-04
               46800        2.721870e-04        1.017360e-04
               46900        2.696110e-04        8.094485e-05
               47000        2.406060e-04        7.644467e-05
               47100        2.568410e-04        7.644588e-05
               47200        2.267890e-04        6.397254e-05
               47300        2.272050e-04        6.396223e-05
               47400        2.366520e-04        5.399762e-05
               47500        2.704280e-04        5.299104e-05
               47600        2.376050e-04        5.304662e-05
               47700        2.875550e-04        4.624800e-05
               47800        2.508130e-04        4.624611e-05
               47900        2.779060e-04        3.613800e-05
               48000        2.296090e-04        3.550865e-05
               48100        1.690040e-04        2.931586e-05
               48200        2.183720e-04        2.486756e-05
               48300        2.201590e-04        2.486756e-05
               48400        2.507450e-04        2.346992e-05
               48500        2.175970e-04        2.346992e-05
               48600        2.285960e-04        2.212309e-05
               48700        2.189310e-04        2.212309e-05
               48800        2.554420e-04        1.957196e-05
               48900        2.401720e-04        1.957196e-05
               49000        2.691500e-04        1.912037e-05
               49100        2.212110e-04        1.911999e-05
               49200        2.322230e-04        1.925075e-05
               49300        2.273490e-04        1.673261e-05
               49400        2.345710e-04        1.673055e-05
               49500        2.313600e-04        1.598028e-05
               49600        2.310050e-04        1.325391e-05
               49700        2.281620e-04        1.199918e-05
               49800        2.286580e-04        1.199715e-05
               49900        2.349860e-04        1.192275e-05
               50000        2.592600e-04        1.101693e-05
               50100        2.255380e-04        1.101976e-05
               50200        2.828960e-04        1.015504e-05
               50300        2.302510e-04        1.020874e-05
               50400        2.173590e-04        1.020861e-05
               50500        2.612350e-04        9.291406e-06
               50600        2.342940e-04        9.291439e-06
               50700        2.458100e-04        8.133687e-06
               50800        2.246140e-04        8.133687e-06
               50900        2.309140e-04        8.133870e-06
               51000        2.639950e-04        8.134238e-06
               51100        2.077040e-04        8.133870e-06
               51200        1.871600e-04        7.130399e-06
               51300        2.524190e-04        7.129513e-06
               51400        2.401640e-04        6.766814e-06
               51500        2.629970e-04        6.245414e-06
               51600        2.090210e-04        5.307103e-06
               51700        3.096110e-04        5.357253e-06
               51800        2.621760e-04        5.357254e-06
               51900        2.266650e-04        5.307103e-06
               52000        2.567340e-04        4.318425e-06
               52100        2.544040e-04        4.348597e-06
               52200        2.301490e-04        3.800285e-06
               52300        2.676090e-04        3.799857e-06
               52400        2.518210e-04        3.213782e-06
               52500        2.296650e-04        3.088638e-06
               52600        2.571180e-04        3.079346e-06
               52700        2.522070e-04        2.641540e-06
               52800        2.476660e-04        2.634060e-06
               52900        2.533620e-04        2.330287e-06
               53000        2.311900e-04        2.329699e-06
               53100        2.723120e-04        2.105794e-06
               53200        2.561660e-04        1.914980e-06
               53300        2.181630e-04        1.750416e-06
               53400        2.585940e-04        1.750364e-06
               53500        2.552870e-04        1.493148e-06
               53600        2.304950e-04        1.381791e-06
               53700        2.800810e-04        1.381696e-06
               53800        2.532340e-04        1.187845e-06
               53900        2.354690e-04        1.187822e-06
               54000        2.554690e-04        1.088659e-06
               54100        2.530260e-04        1.088759e-06
               54200        2.322820e-04        9.461512e-07
               54300        2.733060e-04        9.462079e-07
               54400        2.435550e-04        9.054752e-07
               54500        2.356220e-04        7.696050e-07
               54600        2.239520e-04        7.694556e-07
               54700        2.227320e-04        6.871817e-07
               54800        2.358950e-04        6.871817e-07
               54900        2.536440e-04        6.844653e-07
               55000        2.230340e-04        5.881567e-07
               55100        2.918010e-04        5.880966e-07
               55200        2.374480e-04        5.749675e-07
               55300        2.387680e-04        5.749675e-07
               55400        2.208750e-04        4.354168e-07
               55500        2.169440e-04        4.353716e-07
               55600        2.438260e-04        4.147883e-07
               55700        2.536570e-04        4.145499e-07
               55800        2.232030e-04        3.701140e-07
               55900        2.643880e-04        3.701597e-07
               56000        2.227780e-04        3.239308e-07
               56100        1.760390e-04        3.239138e-07
               56200        2.788710e-04        2.880412e-07
               56300        2.022890e-04        2.521503e-07
               56400        2.383750e-04        2.521503e-07
               56500        2.609230e-04        2.538786e-07
               56600        2.384870e-04        2.538648e-07
               56700        2.711620e-04        2.277096e-07
               56800        2.525110e-04        2.277111e-07
               56900        2.206210e-04        2.106405e-07
               57000        2.537070e-04        2.106405e-07
               57100        2.390870e-04        2.114755e-07
               57200        2.825250e-04        1.669187e-07
               57300        2.246960e-04        1.642591e-07
               57400        2.306420e-04        1.622027e-07
               57500        2.314330e-04        1.468161e-07
               57600        2.583100e-04        1.468170e-07
               57700        2.302990e-04        1.279626e-07
               57800        2.824120e-04        1.188368e-07
               57900        2.496520e-04        1.190289e-07
               58000        1.872360e-04        1.151235e-07
               58100        2.584640e-04        1.062743e-07
               58200        1.962800e-04        1.062732e-07
               58300        2.643300e-04        9.616562e-08
               58400        2.053470e-04        8.230417e-08
               58500        2.727590e-04        7.660657e-08
               58600        2.193080e-04        7.658973e-08
               58700        2.477800e-04        6.544330e-08
               58800        2.293100e-04        6.256099e-08
               58900        1.689970e-04        5.423748e-08
               59000        1.963970e-04        5.420612e-08
               59100        2.196360e-04        5.219018e-08
               59200        2.401000e-04        4.717016e-08
               59300        2.335130e-04        4.546834e-08
               59400        2.569560e-04        4.543953e-08
               59500        2.305050e-04        4.537132e-08
               59600        2.816870e-04        3.893335e-08
               59700        2.397440e-04        3.468186e-08
               59800        2.385610e-04        3.389505e-08
               59900        2.338500e-04        2.438675e-08
               60000        2.395600e-04        2.439853e-08
               60100        2.356760e-04        2.166722e-08
               60200        1.806390e-04        1.986894e-08
               60300        2.106630e-04        1.783871e-08
               60400        2.864130e-04        1.783479e-08
               60500        1.871490e-04        1.628955e-08
               60600        2.654040e-04        1.548246e-08
               60700        2.302870e-04        1.273061e-08
               60800        2.651410e-04        1.267527e-08
               60900        1.944500e-04        9.682116e-09
               61000        2.612790e-04        9.684927e-09
               61100        1.989550e-04        8.686313e-09
               61200        2.592530e-04        7.454692e-09
               61300        2.490630e-04        7.101043e-09
               61400        2.612350e-04        7.100796e-09
               61500        3.071260e-04        6.388310e-09
               61600        2.257140e-04        6.020659e-09
               61700        2.733130e-04        5.276126e-09
               61800        2.687370e-04        5.274326e-09
               61900        2.579530e-04        4.798245e-09
               62000        2.944230e-04        4.229830e-09
               62100        2.989480e-04        3.469556e-09
               62200        2.142100e-04        3.469699e-09
               62300        2.796280e-04        3.130074e-09
               62400        2.757980e-04        3.060603e-09
               62500        2.429470e-04        2.460119e-09
               62600        2.903470e-04        2.450277e-09
               62700        2.966700e-04        1.960358e-09
               62800        2.359510e-04        1.867140e-09
               62900        2.753380e-04        1.867140e-09
               63000        2.778150e-04        1.671632e-09
               63100        2.550480e-04        1.671632e-09
               63200        2.869790e-04        1.671632e-09
               63300        2.954120e-04        1.674977e-09
               63400        2.353620e-04        1.381735e-09
               63500        2.818480e-04        1.360392e-09
               63600        2.774490e-04        1.314829e-09
               63700        2.350400e-04        1.203039e-09
               63800        2.870360e-04        1.203656e-09
               63900        2.857470e-04        1.023739e-09
               64000        2.275430e-04        1.023627e-09
               64100        2.824190e-04        1.003511e-09
               64200        2.400330e-04        1.003687e-09
               64300        2.103530e-04        8.398682e-10
               64400        2.813840e-04        8.398682e-10
               64500        2.506170e-04        7.577220e-10
               64600        3.012850e-04        7.577220e-10
               64700        3.047250e-04        6.032937e-10
               64800        2.400370e-04        6.031840e-10
               64900        2.905190e-04        5.587872e-10
               65000        2.897480e-04        4.990594e-10
               65100        2.415790e-04        4.996380e-10
               65200        2.961320e-04        4.361404e-10
               65300        3.062410e-04        4.361404e-10
               65400        2.190480e-04        4.349999e-10
               65500        2.788930e-04        3.783130e-10
               65600        3.034420e-04        3.783477e-10
               65700        2.241040e-04        3.538137e-10
               65800        2.540970e-04        3.236729e-10
               65900        3.059710e-04        3.236641e-10
               66000        2.256490e-04        2.862889e-10
               66100        2.974710e-04        2.862800e-10
               66200        2.841220e-04        2.727904e-10
               66300        2.449000e-04        2.727981e-10
               66400        3.179930e-04        2.251356e-10
               66500        2.943990e-04        2.251709e-10
               66600        1.688530e-04        2.167615e-10
               66700        2.682980e-04        2.167582e-10
               66800        2.122460e-04        1.993737e-10
               66900        1.926020e-04        1.993963e-10
               67000        2.721330e-04        1.832249e-10
               67100        2.338720e-04        1.832179e-10
               67200        2.714580e-04        1.638564e-10
               67300        3.097930e-04        1.638564e-10
               67400        2.353660e-04        1.481030e-10
               67500        2.857490e-04        1.481133e-10
               67600        2.781170e-04        1.251106e-10
               67700        2.457410e-04        1.251106e-10
               67800        2.851040e-04        1.088118e-10
               67900        2.928340e-04        1.088509e-10
               68000        2.305220e-04        1.064776e-10
               68100        2.821390e-04        9.778574e-11
               68200        2.613540e-04        9.771972e-11
               68300        2.087830e-04        8.128124e-11
               68400        2.356540e-04        8.128124e-11
               68500        2.291550e-04        8.151640e-11
               68600        2.177810e-04        6.744646e-11
               68700        2.249430e-04        6.743559e-11
               68800        2.508740e-04        6.076391e-11
               68900        2.104510e-04        6.119257e-11
               69000        2.854160e-04        6.118491e-11
               69100        2.081260e-04        4.987595e-11
               69200        2.759260e-04        4.987535e-11
               69300        1.877870e-04        4.355837e-11
               69400        2.904590e-04        4.355835e-11
               69500        1.943050e-04        4.029135e-11
               69600        2.425110e-04        4.029135e-11
               69700        2.261540e-04        3.567591e-11
               69800        2.908360e-04        3.567591e-11
               69900        2.194760e-04        3.254752e-11
               70000        2.844790e-04        3.254752e-11
               70100        2.256670e-04        3.046794e-11
               70200        2.884030e-04        3.046794e-11
               70300        2.297240e-04        3.046794e-11
               70400        2.829560e-04        2.320249e-11
               70500        2.292510e-04        2.130200e-11
               70600        1.941220e-04        2.130416e-11
               70700        2.978930e-04        1.793624e-11
               70800        1.986880e-04        1.794044e-11
               70900        2.846890e-04        1.665408e-11
               71000        2.002950e-04        1.390864e-11
               71100        2.925470e-04        1.391020e-11
               71200        2.285720e-04        1.287556e-11
               71300        2.338790e-04        1.187832e-11
               71400        2.472220e-04        1.006315e-11
               71500        2.348280e-04        1.005191e-11
               71600        2.422100e-04        9.700045e-12
               71700        2.395590e-04        8.255798e-12
               71800        2.882120e-04        8.256636e-12
               71900        2.342040e-04        7.688826e-12
               72000        2.971000e-04        7.687821e-12
               72100        2.326280e-04        7.723967e-12
               72200        2.189570e-04        6.456758e-12
               72300        2.939430e-04        6.455598e-12
               72400        2.299500e-04        5.562513e-12
               72500        2.883360e-04        5.069595e-12
               72600        2.907740e-04        5.069320e-12
               72700        2.368490e-04        4.352384e-12
               72800        2.892440e-04        4.352480e-12
               72900        3.008420e-04        3.808864e-12
               73000        2.294590e-04        3.808855e-12
               73100        2.805480e-04        3.261070e-12
               73200        2.796180e-04        3.261070e-12
               73300        2.503640e-04        2.864830e-12
               73400        2.919710e-04        2.864835e-12
               73500        2.955200e-04        2.641666e-12
               73600        2.343090e-04        2.641509e-12
               73700        1.774100e-04        2.419618e-12
               73800        2.884990e-04        2.419618e-12
               73900        2.609680e-04        2.419618e-12
               74000        2.075430e-04        2.075990e-12
               74100        2.732380e-04        2.038248e-12
               74200        2.447360e-04        1.727076e-12
               74300        2.799540e-04        1.727335e-12
               74400        2.942480e-04        1.627604e-12
               74500        2.347300e-04        1.557474e-12
               74600        2.798100e-04        1.367844e-12
               74700        2.767070e-04        1.368169e-12
               74800        2.497970e-04        1.300274e-12
               74900        2.821300e-04        1.183249e-12
               75000        3.033560e-04        9.927982e-13
               75100        2.346890e-04        9.925897e-13
               75200        2.752000e-04        8.378971e-13
               75300        2.685710e-04        7.949032e-13
               75400        2.585780e-04        7.189953e-13
               75500        3.139480e-04        7.188796e-13
               75600        2.409800e-04        6.759357e-13
               75700        1.884780e-04        6.217743e-13
               75800        3.036560e-04        5.623725e-13
               75900        2.040300e-04        5.621404e-13
               76000        2.835770e-04        5.027082e-13
               76100        2.025260e-04        4.595977e-13
               76200        2.969530e-04        3.898519e-13
               76300        2.022540e-04        3.898976e-13
               76400        2.713170e-04        3.510003e-13
               76500        2.599500e-04        3.190233e-13
               76600        2.499510e-04        2.716536e-13
               76700        2.364740e-04        2.716318e-13
               76800        2.451350e-04        2.402413e-13
               76900        2.475410e-04        2.308418e-13
               77000        2.978830e-04        1.794984e-13
               77100        2.321260e-04        1.794911e-13
               77200        2.852780e-04        1.805693e-13
               77300        2.825220e-04        1.765060e-13
               77400        2.495950e-04        1.511776e-13
               77500        1.937660e-04        1.511891e-13
               77600        2.881470e-04        1.292999e-13
               77700        1.960670e-04        1.117890e-13
               77800        2.321960e-04        1.148880e-13
               77900        2.993720e-04        9.621652e-14
               78000        2.349480e-04        9.624758e-14
               78100        2.848760e-04        9.397203e-14
               78200        2.861410e-04        9.148050e-14
               78300        2.342950e-04        8.647199e-14
               78400        2.972950e-04        7.829809e-14
               78500        3.118080e-04        7.667628e-14
               78600        2.347540e-04        7.407896e-14
               78700        1.905260e-04        6.071350e-14
               78800        2.823000e-04        6.072397e-14
               78900        2.465000e-04        5.523173e-14
               79000        1.995790e-04        5.413082e-14
               79100        2.841460e-04        4.224675e-14
               79200        2.409660e-04        4.224301e-14
               79300        2.855930e-04        4.140984e-14
               79400        3.046850e-04        3.807651e-14
               79500        2.208540e-04        3.438098e-14
               79600        3.029580e-04        3.437007e-14
               79700        2.870550e-04        2.891523e-14
               79800        2.424860e-04        2.820992e-14
               79900        2.983120e-04        2.816771e-14
               80000        3.061670e-04        2.572648e-14
               80100        2.185930e-04        2.572648e-14
               80200        2.823260e-04        2.069608e-14
               80300        2.787560e-04        2.070594e-14
               80400        2.341270e-04        1.889955e-14
               80500        2.987220e-04        1.631747e-14
               80600        2.992030e-04        1.631497e-14
               80700        2.733260e-04        1.349874e-14
               80800        2.796870e-04        1.349876e-14
               80900        2.377210e-04        1.280477e-14
               81000        2.967030e-04        1.280500e-14
               81100        3.015590e-04        1.112023e-14
               81200        2.401060e-04        1.112077e-14
               81300        1.697480e-04        9.698686e-15
               81400        2.801100e-04        9.698797e-15
               81500        2.138680e-04        8.758797e-15
               81600        2.324080e-04        8.758709e-15
               81700        2.792160e-04        7.088925e-15
               81800        2.509730e-04        5.938758e-15
               81900        3.036240e-04        5.938758e-15
               82000        2.968630e-04        5.456608e-15
               82100        2.443480e-04        5.456608e-15
               82200        2.810060e-04        5.138486e-15
               82300        2.513270e-04        5.138486e-15
               82400        2.022290e-04        4.638365e-15
               82500        2.997110e-04        4.638365e-15
               82600        2.008190e-04        4.662078e-15
               82700        2.812540e-04        4.662262e-15
               82800        2.125310e-04        3.838308e-15
               82900        2.944200e-04        3.840667e-15
               83000        2.287370e-04        3.683284e-15
               83100        2.955110e-04        3.682648e-15
               83200        2.335680e-04        3.235563e-15
               83300        2.932310e-04        3.235924e-15
               83400        2.377200e-04        3.080173e-15
               83500        2.428910e-04        3.079708e-15
               83600        2.313230e-04        2.675853e-15
               83700        2.321820e-04        2.676136e-15
               83800        2.299450e-04        2.413787e-15
               83900        2.849020e-04        2.413958e-15
               84000        2.530720e-04        1.717322e-15
               84100        1.879850e-04        1.497461e-15
               84200        3.042000e-04        1.497461e-15
               84300        2.048070e-04        1.497461e-15
               84400        2.628670e-04        1.494527e-15
               84500        2.427080e-04        1.346919e-15
               84600        2.424860e-04        1.346857e-15
               84700        2.699150e-04        1.098367e-15
               84800        2.523490e-04        1.098169e-15
               84900        2.451980e-04        1.107504e-15
               85000        2.875110e-04        9.529488e-16
               85100        2.755580e-04        9.529051e-16
               85200        2.767860e-04        8.820932e-16
               85300        3.075980e-04        8.820837e-16
               85400        2.471470e-04        7.860284e-16
               85500        2.404860e-04        7.860284e-16
               85600        2.337510e-04        7.831112e-16
               85700        2.544950e-04        6.752995e-16
               85800        3.045070e-04        6.754456e-16
               85900        2.473710e-04        6.207387e-16
               86000        2.818760e-04        5.702064e-16
               86100        2.757270e-04        5.699001e-16
               86200        2.558920e-04        4.662071e-16
               86300        2.904620e-04        4.661874e-16
               86400        3.033080e-04        4.140274e-16
               86500        2.507600e-04        4.140253e-16
               86600        3.027080e-04        4.140253e-16
               86700        2.855530e-04        3.434014e-16
               86800        2.493560e-04        3.016242e-16
               86900        2.933470e-04        3.016242e-16
               87000        2.908290e-04        2.745093e-16
               87100        1.995120e-04        2.745093e-16
               87200        2.854660e-04        2.563090e-16
               87300        2.404270e-04        2.563121e-16
               87400        2.624420e-04        2.354904e-16
               87500        2.440380e-04        2.354904e-16
               87600        2.566660e-04        2.135463e-16
               87700        2.753310e-04        2.135460e-16
               87800        2.411680e-04        1.841967e-16
               87900        2.912650e-04        1.839999e-16
               88000        2.297880e-04        1.729136e-16
               88100        2.556110e-04        1.716208e-16
               88200        2.953140e-04        1.717766e-16
               88300        2.321020e-04        1.406129e-16
               88400        2.536080e-04        1.406107e-16
               88500        1.843740e-04        1.325857e-16
               88600        3.014690e-04        1.325862e-16
               88700        1.852240e-04        1.274295e-16
               88800        2.419670e-04        1.274295e-16
               88900        2.496540e-04        1.125032e-16
               89000        1.808600e-04        1.125032e-16
               89100        2.768190e-04        1.080638e-16
               89200        1.847390e-04        1.080636e-16
               89300        2.761280e-04        9.739522e-17
               89400        2.514110e-04        9.739522e-17
               89500        1.779990e-04        9.183008e-17
               89600        2.891550e-04        9.182368e-17
               89700        1.952920e-04        8.809151e-17
               89800        2.723290e-04        8.809151e-17
               89900        2.794820e-04        8.791819e-17
               90000        2.795030e-04        7.547804e-17
               90100        2.955020e-04        7.548466e-17
               90200        2.374950e-04        7.081960e-17
               90300        2.705910e-04        6.652421e-17
               90400        2.680230e-04        6.651703e-17
               90500        2.283040e-04        5.898445e-17
               90600        2.785860e-04        5.898302e-17
               90700        2.921160e-04        5.351677e-17
               90800        2.436710e-04        5.351700e-17
               90900        2.786300e-04        5.161013e-17
               91000        2.776400e-04        5.158601e-17
               91100        2.454310e-04        4.722022e-17
               91200        2.820540e-04        4.722022e-17
               91300        2.522380e-04        4.538165e-17
               91400        2.315140e-04        4.539114e-17
               91500        2.259420e-04        4.535625e-17
               91600        2.424640e-04        4.021236e-17
               91700        2.793610e-04        4.021236e-17
               91800        2.392130e-04        3.529784e-17
               91900        2.577730e-04        3.019483e-17
               92000        2.265740e-04        3.025400e-17
               92100        1.787580e-04        2.530853e-17
               92200        1.932580e-04        2.038313e-17
               92300        2.909640e-04        1.955349e-17
               92400        2.198710e-04        1.763323e-17
               92500        2.962400e-04        1.763455e-17
               92600        2.160320e-04        1.730304e-17
               92700        2.952720e-04        1.565526e-17
               92800        2.051270e-04        1.302211e-17
               92900        2.993690e-04        1.302235e-17
               93000        1.891150e-04        1.092444e-17
               93100        1.939300e-04        1.016103e-17
               93200        3.140410e-04        8.893215e-18
               93300        2.468450e-04        8.886880e-18
               93400        2.888010e-04        8.659879e-18
               93500        3.200920e-04        8.079608e-18
               93600        2.857110e-04        5.367680e-18
               93700        3.046730e-04        5.034388e-18
               93800        2.321700e-04        4.218661e-18
               93900        2.790630e-04        4.201788e-18
               94000        2.804030e-04        3.512895e-18
               94100        1.787120e-04        3.513564e-18
               94200        2.836180e-04        3.314648e-18
               94300        2.685660e-04        2.994833e-18
               94400        2.653850e-04        2.499220e-18
               94500        2.713560e-04        2.468168e-18
               94600        1.775410e-04        2.338407e-18
               94700        2.837600e-04        2.215342e-18
               94800        2.685200e-04        1.758986e-18
               94900        2.673770e-04        1.759468e-18
               95000        2.749740e-04        1.639824e-18
               95100        1.838980e-04        1.497819e-18
               95200        2.845620e-04        1.421521e-18
               95300        2.719270e-04        1.421520e-18
               95400        2.730190e-04        1.256969e-18
               95500        2.714680e-04        1.218117e-18
               95600        2.765690e-04        1.218315e-18
               95700        2.175480e-04        1.053918e-18
               95800        2.135740e-04        1.053902e-18
               95900        2.051810e-04        9.253532e-19
               96000        2.073690e-04        9.253366e-19
               96100        2.067830e-04        9.289802e-19
               96200        1.984220e-04        9.289802e-19
               96300        2.020890e-04        8.219521e-19
               96400        1.990500e-04        8.219521e-19
               96500        2.025860e-04        6.399700e-19
               96600        2.049460e-04        6.401307e-19
               96700        2.017370e-04        6.035844e-19
               96800        2.018830e-04        5.784312e-19
               96900        1.976180e-04        5.781517e-19
               97000        2.043700e-04        4.308787e-19
               97100        1.846130e-04        4.308785e-19
               97200        1.747170e-04        3.891125e-19
               97300        1.577830e-04        3.891125e-19
               97400        1.579910e-04        3.767200e-19
               97500        1.475630e-04        3.767200e-19
               97600        1.505300e-04        3.425942e-19
               97700        1.489250e-04        3.425942e-19
               97800        1.466250e-04        2.945745e-19
               97900        1.478410e-04        2.945988e-19
               98000        1.452350e-04        2.612378e-19
               98100        1.451630e-04        2.612378e-19
               98200        1.426060e-04        2.600955e-19
               98300        1.447640e-04        2.048615e-19
               98400        1.435660e-04        2.048662e-19
               98500        1.501690e-04        2.048662e-19
               98600        1.435160e-04        1.890208e-19
               98700        1.465210e-04        1.766228e-19
               98800        1.458130e-04        1.350647e-19
               98900        1.440670e-04        1.350704e-19
               99000        1.448300e-04        1.352727e-19
               99100        1.405680e-04        1.191387e-19
               99200        3.268400e-04        1.191381e-19
               99300        1.432160e-04        1.168030e-19
               99400        1.435460e-04        1.034483e-19
               99500        1.412600e-04        1.034524e-19
               99600        1.398180e-04        9.217243e-20
               99700        1.405920e-04        9.217201e-20
               99800        1.405910e-04        9.155790e-20
               99900        1.482990e-04        8.365747e-20
              100000        1.399360e-04        8.360261e-20
