Period: 100
               Epoch           Time cost                Loss
                 100        1.114690e-04        1.484789e+04
                 200        5.305800e-05        7.186676e+03
                 300        5.092900e-05        3.150738e+03
                 400        4.997800e-05        1.843717e+03
                 500        4.988300e-05        1.328054e+03
                 600        5.065300e-05        8.241232e+02
                 700        5.059700e-05        6.011716e+02
                 800        8.519300e-05        4.479883e+02
                 900        8.449600e-05        2.848317e+02
                1000        8.905800e-05        1.805798e+02
                1100        8.472300e-05        1.350565e+02
                1200        8.477400e-05        9.130741e+01
                1300        7.867000e-05        5.570659e+01
                1400        6.726900e-05        4.307623e+01
                1500        5.612800e-05        2.742492e+01
                1600        6.705300e-05        2.019317e+01
                1700        5.541900e-05        1.318368e+01
                1800        6.723300e-05        8.354814e+00
                1900        6.744600e-05        5.983847e+00
                2000        7.518400e-05        4.634237e+00
                2100        7.546700e-05        3.654423e+00
                2200        8.519900e-05        2.515359e+00
                2300        8.556400e-05        1.972712e+00
                2400        8.549300e-05        1.332074e+00
                2500        7.521600e-05        1.120542e+00
                2600        5.589200e-05        7.907264e-01
                2700        4.665800e-05        6.068053e-01
                2800        4.684300e-05        4.536184e-01
                2900        4.667800e-05        3.587544e-01
                3000        4.677200e-05        2.879811e-01
                3100        4.682600e-05        1.915924e-01
                3200        4.672600e-05        1.438596e-01
                3300        4.672100e-05        1.114359e-01
                3400        4.700000e-05        8.561741e-02
                3500        4.696400e-05        6.586965e-02
                3600        4.686000e-05        4.926025e-02
                3700        4.688700e-05        3.789570e-02
                3800        4.692900e-05        2.754604e-02
                3900        4.690800e-05        2.022441e-02
                4000        4.683400e-05        1.469198e-02
                4100        4.708600e-05        1.028301e-02
                4200        4.716100e-05        7.585628e-03
                4300        4.703600e-05        5.909857e-03
                4400        4.716300e-05        4.217899e-03
                4500        4.696700e-05        3.195033e-03
                4600        4.695300e-05        2.194956e-03
                4700        4.720400e-05        1.526760e-03
                4800        4.710900e-05        1.204124e-03
                4900        4.713100e-05        9.999296e-04
                5000        7.684600e-05        7.245893e-04
                5100        6.167800e-05        5.230091e-04
                5200        7.685300e-05        5.230091e-04
                5300        4.861300e-05        5.230091e-04
                5400        7.718100e-05        2.542368e-04
                5500        7.530000e-05        1.329078e-04
                5600        7.495500e-05        1.328839e-04
                5700        4.879700e-05        8.592470e-05
                5800        6.568500e-05        8.592481e-05
                5900        8.278600e-05        4.302977e-05
                6000        9.523000e-05        2.232344e-05
                6100        4.890900e-05        2.232341e-05
                6200        7.449600e-05        1.411616e-05
                6300        5.109200e-05        1.411561e-05
                6400        7.928300e-05        5.838633e-06
                6500        5.072900e-05        4.500781e-06
                6600        7.775400e-05        2.772015e-06
                6700        6.091800e-05        2.768954e-06
                6800        7.723700e-05        1.483560e-06
                6900        5.437600e-05        1.052132e-06
                7000        7.289500e-05        1.053173e-06
                7100        5.187700e-05        5.489960e-07
                7200        6.075200e-05        3.439909e-07
                7300        6.974200e-05        3.439941e-07
                7400        7.930200e-05        3.439878e-07
                7500        6.582100e-05        3.439901e-07
                7600        6.653400e-05        2.013444e-07
                7700        6.863500e-05        2.008842e-07
                7800        4.822700e-05        1.285224e-07
                7900        6.067100e-05        8.479746e-08
                8000        5.162900e-05        4.476899e-08
                8100        6.752300e-05        4.479815e-08
                8200        6.527300e-05        4.514601e-08
                8300        8.120700e-05        2.698956e-08
                8400        5.969000e-05        2.163798e-08
                8500        6.276200e-05        1.190012e-08
                8600        7.869100e-05        1.075190e-08
                8700        7.779600e-05        1.073438e-08
                8800        8.616300e-05        1.075190e-08
                8900        5.049800e-05        5.161496e-09
                9000        7.972200e-05        3.178117e-09
                9100        6.156100e-05        1.417458e-09
                9200        7.909400e-05        1.091026e-09
                9300        5.023000e-05        1.092878e-09
                9400        8.699300e-05        1.092878e-09
                9500        9.044200e-05        6.025262e-10
                9600        5.218500e-05        3.634692e-10
                9700        5.569300e-05        2.915894e-10
                9800        7.189600e-05        1.492867e-10
                9900        7.062100e-05        1.492682e-10
               10000        7.265800e-05        1.492085e-10
               10100        6.911700e-05        1.006941e-10
               10200        6.828800e-05        6.270817e-11
               10300        6.048400e-05        6.270817e-11
               10400        8.026400e-05        6.271500e-11
               10500        6.740800e-05        6.270787e-11
               10600        6.818300e-05        6.270787e-11
               10700        6.744400e-05        2.964004e-11
               10800        7.132800e-05        2.965438e-11
               10900        7.378600e-05        2.965438e-11
               11000        8.665300e-05        1.249133e-11
               11100        6.129700e-05        1.108244e-11
               11200        6.725900e-05        5.915633e-12
               11300        7.490300e-05        5.923947e-12
               11400        5.176500e-05        5.923947e-12
               11500        7.833900e-05        4.410767e-12
               11600        6.370200e-05        1.936561e-12
               11700        5.226900e-05        1.217956e-12
               11800        8.306700e-05        6.968053e-13
               11900        5.189000e-05        6.940716e-13
               12000        9.024900e-05        5.164017e-13
               12100        5.970800e-05        3.099883e-13
               12200        6.627300e-05        3.096036e-13
               12300        7.774600e-05        1.464689e-13
               12400        7.825100e-05        1.378911e-13
               12500        9.267400e-05        6.887200e-14
               12600        7.944000e-05        6.868286e-14
               12700        7.734900e-05        6.759700e-14
               12800        8.737400e-05        4.010830e-14
               12900        6.551100e-05        4.013516e-14
               13000        7.870700e-05        3.814117e-14
               13100        7.881500e-05        1.577077e-14
               13200        9.378500e-05        1.578701e-14
               13300        9.079800e-05        1.577077e-14
               13400        8.213700e-05        1.498650e-14
               13500        6.498900e-05        8.356655e-15
               13600        6.843200e-05        7.329008e-15
               13700        6.636800e-05        3.330813e-15
               13800        7.587100e-05        3.328967e-15
               13900        6.517400e-05        3.343856e-15
               14000        7.386900e-05        3.343856e-15
               14100        6.663700e-05        1.583967e-15
               14200        7.374100e-05        1.051139e-15
               14300        6.200000e-05        6.121643e-16
               14400        7.437100e-05        3.165986e-16
               14500        6.634400e-05        2.234516e-16
               14600        7.412600e-05        1.976564e-16
               14700        6.382400e-05        1.973666e-16
               14800        7.240200e-05        1.003960e-16
               14900        6.542600e-05        9.455539e-17
               15000        7.568500e-05        4.073930e-17
               15100        9.326800e-05        4.058467e-17
               15200        6.529700e-05        4.057471e-17
               15300        7.442500e-05        2.509505e-17
               15400        9.318500e-05        1.348166e-17
               15500        5.374800e-05        1.348149e-17
               15600        7.872800e-05        1.348110e-17
               15700        7.544600e-05        1.348108e-17
               15800        6.534700e-05        1.348166e-17
               15900        7.582700e-05        8.051449e-18
               16000        6.728700e-05        8.046811e-18
               16100        7.391500e-05        8.051025e-18
               16200        6.537700e-05        4.487232e-18
               16300        7.275300e-05        4.487232e-18
               16400        6.989100e-05        2.142482e-18
               16500        7.865800e-05        2.149522e-18
               16600        5.244100e-05        2.147195e-18
               16700        6.603500e-05        1.556489e-18
               16800        8.004600e-05        1.029395e-18
               16900        6.774000e-05        1.029395e-18
               17000        7.239300e-05        1.029395e-18
               17100        7.485900e-05        1.029395e-18
               17200        5.912500e-05        7.633239e-19
               17300        7.310800e-05        7.633239e-19
               17400        6.720400e-05        7.633239e-19
               17500        7.759700e-05        7.629220e-19
               17600        7.158800e-05        2.920162e-19
               17700        7.699200e-05        2.916766e-19
               17800        6.915000e-05        2.580354e-19
               17900        7.740200e-05        1.048414e-19
               18000        7.176700e-05        1.045763e-19
               18100        7.686200e-05        7.662041e-20
               18200        6.794800e-05        3.851208e-20
               18300        7.880900e-05        3.857448e-20
               18400        7.109500e-05        2.343689e-20
               18500        7.746700e-05        1.429708e-20
               18600        7.075000e-05        1.421470e-20
               18700        8.030600e-05        1.040355e-20
               18800        6.795600e-05        6.873407e-21
               18900        7.965300e-05        6.868959e-21
               19000        8.436100e-05        4.144977e-21
               19100        1.047340e-04        3.278149e-21
               19200        1.020640e-04        3.280482e-21
               19300        9.158300e-05        1.928055e-21
               19400        1.019160e-04        1.458134e-21
               19500        6.231200e-05        1.458273e-21
               19600        8.993100e-05        7.981672e-22
               19700        5.407400e-05        6.479236e-22
               19800        9.015700e-05        6.481853e-22
               19900        6.090500e-05        2.976551e-22
               20000        8.073700e-05        1.844218e-22
               20100        7.151900e-05        1.844231e-22
               20200        7.842400e-05        1.844231e-22
               20300        7.267100e-05        1.844231e-22
               20400        8.087000e-05        1.844231e-22
               20500        5.422600e-05        8.642322e-23
               20600        8.682000e-05        4.427001e-23
               20700        5.495500e-05        4.427318e-23
               20800        8.528200e-05        4.427318e-23
               20900        6.669600e-05        4.427318e-23
               21000        1.038030e-04        4.427318e-23
               21100        9.697500e-05        1.941829e-23
               21200        5.737700e-05        1.939798e-23
               21300        8.450300e-05        1.904218e-23
               21400        5.831300e-05        7.915116e-24
               21500        8.486100e-05        7.918219e-24
               21600        6.791000e-05        6.941231e-24
               21700        6.814700e-05        3.302517e-24
               21800        8.230900e-05        3.300366e-24
               21900        8.135300e-05        2.905099e-24
               22000        8.648700e-05        1.480044e-24
               22100        7.051700e-05        1.483649e-24
               22200        8.309400e-05        9.919636e-25
               22300        7.091000e-05        6.092911e-25
               22400        7.791400e-05        6.110947e-25
               22500        6.777900e-05        6.110947e-25
               22600        8.507300e-05        4.099345e-25
               22700        6.766900e-05        6.110947e-25
               22800        5.513600e-05        2.154904e-25
               22900        7.768900e-05        2.151428e-25
               23000        7.368400e-05        1.463613e-25
               23100        7.970600e-05        8.127966e-26
               23200        7.151800e-05        8.115199e-26
               23300        8.194100e-05        5.512471e-26
               23400        6.939000e-05        4.048035e-26
               23500        8.151700e-05        4.069569e-26
               23600        5.625600e-05        4.069569e-26
               23700        8.443700e-05        2.859110e-26
               23800        5.510900e-05        1.863632e-26
               23900        8.189700e-05        1.862523e-26
               24000        6.828000e-05        1.443732e-26
               24100        9.417000e-05        1.254673e-26
               24200        5.449900e-05        1.252560e-26
               24300        1.123560e-04        1.053960e-26
               24400        5.311100e-05        9.448839e-27
               24500        9.038300e-05        9.387539e-27
               24600        5.364500e-05        8.609941e-27
               24700        9.501100e-05        7.412297e-27
               24800        5.286000e-05        7.457703e-27
               24900        9.201600e-05        6.706307e-27
               25000        7.452400e-05        7.235096e-27
               25100        5.245100e-05        7.289035e-27
               25200        8.783600e-05        6.911214e-27
               25300        5.356400e-05        6.557630e-27
               25400        9.705700e-05        6.510807e-27
               25500        5.403900e-05        5.466770e-27
               25600        6.747700e-05        4.951537e-27
               25700        8.193700e-05        4.971463e-27
               25800        7.031000e-05        4.725088e-27
               25900        6.188400e-05        5.084702e-27
               26000        5.618900e-05        5.077645e-27
               26100        7.926200e-05        5.054618e-27
               26200        7.075700e-05        4.830378e-27
               26300        7.946100e-05        4.426721e-27
               26400        5.859000e-05        4.428693e-27
               26500        8.282100e-05        4.428693e-27
               26600        5.825100e-05        4.428693e-27
               26700        8.093800e-05        5.126001e-27
               26800        7.336800e-05        5.129452e-27
               26900        7.855200e-05        5.126001e-27
               27000        7.167200e-05        5.289850e-27
               27100        8.035200e-05        4.571289e-27
               27200        6.879000e-05        4.571289e-27
               27300        6.138800e-05        5.186019e-27
               27400        5.795400e-05        5.140980e-27
               27500        7.843000e-05        5.410779e-27
               27600        7.078700e-05        5.454944e-27
               27700        8.372700e-05        5.472372e-27
               27800        5.707100e-05        4.788592e-27
               27900        8.351400e-05        5.266015e-27
               28000        5.763800e-05        5.255954e-27
               28100        8.344000e-05        5.027208e-27
               28200        7.232100e-05        5.027208e-27
               28300        8.879500e-05        5.091668e-27
               28400        5.322800e-05        5.260967e-27
               28500        9.002300e-05        4.374612e-27
               28600        5.339400e-05        4.661301e-27
               28700        9.424700e-05        4.271041e-27
               28800        8.862600e-05        4.096860e-27
               28900        6.578000e-05        4.453256e-27
               29000        8.348300e-05        5.065221e-27
               29100        8.412800e-05        5.065221e-27
               29200        9.168600e-05        5.211366e-27
               29300        1.183570e-04        4.925186e-27
               29400        5.907600e-05        5.133490e-27
               29500        8.443900e-05        5.468338e-27
               29600        5.889000e-05        6.090231e-27
               29700        8.571700e-05        5.685198e-27
               29800        7.411400e-05        5.839843e-27
               29900        7.131000e-05        5.627145e-27
               30000        8.391000e-05        4.763589e-27
               30100        7.476900e-05        4.527520e-27
               30200        8.226300e-05        4.973216e-27
               30300        6.694800e-05        4.911611e-27
               30400        8.097300e-05        4.757196e-27
               30500        9.032400e-05        5.386992e-27
               30600        1.104580e-04        5.350990e-27
               30700        8.087200e-05        5.350990e-27
               30800        9.423900e-05        5.274426e-27
               30900        5.481500e-05        4.785010e-27
               31000        9.036700e-05        4.338416e-27
               31100        5.356100e-05        4.205520e-27
               31200        9.464500e-05        4.485772e-27
               31300        5.392600e-05        4.517644e-27
               31400        9.255200e-05        4.599846e-27
               31500        7.107400e-05        4.374787e-27
               31600        9.223600e-05        3.727255e-27
               31700        1.046860e-04        3.979387e-27
               31800        8.712100e-05        4.241781e-27
               31900        9.342400e-05        4.321285e-27
               32000        5.445000e-05        3.969999e-27
               32100        8.175200e-05        3.969999e-27
               32200        6.483700e-05        4.677629e-27
               32300        8.144300e-05        4.612994e-27
               32400        9.754700e-05        4.532799e-27
               32500        7.461900e-05        4.211479e-27
               32600        5.901900e-05        4.194949e-27
               32700        7.600000e-05        4.287119e-27
               32800        7.799400e-05        4.538011e-27
               32900        6.887900e-05        4.539802e-27
               33000        8.406200e-05        4.204423e-27
               33100        8.971400e-05        4.701367e-27
               33200        6.565300e-05        4.655154e-27
               33300        6.931800e-05        4.655154e-27
               33400        9.205600e-05        4.638362e-27
               33500        5.522200e-05        4.821974e-27
               33600        8.076700e-05        4.386988e-27
               33700        5.487300e-05        4.495592e-27
               33800        8.343000e-05        4.597535e-27
               33900        6.300800e-05        5.092828e-27
               34000        6.877700e-05        4.699432e-27
               34100        8.340500e-05        4.733647e-27
               34200        8.968600e-05        4.688720e-27
               34300        9.608900e-05        4.691339e-27
               34400        9.461500e-05        4.688720e-27
               34500        7.544500e-05        4.122289e-27
               34600        7.637400e-05        4.582602e-27
               34700        5.384600e-05        4.227306e-27
               34800        8.081700e-05        4.584721e-27
               34900        5.673100e-05        4.484786e-27
               35000        6.856500e-05        5.514837e-27
               35100        7.839100e-05        5.365339e-27
               35200        5.532700e-05        5.410131e-27
               35300        8.968100e-05        5.780057e-27
               35400        7.221200e-05        6.061716e-27
               35500        6.953800e-05        6.489691e-27
               35600        7.492900e-05        5.332604e-27
               35700        6.843400e-05        5.037900e-27
               35800        7.743200e-05        5.196244e-27
               35900        6.931300e-05        5.543263e-27
               36000        7.726500e-05        5.264303e-27
               36100        6.965100e-05        5.030739e-27
               36200        8.396300e-05        4.564976e-27
               36300        1.049570e-04        4.514074e-27
               36400        5.410100e-05        4.694643e-27
               36500        7.743000e-05        5.093010e-27
               36600        5.323400e-05        6.246233e-27
               36700        8.750400e-05        4.883916e-27
               36800        5.353200e-05        4.866136e-27
               36900        8.957100e-05        4.806285e-27
               37000        6.242500e-05        5.190911e-27
               37100        6.916800e-05        5.221778e-27
               37200        7.923100e-05        5.117637e-27
               37300        9.167600e-05        5.028611e-27
               37400        5.936000e-05        5.143754e-27
               37500        8.277600e-05        4.527216e-27
               37600        5.513100e-05        4.809249e-27
               37700        8.702400e-05        5.169346e-27
               37800        6.693500e-05        5.169346e-27
               37900        9.632400e-05        5.347965e-27
               38000        9.257200e-05        5.355974e-27
               38100        9.018500e-05        4.546824e-27
               38200        7.249900e-05        4.159077e-27
               38300        8.867200e-05        4.175094e-27
               38400        5.393900e-05        4.329138e-27
               38500        8.641300e-05        4.785874e-27
               38600        8.870800e-05        5.522266e-27
               38700        6.874700e-05        5.511159e-27
               38800        5.670900e-05        5.093164e-27
               38900        8.020700e-05        4.595778e-27
               39000        6.217700e-05        4.590427e-27
               39100        7.087300e-05        4.529073e-27
               39200        7.103900e-05        4.634712e-27
               39300        7.217000e-05        4.634712e-27
               39400        7.021100e-05        4.634712e-27
               39500        7.523100e-05        5.032254e-27
               39600        6.998400e-05        5.032254e-27
               39700        7.927000e-05        5.032254e-27
               39800        9.032000e-05        5.032254e-27
               39900        8.420400e-05        5.032254e-27
               40000        5.753000e-05        4.967170e-27
               40100        8.123200e-05        4.994140e-27
               40200        5.582400e-05        4.158305e-27
               40300        8.484400e-05        4.218572e-27
               40400        5.938000e-05        4.446903e-27
               40500        6.824700e-05        4.509581e-27
               40600        7.751800e-05        4.526506e-27
               40700        5.445500e-05        5.006006e-27
               40800        8.412600e-05        6.053249e-27
               40900        5.924800e-05        6.052895e-27
               41000        7.715300e-05        6.053249e-27
               41100        7.148900e-05        5.707340e-27
               41200        7.982100e-05        6.595890e-27
               41300        7.077500e-05        6.595890e-27
               41400        7.556400e-05        6.595890e-27
               41500        6.882800e-05        6.595890e-27
               41600        7.368900e-05        6.469397e-27
               41700        6.891000e-05        6.469397e-27
               41800        7.780900e-05        6.469397e-27
               41900        6.973100e-05        5.356541e-27
               42000        7.865200e-05        5.356048e-27
               42100        7.011200e-05        5.356541e-27
               42200        7.871800e-05        5.356541e-27
               42300        8.103300e-05        5.749778e-27
               42400        7.008800e-05        5.749778e-27
               42500        7.399500e-05        5.195685e-27
               42600        7.010500e-05        5.348766e-27
               42700        7.372300e-05        5.349555e-27
               42800        6.899400e-05        5.349555e-27
               42900        7.436500e-05        5.349555e-27
               43000        6.779100e-05        5.349555e-27
               43100        7.434300e-05        5.348766e-27
               43200        7.091300e-05        4.809968e-27
               43300        8.519600e-05        5.311118e-27
               43400        6.858300e-05        5.309756e-27
               43500        7.415400e-05        4.922509e-27
               43600        6.881900e-05        5.873408e-27
               43700        7.266400e-05        5.566189e-27
               43800        6.765300e-05        5.566189e-27
               43900        7.648800e-05        5.566189e-27
               44000        7.215800e-05        5.564797e-27
               44100        5.623700e-05        5.564797e-27
               44200        7.849400e-05        6.433598e-27
               44300        6.611800e-05        5.215148e-27
               44400        7.527200e-05        5.212979e-27
               44500        6.930600e-05        5.212979e-27
               44600        7.443500e-05        5.217712e-27
               44700        7.067500e-05        4.864035e-27
               44800        7.285600e-05        4.885415e-27
               44900        6.847800e-05        4.813269e-27
               45000        7.533100e-05        5.000256e-27
               45100        6.875900e-05        5.010382e-27
               45200        7.746300e-05        4.853375e-27
               45300        6.687000e-05        5.073816e-27
               45400        8.013300e-05        4.530943e-27
               45500        6.319800e-05        4.550017e-27
               45600        7.817100e-05        4.929370e-27
               45700        5.157000e-05        6.188742e-27
               45800        8.029600e-05        6.192215e-27
               45900        5.893200e-05        6.192215e-27
               46000        8.600400e-05        6.192215e-27
               46100        8.339400e-05        4.901606e-27
               46200        8.772500e-05        4.904762e-27
               46300        8.742300e-05        4.901606e-27
               46400        5.496100e-05        4.950343e-27
               46500        1.041200e-04        4.463782e-27
               46600        5.563900e-05        4.499720e-27
               46700        8.236100e-05        4.713272e-27
               46800        6.050400e-05        6.263093e-27
               46900        6.657700e-05        5.389792e-27
               47000        8.023100e-05        5.150916e-27
               47100        5.685700e-05        5.143595e-27
               47200        8.454400e-05        5.130816e-27
               47300        5.608400e-05        5.112213e-27
               47400        7.640600e-05        5.854425e-27
               47500        6.977600e-05        5.863208e-27
               47600        7.795800e-05        5.722573e-27
               47700        6.917900e-05        5.846419e-27
               47800        7.466300e-05        5.854414e-27
               47900        6.743600e-05        5.034140e-27
               48000        7.263200e-05        4.774399e-27
               48100        6.873500e-05        4.654867e-27
               48200        8.751700e-05        4.901215e-27
               48300        6.818800e-05        5.086204e-27
               48400        7.536300e-05        5.056321e-27
               48500        8.685300e-05        4.275581e-27
               48600        8.332700e-05        3.937595e-27
               48700        8.188500e-05        3.937595e-27
               48800        8.901500e-05        3.937595e-27
               48900        8.810900e-05        3.937595e-27
               49000        8.720000e-05        4.304790e-27
               49100        8.810200e-05        4.725674e-27
               49200        9.501900e-05        4.330062e-27
               49300        9.502900e-05        4.342689e-27
               49400        5.437700e-05        4.429722e-27
               49500        7.644300e-05        5.031500e-27
               49600        5.327000e-05        4.704257e-27
               49700        8.424300e-05        4.520955e-27
               49800        5.463700e-05        4.586522e-27
               49900        7.954700e-05        4.579759e-27
               50000        7.070700e-05        4.618550e-27
               50100        7.983900e-05        4.491378e-27
               50200        6.785700e-05        4.362528e-27
               50300        7.599100e-05        4.208355e-27
               50400        7.012400e-05        4.500848e-27
               50500        7.825200e-05        5.300653e-27
               50600        7.035700e-05        4.961753e-27
               50700        7.699700e-05        5.568399e-27
               50800        6.886800e-05        5.568399e-27
               50900        7.724900e-05        5.568399e-27
               51000        5.585300e-05        5.568991e-27
               51100        8.039900e-05        5.223143e-27
               51200        6.286500e-05        5.216240e-27
               51300        7.224000e-05        4.704477e-27
               51400        7.109700e-05        4.704477e-27
               51500        7.262600e-05        4.704477e-27
               51600        6.952100e-05        4.704477e-27
               51700        7.706700e-05        4.256647e-27
               51800        9.662500e-05        4.273293e-27
               51900        5.403100e-05        4.273293e-27
               52000        8.099300e-05        4.196455e-27
               52100        5.494000e-05        3.899416e-27
               52200        8.940200e-05        4.285838e-27
               52300        6.175400e-05        4.452662e-27
               52400        7.083200e-05        5.069752e-27
               52500        8.327600e-05        5.105761e-27
               52600        8.731400e-05        5.346132e-27
               52700        9.471200e-05        5.047761e-27
               52800        5.706800e-05        5.234657e-27
               52900        8.865600e-05        4.922580e-27
               53000        6.955500e-05        6.276710e-27
               53100        7.981400e-05        6.270095e-27
               53200        8.342400e-05        6.279561e-27
               53300        9.374900e-05        6.270095e-27
               53400        7.443400e-05        5.437298e-27
               53500        7.704100e-05        5.437298e-27
               53600        8.991100e-05        5.437298e-27
               53700        5.392300e-05        5.471495e-27
               53800        8.408600e-05        4.989234e-27
               53900        8.911700e-05        4.529772e-27
               54000        6.189400e-05        5.232914e-27
               54100        8.438100e-05        4.954099e-27
               54200        6.542100e-05        4.869335e-27
               54300        7.721800e-05        4.741302e-27
               54400        6.575900e-05        4.456604e-27
               54500        7.928300e-05        5.499278e-27
               54600        6.593400e-05        6.234942e-27
               54700        7.906000e-05        6.170275e-27
               54800        6.950900e-05        6.336984e-27
               54900        7.971400e-05        5.448221e-27
               55000        9.632000e-05        5.436865e-27
               55100        8.805200e-05        5.832770e-27
               55200        6.136000e-05        6.130049e-27
               55300        7.061700e-05        6.145087e-27
               55400        8.045900e-05        5.860551e-27
               55500        9.096300e-05        5.592473e-27
               55600        8.693500e-05        5.669542e-27
               55700        9.074200e-05        5.448305e-27
               55800        8.842700e-05        5.344453e-27
               55900        5.333400e-05        5.278813e-27
               56000        7.639700e-05        4.530405e-27
               56100        5.251000e-05        4.549267e-27
               56200        8.336700e-05        4.515133e-27
               56300        5.686100e-05        4.624575e-27
               56400        7.004700e-05        4.667974e-27
               56500        8.008000e-05        4.661177e-27
               56600        9.621800e-05        4.082883e-27
               56700        8.064500e-05        4.154683e-27
               56800        5.433000e-05        4.780142e-27
               56900        6.399900e-05        5.558881e-27
               57000        6.770900e-05        5.621451e-27
               57100        5.459900e-05        5.258128e-27
               57200        8.711200e-05        6.045827e-27
               57300        6.390800e-05        6.469849e-27
               57400        8.413700e-05        6.259700e-27
               57500        7.633500e-05        5.785643e-27
               57600        6.934600e-05        4.310876e-27
               57700        7.847600e-05        4.319891e-27
               57800        7.328400e-05        4.446715e-27
               57900        7.089300e-05        4.857972e-27
               58000        6.488500e-05        4.650269e-27
               58100        9.335400e-05        4.396649e-27
               58200        9.407900e-05        4.325494e-27
               58300        8.606500e-05        4.518900e-27
               58400        9.507800e-05        5.327474e-27
               58500        7.813400e-05        5.123956e-27
               58600        7.655100e-05        4.998709e-27
               58700        9.042400e-05        5.370432e-27
               58800        8.799800e-05        6.314430e-27
               58900        8.785400e-05        6.555908e-27
               59000        9.021600e-05        7.057648e-27
               59100        5.722000e-05        7.118886e-27
               59200        9.188200e-05        6.754493e-27
               59300        5.638000e-05        6.568355e-27
               59400        8.804300e-05        6.574390e-27
               59500        6.620600e-05        5.173174e-27
               59600        7.490300e-05        5.160466e-27
               59700        8.433900e-05        5.173174e-27
               59800        5.507200e-05        5.269313e-27
               59900        8.538400e-05        5.159694e-27
               60000        5.392300e-05        4.344421e-27
               60100        8.321100e-05        4.360761e-27
               60200        7.415600e-05        4.747707e-27
               60300        9.512900e-05        4.746511e-27
               60400        5.283700e-05        4.746511e-27
               60500        7.716600e-05        4.747707e-27
               60600        5.160800e-05        4.818366e-27
               60700        7.983200e-05        4.818366e-27
               60800        5.432700e-05        4.818366e-27
               60900        7.964600e-05        4.798196e-27
               61000        6.871200e-05        4.798196e-27
               61100        7.687400e-05        4.798196e-27
               61200        7.071300e-05        4.520368e-27
               61300        7.805000e-05        4.520368e-27
               61400        6.552800e-05        4.520784e-27
               61500        7.887400e-05        4.520368e-27
               61600        6.628500e-05        4.327699e-27
               61700        7.836300e-05        4.646086e-27
               61800        6.901400e-05        4.597774e-27
               61900        7.956900e-05        4.882156e-27
               62000        9.412300e-05        4.371181e-27
               62100        5.621200e-05        4.689460e-27
               62200        7.217600e-05        4.674293e-27
               62300        5.363500e-05        5.896207e-27
               62400        8.279200e-05        5.725844e-27
               62500        6.175700e-05        5.685377e-27
               62600        7.065600e-05        5.607232e-27
               62700        7.707100e-05        5.579940e-27
               62800        8.780300e-05        5.343543e-27
               62900        8.934100e-05        4.798213e-27
               63000        5.441800e-05        4.876819e-27
               63100        8.003600e-05        5.043169e-27
               63200        6.189900e-05        4.815349e-27
               63300        7.337000e-05        4.771339e-27
               63400        6.585200e-05        4.840705e-27
               63500        6.967100e-05        5.487787e-27
               63600        6.944000e-05        5.460793e-27
               63700        7.386500e-05        5.328286e-27
               63800        6.794700e-05        5.267120e-27
               63900        7.445000e-05        5.294376e-27
               64000        6.978300e-05        4.604847e-27
               64100        7.613600e-05        4.664523e-27
               64200        5.510800e-05        4.662156e-27
               64300        8.359100e-05        4.664523e-27
               64400        6.148800e-05        4.662156e-27
               64500        7.384500e-05        4.664523e-27
               64600        6.811900e-05        4.572831e-27
               64700        7.778800e-05        4.518407e-27
               64800        5.414900e-05        4.768418e-27
               64900        8.558300e-05        5.575379e-27
               65000        5.300900e-05        5.575379e-27
               65100        8.470900e-05        5.575379e-27
               65200        5.772600e-05        5.575379e-27
               65300        6.938200e-05        5.005660e-27
               65400        7.771100e-05        5.005660e-27
               65500        9.354600e-05        5.005660e-27
               65600        8.364300e-05        4.729760e-27
               65700        8.801200e-05        4.729760e-27
               65800        7.049300e-05        4.729760e-27
               65900        6.517100e-05        4.188039e-27
               66000        5.571600e-05        4.188039e-27
               66100        8.365100e-05        4.188039e-27
               66200        5.382400e-05        5.269769e-27
               66300        8.351800e-05        5.269769e-27
               66400        6.211600e-05        5.269769e-27
               66500        7.216500e-05        4.674826e-27
               66600        7.925300e-05        4.696687e-27
               66700        9.531700e-05        4.625083e-27
               66800        9.545400e-05        4.553363e-27
               66900        8.785600e-05        4.614977e-27
               67000        8.548600e-05        4.228856e-27
               67100        5.391600e-05        4.218034e-27
               67200        8.271300e-05        4.304934e-27
               67300        5.426200e-05        4.799238e-27
               67400        8.447600e-05        4.820645e-27
               67500        5.316600e-05        4.703214e-27
               67600        8.390700e-05        4.609643e-27
               67700        5.996800e-05        4.566151e-27
               67800        7.327300e-05        4.259937e-27
               67900        7.795800e-05        3.438441e-27
               68000        9.055100e-05        3.428540e-27
               68100        9.990700e-05        3.595822e-27
               68200        6.878900e-05        3.680015e-27
               68300        9.647600e-05        3.661605e-27
               68400        8.835400e-05        4.415964e-27
               68500        8.356700e-05        4.476867e-27
               68600        7.478400e-05        5.431042e-27
               68700        9.823100e-05        4.375395e-27
               68800        7.187000e-05        4.712414e-27
               68900        9.392900e-05        4.810514e-27
               69000        1.032660e-04        4.797906e-27
               69100        6.264700e-05        5.056098e-27
               69200        8.853200e-05        5.188953e-27
               69300        6.177800e-05        5.190530e-27
               69400        5.429400e-05        5.188953e-27
               69500        9.158600e-05        5.190530e-27
               69600        6.962100e-05        5.690332e-27
               69700        6.043300e-05        5.663550e-27
               69800        7.311400e-05        5.764916e-27
               69900        9.552000e-05        5.593724e-27
               70000        6.886200e-05        5.595590e-27
               70100        1.045340e-04        4.497669e-27
               70200        9.090800e-05        5.372222e-27
               70300        1.097080e-04        5.126194e-27
               70400        5.962700e-05        5.138754e-27
               70500        8.866400e-05        4.398199e-27
               70600        8.939500e-05        4.274496e-27
               70700        8.779800e-05        4.274496e-27
               70800        8.876000e-05        4.274496e-27
               70900        8.679600e-05        4.818154e-27
               71000        8.815300e-05        4.741972e-27
               71100        9.094400e-05        5.207329e-27
               71200        7.252900e-05        5.871589e-27
               71300        9.354700e-05        6.055981e-27
               71400        8.728500e-05        6.088983e-27
               71500        9.237200e-05        5.453304e-27
               71600        6.248400e-05        4.849279e-27
               71700        8.968400e-05        4.667221e-27
               71800        6.062300e-05        4.640449e-27
               71900        8.832200e-05        4.667221e-27
               72000        8.688500e-05        4.695230e-27
               72100        8.739400e-05        4.552927e-27
               72200        8.832600e-05        5.630373e-27
               72300        8.799300e-05        6.354611e-27
               72400        8.846400e-05        6.786616e-27
               72500        8.694200e-05        6.920299e-27
               72600        9.408300e-05        6.215253e-27
               72700        7.206400e-05        5.470368e-27
               72800        9.311100e-05        5.192612e-27
               72900        6.889400e-05        5.125069e-27
               73000        6.874300e-05        4.090569e-27
               73100        8.298500e-05        3.801124e-27
               73200        6.100700e-05        3.793728e-27
               73300        8.950900e-05        3.794024e-27
               73400        5.969300e-05        4.579458e-27
               73500        8.938500e-05        4.457287e-27
               73600        5.060300e-05        4.110172e-27
               73700        9.358300e-05        4.149869e-27
               73800        5.067900e-05        4.305787e-27
               73900        9.684500e-05        4.525770e-27
               74000        7.950000e-05        4.526005e-27
               74100        8.743100e-05        4.526005e-27
               74200        9.387100e-05        4.526005e-27
               74300        8.932000e-05        5.448462e-27
               74400        8.756900e-05        5.453195e-27
               74500        9.256500e-05        5.448462e-27
               74600        9.030000e-05        4.970911e-27
               74700        8.810300e-05        4.970911e-27
               74800        9.284900e-05        4.970911e-27
               74900        6.263800e-05        4.970911e-27
               75000        9.742000e-05        5.485760e-27
               75100        5.093400e-05        5.162594e-27
               75200        1.003670e-04        5.245328e-27
               75300        5.079000e-05        5.503383e-27
               75400        1.013460e-04        5.254516e-27
               75500        5.104400e-05        5.019027e-27
               75600        9.960300e-05        4.986121e-27
               75700        5.075300e-05        5.720967e-27
               75800        9.909600e-05        5.720967e-27
               75900        5.010000e-05        5.856287e-27
               76000        9.946400e-05        5.651879e-27
               76100        8.355000e-05        5.209286e-27
               76200        9.557200e-05        5.584890e-27
               76300        6.867800e-05        4.355443e-27
               76400        9.471100e-05        4.434992e-27
               76500        6.740700e-05        5.116661e-27
               76600        6.039700e-05        4.846529e-27
               76700        6.930500e-05        4.869086e-27
               76800        9.372800e-05        4.903460e-27
               76900        6.898600e-05        4.587613e-27
               77000        9.653800e-05        4.720088e-27
               77100        5.032900e-05        4.695449e-27
               77200        9.614600e-05        4.695449e-27
               77300        8.944000e-05        4.695449e-27
               77400        7.735200e-05        4.751120e-27
               77500        9.589700e-05        4.751120e-27
               77600        9.406900e-05        4.748754e-27
               77700        6.710800e-05        5.079858e-27
               77800        9.130300e-05        5.079858e-27
               77900        6.720500e-05        5.077689e-27
               78000        5.978400e-05        4.743577e-27
               78100        7.005800e-05        4.768865e-27
               78200        9.480300e-05        4.760234e-27
               78300        6.957400e-05        5.020602e-27
               78400        9.649700e-05        5.248807e-27
               78500        7.474600e-05        5.248807e-27
               78600        9.904000e-05        5.248609e-27
               78700        7.291300e-05        5.248807e-27
               78800        1.061540e-04        4.283672e-27
               78900        7.298500e-05        4.283672e-27
               79000        1.029260e-04        4.282784e-27
               79100        7.585400e-05        4.731784e-27
               79200        8.878700e-05        4.731784e-27
               79300        7.348800e-05        4.738440e-27
               79400        9.670100e-05        5.522480e-27
               79500        7.244500e-05        5.614551e-27
               79600        6.473800e-05        5.608991e-27
               79700        5.436500e-05        5.302092e-27
               79800        1.106160e-04        5.295007e-27
               79900        7.166100e-05        4.372896e-27
               80000        6.213900e-05        4.272623e-27
               80100        8.706500e-05        3.973528e-27
               80200        6.156600e-05        3.978819e-27
               80300        9.106200e-05        3.975460e-27
               80400        6.148400e-05        3.973528e-27
               80500        5.089000e-05        3.808874e-27
               80600        9.275300e-05        3.795148e-27
               80700        8.192400e-05        3.872344e-27
               80800        5.570000e-05        4.672192e-27
               80900        8.890500e-05        4.487738e-27
               81000        7.067300e-05        4.487738e-27
               81100        1.012730e-04        4.487738e-27
               81200        5.011300e-05        4.487738e-27
               81300        9.829400e-05        4.487738e-27
               81400        8.266000e-05        5.099438e-27
               81500        8.920500e-05        5.429367e-27
               81600        8.014300e-05        5.925539e-27
               81700        9.046300e-05        6.255080e-27
               81800        7.628200e-05        6.119286e-27
               81900        8.288000e-05        6.304470e-27
               82000        7.715500e-05        6.306948e-27
               82100        9.707100e-05        5.798674e-27
               82200        6.807200e-05        5.337704e-27
               82300        9.586000e-05        5.336308e-27
               82400        5.720200e-05        5.145585e-27
               82500        8.897300e-05        5.802433e-27
               82600        6.053600e-05        5.858765e-27
               82700        8.225300e-05        6.336433e-27
               82800        5.992100e-05        5.784272e-27
               82900        5.215500e-05        5.746008e-27
               83000        9.084800e-05        4.880474e-27
               83100        8.917200e-05        4.524724e-27
               83200        9.257300e-05        4.529528e-27
               83300        5.097400e-05        4.829888e-27
               83400        9.350100e-05        5.416007e-27
               83500        6.127300e-05        5.416007e-27
               83600        6.135800e-05        5.409499e-27
               83700        6.092700e-05        5.409499e-27
               83800        5.991300e-05        5.934709e-27
               83900        5.929200e-05        5.931166e-27
               84000        5.946800e-05        5.575732e-27
               84100        6.152500e-05        5.359144e-27
               84200        6.247700e-05        5.346544e-27
               84300        7.072000e-05        5.445153e-27
               84400        6.475200e-05        5.512969e-27
               84500        6.020200e-05        5.905714e-27
               84600        8.210200e-05        5.945508e-27
               84700        8.188600e-05        5.968133e-27
               84800        9.160600e-05        5.432369e-27
               84900        6.372800e-05        5.556250e-27
               85000        8.456300e-05        5.556250e-27
               85100        6.109400e-05        5.556250e-27
               85200        6.124800e-05        5.556250e-27
               85300        6.358500e-05        5.556250e-27
               85400        6.315400e-05        5.352624e-27
               85500        5.887600e-05        5.321107e-27
               85600        6.072000e-05        5.735726e-27
               85700        5.470700e-05        5.549815e-27
               85800        9.433600e-05        5.387354e-27
               85900        6.140800e-05        5.009332e-27
               86000        6.338400e-05        5.477783e-27
               86100        5.816900e-05        5.841725e-27
               86200        5.692700e-05        5.427204e-27
               86300        5.840900e-05        5.204028e-27
               86400        5.678700e-05        5.050673e-27
               86500        5.490400e-05        3.842209e-27
               86600        9.456100e-05        3.830634e-27
               86700        6.003700e-05        4.427523e-27
               86800        6.060900e-05        4.464393e-27
               86900        6.004400e-05        4.421975e-27
               87000        9.020800e-05        4.253234e-27
               87100        6.428900e-05        4.187235e-27
               87200        8.349300e-05        4.576359e-27
               87300        9.136700e-05        4.678768e-27
               87400        8.877200e-05        4.889721e-27
               87500        8.926200e-05        4.682479e-27
               87600        8.739800e-05        4.456496e-27
               87700        9.048000e-05        4.128574e-27
               87800        8.789500e-05        4.150557e-27
               87900        9.042100e-05        4.214570e-27
               88000        9.124400e-05        5.406588e-27
               88100        8.955200e-05        5.387833e-27
               88200        8.872100e-05        5.387833e-27
               88300        8.924300e-05        5.387833e-27
               88400        8.882000e-05        5.387833e-27
               88500        8.824600e-05        5.172550e-27
               88600        8.991900e-05        5.172550e-27
               88700        8.870800e-05        5.172550e-27
               88800        9.474500e-05        5.172550e-27
               88900        5.164800e-05        5.172550e-27
               89000        9.740400e-05        4.716536e-27
               89100        8.268700e-05        4.907868e-27
               89200        5.270400e-05        4.891533e-27
               89300        9.418400e-05        5.035292e-27
               89400        7.867300e-05        5.900286e-27
               89500        8.223700e-05        5.902964e-27
               89600        5.988600e-05        5.980746e-27
               89700        5.973100e-05        5.195110e-27
               89800        9.047600e-05        5.239031e-27
               89900        6.336600e-05        5.245588e-27
               90000        8.212500e-05        4.816765e-27
               90100        9.420000e-05        4.052034e-27
               90200        6.520400e-05        4.052034e-27
               90300        8.282000e-05        4.052034e-27
               90400        9.015500e-05        4.052034e-27
               90500        8.908000e-05        4.343281e-27
               90600        8.980300e-05        4.343133e-27
               90700        8.710000e-05        4.342492e-27
               90800        8.958000e-05        5.352236e-27
               90900        8.711800e-05        5.347305e-27
               91000        8.906500e-05        5.347305e-27
               91100        8.808200e-05        4.927331e-27
               91200        8.961000e-05        4.898205e-27
               91300        8.789100e-05        4.741815e-27
               91400        8.989700e-05        4.779958e-27
               91500        8.888800e-05        4.383223e-27
               91600        8.807100e-05        4.314110e-27
               91700        8.893600e-05        4.565420e-27
               91800        8.895200e-05        4.505617e-27
               91900        8.868900e-05        4.550432e-27
               92000        6.956700e-05        4.520763e-27
               92100        8.517200e-05        4.509905e-27
               92200        6.390000e-05        4.878321e-27
               92300        6.481200e-05        4.708774e-27
               92400        9.096600e-05        4.708774e-27
               92500        8.637700e-05        4.708774e-27
               92600        8.939400e-05        4.708774e-27
               92700        8.952900e-05        4.571206e-27
               92800        8.769900e-05        3.606386e-27
               92900        1.005180e-04        3.606583e-27
               93000        8.988800e-05        3.858890e-27
               93100        8.769700e-05        4.997141e-27
               93200        8.779300e-05        4.992897e-27
               93300        8.803100e-05        4.662019e-27
               93400        8.821100e-05        4.773177e-27
               93500        8.923600e-05        4.768287e-27
               93600        8.835500e-05        5.392140e-27
               93700        9.110600e-05        5.712090e-27
               93800        8.860900e-05        5.700503e-27
               93900        8.852600e-05        6.368144e-27
               94000        8.700800e-05        6.388378e-27
               94100        8.938400e-05        7.201934e-27
               94200        8.787300e-05        6.657750e-27
               94300        8.937700e-05        5.903904e-27
               94400        8.917000e-05        6.320109e-27
               94500        8.805500e-05        5.827977e-27
               94600        8.801700e-05        5.315827e-27
               94700        8.848800e-05        6.044553e-27
               94800        8.950600e-05        6.047659e-27
               94900        8.940500e-05        6.109377e-27
               95000        9.005700e-05        5.397391e-27
               95100        8.830900e-05        5.394100e-27
               95200        8.824400e-05        5.397391e-27
               95300        9.035500e-05        5.135032e-27
               95400        8.966300e-05        5.535059e-27
               95500        8.916200e-05        5.671234e-27
               95600        8.924500e-05        5.292505e-27
               95700        8.801100e-05        5.174132e-27
               95800        8.832800e-05        5.080125e-27
               95900        9.346100e-05        5.590734e-27
               96000        5.220800e-05        5.655836e-27
               96100        9.466300e-05        5.170712e-27
               96200        5.232600e-05        5.108548e-27
               96300        9.386600e-05        5.416981e-27
               96400        6.748200e-05        5.377646e-27
               96500        9.311500e-05        5.273615e-27
               96600        9.178400e-05        4.704313e-27
               96700        9.271300e-05        4.997103e-27
               96800        9.595200e-05        4.602130e-27
               96900        9.475100e-05        4.506395e-27
               97000        9.560000e-05        4.208294e-27
               97100        9.477300e-05        3.936995e-27
               97200        9.562900e-05        4.176438e-27
               97300        9.154800e-05        5.009325e-27
               97400        9.151700e-05        4.740026e-27
               97500        9.197800e-05        5.104998e-27
               97600        9.197000e-05        4.603529e-27
               97700        9.143900e-05        5.021766e-27
               97800        9.469400e-05        5.025513e-27
               97900        9.465500e-05        5.389660e-27
               98000        9.520000e-05        4.555338e-27
               98100        9.482100e-05        4.697240e-27
               98200        9.999500e-05        4.809489e-27
               98300        9.142800e-05        4.375632e-27
               98400        9.168000e-05        4.717186e-27
               98500        9.161800e-05        4.571897e-27
               98600        9.242600e-05        4.972757e-27
               98700        9.215300e-05        4.815099e-27
               98800        9.475300e-05        4.288779e-27
               98900        9.437000e-05        3.955221e-27
               99000        9.548200e-05        3.911289e-27
               99100        9.061200e-05        4.241023e-27
               99200        5.187700e-05        5.214015e-27
               99300        5.415900e-05        5.328271e-27
               99400        5.405000e-05        5.798196e-27
               99500        5.340400e-05        5.626608e-27
               99600        5.461100e-05        4.875575e-27
               99700        5.421800e-05        4.545895e-27
               99800        5.601400e-05        5.269142e-27
               99900        5.319200e-05        5.270616e-27
              100000        5.253500e-05        5.862284e-27
