Period: 100
               Epoch           Time cost                Loss
                 100        1.045130e-04        1.523145e+04
                 200        6.551500e-05        3.471470e+03
                 300        6.342500e-05        6.161454e+02
                 400        5.106200e-05        9.695665e+01
                 500        5.126900e-05        1.367242e+01
                 600        5.153700e-05        2.076421e+00
                 700        5.197600e-05        2.744628e-01
                 800        6.812700e-05        3.548306e-02
                 900        5.870000e-05        6.058492e-03
                1000        7.777100e-05        1.343806e-03
                1100        6.852600e-05        2.693606e-04
                1200        6.890600e-05        4.357221e-05
                1300        5.814200e-05        3.928582e-06
                1400        7.901800e-05        7.210668e-07
                1500        6.764700e-05        1.353838e-07
                1600        7.892000e-05        2.367794e-08
                1700        6.886800e-05        2.592992e-09
                1800        5.970500e-05        3.362135e-10
                1900        5.881700e-05        3.512520e-11
                2000        4.872800e-05        5.419977e-12
                2100        5.984300e-05        8.514597e-13
                2200        5.896200e-05        1.070289e-13
                2300        5.782400e-05        1.917955e-14
                2400        6.877500e-05        3.357584e-15
                2500        5.040400e-05        4.086744e-16
                2600        5.040000e-05        5.527827e-17
                2700        4.994200e-05        7.346947e-18
                2800        8.867500e-05        1.007492e-18
                2900        6.754300e-05        1.191485e-19
                3000        5.853200e-05        2.308722e-20
                3100        6.847700e-05        5.335724e-21
                3200        4.831200e-05        7.406639e-22
                3300        6.882200e-05        6.988964e-23
                3400        7.362600e-05        9.124665e-24
                3500        6.692300e-05        1.170125e-24
                3600        6.794500e-05        1.496694e-25
                3700        6.857000e-05        3.275553e-26
                3800        6.157700e-05        1.331167e-26
                3900        7.217100e-05        1.369693e-26
                4000        9.165900e-05        1.187289e-26
                4100        8.086200e-05        1.318848e-26
                4200        8.177100e-05        1.356353e-26
                4300        8.092700e-05        1.519224e-26
                4400        9.009800e-05        1.793727e-26
                4500        8.974600e-05        1.431726e-26
                4600        9.101700e-05        1.208479e-26
                4700        8.928600e-05        1.256606e-26
                4800        9.283200e-05        1.170309e-26
                4900        9.321000e-05        1.316759e-26
                5000        9.056400e-05        1.574449e-26
                5100        7.882500e-05        1.606057e-26
                5200        7.960300e-05        1.415091e-26
                5300        8.001400e-05        9.312716e-27
                5400        9.373900e-05        1.339409e-26
                5500        9.074900e-05        1.042417e-26
                5600        9.059200e-05        1.125834e-26
                5700        7.968700e-05        1.598743e-26
                5800        9.535400e-05        1.452723e-26
                5900        9.022400e-05        1.236002e-26
                6000        8.004300e-05        1.712402e-26
                6100        8.334300e-05        1.552642e-26
                6200        9.518400e-05        1.357530e-26
                6300        9.457800e-05        1.518011e-26
                6400        9.222200e-05        1.754470e-26
                6500        8.926300e-05        1.217785e-26
                6600        9.336600e-05        1.639745e-26
                6700        9.323500e-05        1.204781e-26
                6800        9.532200e-05        1.110640e-26
                6900        8.254200e-05        1.656891e-26
                7000        9.158900e-05        2.142672e-26
                7100        9.172400e-05        1.469410e-26
                7200        9.334600e-05        1.387242e-26
                7300        8.273100e-05        1.170500e-26
                7400        8.171800e-05        1.256732e-26
                7500        9.239200e-05        1.160383e-26
                7600        8.348900e-05        1.465414e-26
                7700        8.374000e-05        8.782305e-27
                7800        8.183800e-05        8.062949e-27
                7900        9.274400e-05        9.106771e-27
                8000        8.257000e-05        1.308520e-26
                8100        7.281000e-05        1.269431e-26
                8200        9.332700e-05        1.370512e-26
                8300        9.293100e-05        1.211513e-26
                8400        9.320200e-05        1.004187e-26
                8500        9.248700e-05        1.692339e-26
                8600        9.117800e-05        1.434481e-26
                8700        9.171000e-05        9.488009e-27
                8800        9.209800e-05        1.178992e-26
                8900        9.110300e-05        9.464337e-27
                9000        9.221100e-05        1.041767e-26
                9100        8.114900e-05        1.179179e-26
                9200        9.163400e-05        1.378847e-26
                9300        9.151500e-05        1.122783e-26
                9400        9.259400e-05        1.494628e-26
                9500        8.595000e-05        1.196376e-26
                9600        9.157100e-05        1.237274e-26
                9700        9.195600e-05        1.603558e-26
                9800        9.200100e-05        1.535572e-26
                9900        9.148600e-05        1.324799e-26
               10000        9.269400e-05        1.237918e-26
               10100        9.263200e-05        1.389398e-26
               10200        9.189200e-05        1.109275e-26
               10300        9.310700e-05        8.527563e-27
               10400        8.335900e-05        1.180945e-26
               10500        8.286400e-05        1.107486e-26
               10600        9.159900e-05        1.305751e-26
               10700        9.289000e-05        1.731562e-26
               10800        9.293900e-05        1.107720e-26
               10900        9.215600e-05        1.221900e-26
               11000        8.044300e-05        1.772966e-26
               11100        9.089300e-05        1.612851e-26
               11200        9.151800e-05        1.337859e-26
               11300        6.114400e-05        1.227771e-26
               11400        7.414100e-05        1.315165e-26
               11500        7.448600e-05        1.051635e-26
               11600        7.601600e-05        9.777001e-27
               11700        7.507700e-05        1.095379e-26
               11800        7.414800e-05        1.431784e-26
               11900        7.395200e-05        1.424150e-26
               12000        6.287200e-05        1.361228e-26
               12100        7.414900e-05        1.529796e-26
               12200        7.360800e-05        1.092048e-26
               12300        7.337500e-05        1.298702e-26
               12400        7.410400e-05        1.658009e-26
               12500        5.136300e-05        1.423528e-26
               12600        7.419100e-05        1.181959e-26
               12700        7.485700e-05        1.014260e-26
               12800        7.389600e-05        1.344197e-26
               12900        8.578300e-05        1.083059e-26
               13000        1.253400e-04        1.627081e-26
               13100        7.697700e-05        9.798272e-27
               13200        7.652400e-05        1.215128e-26
               13300        7.458000e-05        1.222509e-26
               13400        7.265300e-05        1.304809e-26
               13500        7.298900e-05        9.317615e-27
               13600        6.240000e-05        1.223722e-26
               13700        7.234200e-05        1.074441e-26
               13800        7.262100e-05        1.500892e-26
               13900        7.301400e-05        1.497426e-26
               14000        7.122600e-05        1.462796e-26
               14100        7.306900e-05        1.239793e-26
               14200        5.962600e-05        1.432893e-26
               14300        5.922900e-05        1.347294e-26
               14400        7.236200e-05        1.101664e-26
               14500        5.947500e-05        1.170440e-26
               14600        7.289600e-05        9.942216e-27
               14700        7.145500e-05        1.068852e-26
               14800        7.305600e-05        1.166981e-26
               14900        7.255500e-05        1.439682e-26
               15000        7.204600e-05        1.208061e-26
               15100        7.249300e-05        1.219855e-26
               15200        7.164200e-05        1.072901e-26
               15300        6.131900e-05        1.695163e-26
               15400        7.073600e-05        1.759252e-26
               15500        7.147600e-05        1.483072e-26
               15600        7.271000e-05        1.514700e-26
               15700        7.253500e-05        1.170498e-26
               15800        7.166100e-05        1.370065e-26
               15900        7.287000e-05        1.127108e-26
               16000        6.370300e-05        8.611447e-27
               16100        5.972600e-05        1.222793e-26
               16200        7.284400e-05        1.254665e-26
               16300        7.168000e-05        1.196025e-26
               16400        7.301900e-05        1.391128e-26
               16500        7.268600e-05        1.226591e-26
               16600        7.209700e-05        1.031551e-26
               16700        7.263400e-05        1.373386e-26
               16800        7.215900e-05        1.432577e-26
               16900        7.343200e-05        1.514157e-26
               17000        7.247200e-05        9.910338e-27
               17100        7.286900e-05        1.205029e-26
               17200        7.247200e-05        9.156442e-27
               17300        7.307900e-05        8.379808e-27
               17400        7.328600e-05        9.699559e-27
               17500        7.165800e-05        1.076696e-26
               17600        7.401000e-05        7.641677e-27
               17700        7.409300e-05        8.667645e-27
               17800        6.293700e-05        1.117880e-26
               17900        7.276900e-05        1.478422e-26
               18000        7.250900e-05        8.569313e-27
               18100        7.192900e-05        1.012784e-26
               18200        6.283800e-05        1.040601e-26
               18300        7.353600e-05        1.464326e-26
               18400        7.152900e-05        1.045968e-26
               18500        7.410500e-05        2.121848e-26
               18600        7.269100e-05        1.419946e-26
               18700        7.229100e-05        1.182803e-26
               18800        7.167700e-05        1.504727e-26
               18900        5.993300e-05        9.822820e-27
               19000        7.282700e-05        1.105596e-26
               19100        7.204000e-05        8.866541e-27
               19200        7.199400e-05        1.007561e-26
               19300        7.199500e-05        9.269839e-27
               19400        7.319800e-05        1.125508e-26
               19500        6.036600e-05        1.521815e-26
               19600        7.170300e-05        1.546916e-26
               19700        7.259800e-05        1.589044e-26
               19800        7.293600e-05        1.574829e-26
               19900        7.180800e-05        1.274880e-26
               20000        7.301900e-05        1.249502e-26
               20100        7.335700e-05        1.223119e-26
               20200        6.057600e-05        1.098657e-26
               20300        7.321600e-05        1.241520e-26
               20400        7.319600e-05        1.153883e-26
               20500        7.301900e-05        1.203220e-26
               20600        7.264100e-05        1.267333e-26
               20700        7.352200e-05        1.195767e-26
               20800        6.520300e-05        1.168897e-26
               20900        5.929800e-05        1.400709e-26
               21000        8.718100e-05        1.800537e-26
               21100        6.454200e-05        1.045356e-26
               21200        7.520500e-05        1.007687e-26
               21300        7.291400e-05        1.735487e-26
               21400        6.113900e-05        1.380417e-26
               21500        6.090000e-05        1.410041e-26
               21600        7.375600e-05        1.270921e-26
               21700        7.291800e-05        1.323024e-26
               21800        8.391100e-05        1.403193e-26
               21900        7.185500e-05        1.581300e-26
               22000        7.271500e-05        1.301364e-26
               22100        7.241000e-05        1.280508e-26
               22200        7.317600e-05        1.530565e-26
               22300        7.197000e-05        1.275926e-26
               22400        7.244600e-05        1.230730e-26
               22500        7.229200e-05        1.298296e-26
               22600        7.324100e-05        1.244898e-26
               22700        7.397500e-05        1.395796e-26
               22800        7.767800e-05        1.300302e-26
               22900        7.360000e-05        1.016195e-26
               23000        7.349600e-05        9.730323e-27
               23100        7.135600e-05        1.016622e-26
               23200        7.205400e-05        1.219599e-26
               23300        6.223600e-05        1.047453e-26
               23400        7.368800e-05        1.270959e-26
               23500        7.507400e-05        1.102926e-26
               23600        5.877800e-05        1.316877e-26
               23700        7.212100e-05        1.697559e-26
               23800        7.259400e-05        1.688111e-26
               23900        7.185600e-05        1.425517e-26
               24000        7.302400e-05        1.474396e-26
               24100        7.195800e-05        1.418071e-26
               24200        7.135800e-05        1.253479e-26
               24300        7.221000e-05        1.365361e-26
               24400        6.324900e-05        1.217032e-26
               24500        7.524700e-05        1.015084e-26
               24600        7.323900e-05        9.403614e-27
               24700        7.338800e-05        9.832348e-27
               24800        7.281800e-05        1.157676e-26
               24900        7.276500e-05        9.669271e-27
               25000        7.214300e-05        1.303411e-26
               25100        7.246500e-05        1.216248e-26
               25200        7.217500e-05        1.066218e-26
               25300        7.221500e-05        1.208200e-26
               25400        7.286200e-05        1.375285e-26
               25500        7.245400e-05        1.421183e-26
               25600        7.375400e-05        1.466713e-26
               25700        7.218800e-05        1.631365e-26
               25800        7.187900e-05        1.237057e-26
               25900        6.890200e-05        1.262552e-26
               26000        6.107100e-05        1.409265e-26
               26100        7.200200e-05        1.212065e-26
               26200        6.445700e-05        1.128897e-26
               26300        7.431400e-05        1.268690e-26
               26400        7.229800e-05        1.360493e-26
               26500        7.215800e-05        1.474510e-26
               26600        7.116300e-05        1.214098e-26
               26700        7.089200e-05        9.672665e-27
               26800        7.151100e-05        1.231686e-26
               26900        6.043200e-05        1.181755e-26
               27000        5.906300e-05        1.251856e-26
               27100        7.092500e-05        1.124226e-26
               27200        7.081200e-05        1.375974e-26
               27300        7.226600e-05        1.068276e-26
               27400        5.968900e-05        1.217609e-26
               27500        7.097100e-05        1.386406e-26
               27600        7.229500e-05        1.180000e-26
               27700        7.168700e-05        1.593684e-26
               27800        7.089200e-05        1.329470e-26
               27900        7.142200e-05        1.235971e-26
               28000        7.201100e-05        9.293783e-27
               28100        7.190900e-05        9.482139e-27
               28200        7.144500e-05        1.031132e-26
               28300        7.242800e-05        1.309958e-26
               28400        6.062600e-05        1.351747e-26
               28500        7.206800e-05        1.680305e-26
               28600        5.816800e-05        1.341861e-26
               28700        5.868400e-05        1.251208e-26
               28800        5.955800e-05        1.242505e-26
               28900        7.219400e-05        1.173938e-26
               29000        7.165300e-05        1.165410e-26
               29100        7.257100e-05        1.177590e-26
               29200        7.104500e-05        1.158303e-26
               29300        7.084300e-05        1.203607e-26
               29400        6.169300e-05        1.137619e-26
               29500        7.141400e-05        1.041275e-26
               29600        7.145800e-05        1.015572e-26
               29700        6.227000e-05        1.455486e-26
               29800        7.098700e-05        1.571757e-26
               29900        7.177500e-05        2.090584e-26
               30000        7.059100e-05        1.376764e-26
               30100        6.144500e-05        1.305948e-26
               30200        7.236100e-05        1.102688e-26
               30300        7.382700e-05        1.276413e-26
               30400        7.183400e-05        1.320818e-26
               30500        7.049000e-05        1.378276e-26
               30600        7.166200e-05        2.183922e-26
               30700        7.156800e-05        1.633689e-26
               30800        4.838600e-05        1.016293e-26
               30900        6.077200e-05        1.465317e-26
               31000        7.105600e-05        1.477983e-26
               31100        7.212500e-05        1.166375e-26
               31200        7.167400e-05        1.356640e-26
               31300        7.234100e-05        1.244717e-26
               31400        7.243700e-05        9.777479e-27
               31500        7.151900e-05        1.181597e-26
               31600        7.125300e-05        1.731499e-26
               31700        7.104000e-05        1.153104e-26
               31800        7.189400e-05        1.115366e-26
               31900        7.218200e-05        1.098937e-26
               32000        7.112400e-05        9.836971e-27
               32100        7.123000e-05        1.328109e-26
               32200        7.117800e-05        1.002067e-26
               32300        7.187600e-05        9.345729e-27
               32400        7.129100e-05        1.268676e-26
               32500        7.112400e-05        1.522357e-26
               32600        7.209700e-05        1.096954e-26
               32700        5.914200e-05        1.339173e-26
               32800        7.268100e-05        1.406229e-26
               32900        6.202200e-05        1.086862e-26
               33000        7.260900e-05        1.233958e-26
               33100        7.191600e-05        1.169917e-26
               33200        7.151600e-05        1.276731e-26
               33300        6.156200e-05        1.381569e-26
               33400        7.254500e-05        1.363658e-26
               33500        7.103500e-05        1.476112e-26
               33600        7.195800e-05        1.455407e-26
               33700        7.197900e-05        1.518450e-26
               33800        4.940200e-05        1.288928e-26
               33900        7.203500e-05        1.422165e-26
               34000        7.136900e-05        1.271739e-26
               34100        7.131500e-05        8.996923e-27
               34200        7.138200e-05        1.658415e-26
               34300        7.188700e-05        1.275420e-26
               34400        6.118000e-05        1.403982e-26
               34500        6.026300e-05        1.462042e-26
               34600        7.257800e-05        1.105580e-26
               34700        7.456600e-05        1.054328e-26
               34800        6.173400e-05        1.224448e-26
               34900        7.102700e-05        1.192122e-26
               35000        7.173700e-05        1.410891e-26
               35100        7.085000e-05        1.536714e-26
               35200        7.022600e-05        1.205666e-26
               35300        7.087100e-05        9.876767e-27
               35400        6.986700e-05        1.159844e-26
               35500        7.179600e-05        1.551536e-26
               35600        7.077900e-05        1.311734e-26
               35700        8.629100e-05        1.389889e-26
               35800        5.978000e-05        1.287682e-26
               35900        6.153500e-05        1.232891e-26
               36000        7.117300e-05        1.169580e-26
               36100        7.200600e-05        1.050020e-26
               36200        7.192000e-05        9.992926e-27
               36300        6.239500e-05        9.488537e-27
               36400        7.812100e-05        1.630863e-26
               36500        7.473000e-05        1.336964e-26
               36600        7.209300e-05        1.340473e-26
               36700        7.214200e-05        1.211610e-26
               36800        7.307700e-05        1.033500e-26
               36900        6.127100e-05        1.024108e-26
               37000        7.352700e-05        1.173876e-26
               37100        8.776600e-05        1.191359e-26
               37200        7.438000e-05        1.035921e-26
               37300        7.254800e-05        1.344331e-26
               37400        6.088900e-05        1.571017e-26
               37500        6.288600e-05        1.535169e-26
               37600        7.254600e-05        1.398563e-26
               37700        6.970200e-05        1.083217e-26
               37800        7.207600e-05        1.360292e-26
               37900        7.187600e-05        1.049153e-26
               38000        6.257600e-05        1.184186e-26
               38100        7.200400e-05        8.412975e-27
               38200        7.345200e-05        1.177116e-26
               38300        7.329800e-05        1.304223e-26
               38400        6.186000e-05        1.313771e-26
               38500        7.117300e-05        9.803237e-27
               38600        7.266400e-05        1.011091e-26
               38700        7.092400e-05        1.730458e-26
               38800        7.341500e-05        1.021210e-26
               38900        7.390600e-05        1.047737e-26
               39000        6.305600e-05        9.263110e-27
               39100        7.091800e-05        1.021406e-26
               39200        7.225900e-05        1.060875e-26
               39300        7.258800e-05        1.221215e-26
               39400        7.341500e-05        1.081099e-26
               39500        7.248000e-05        1.481023e-26
               39600        7.008300e-05        1.505074e-26
               39700        7.064800e-05        1.546776e-26
               39800        7.093200e-05        1.186951e-26
               39900        7.216600e-05        1.385928e-26
               40000        6.997700e-05        1.371686e-26
               40100        7.208200e-05        1.059005e-26
               40200        7.302800e-05        1.242760e-26
               40300        7.170800e-05        1.158915e-26
               40400        7.359600e-05        1.180054e-26
               40500        7.234100e-05        1.243364e-26
               40600        7.182600e-05        1.481289e-26
               40700        6.982500e-05        1.260761e-26
               40800        7.187200e-05        1.364770e-26
               40900        7.230500e-05        9.194452e-27
               41000        7.237900e-05        8.443577e-27
               41100        7.173300e-05        1.151108e-26
               41200        7.271400e-05        9.719288e-27
               41300        7.304900e-05        1.357316e-26
               41400        7.100400e-05        1.095140e-26
               41500        7.220500e-05        1.223685e-26
               41600        7.170100e-05        1.380759e-26
               41700        7.012000e-05        1.189785e-26
               41800        7.174700e-05        8.889851e-27
               41900        7.266600e-05        1.174367e-26
               42000        5.000800e-05        1.251131e-26
               42100        7.163400e-05        1.176900e-26
               42200        7.218300e-05        9.232851e-27
               42300        7.662300e-05        1.556871e-26
               42400        7.249700e-05        1.341611e-26
               42500        6.082300e-05        1.358376e-26
               42600        7.259400e-05        9.258437e-27
               42700        7.330100e-05        9.317786e-27
               42800        7.231200e-05        1.690292e-26
               42900        7.158900e-05        1.361556e-26
               43000        7.301800e-05        1.308319e-26
               43100        8.243400e-05        1.422429e-26
               43200        7.260000e-05        1.379776e-26
               43300        7.123500e-05        1.174145e-26
               43400        7.284000e-05        1.016175e-26
               43500        7.212200e-05        1.409170e-26
               43600        7.202000e-05        1.272904e-26
               43700        7.293000e-05        1.454086e-26
               43800        7.308700e-05        9.498386e-27
               43900        7.259000e-05        1.756582e-26
               44000        7.213200e-05        1.092122e-26
               44100        7.151100e-05        1.412111e-26
               44200        7.296000e-05        1.152108e-26
               44300        7.290000e-05        9.262312e-27
               44400        7.267100e-05        1.091542e-26
               44500        7.223600e-05        1.183287e-26
               44600        7.183200e-05        1.039763e-26
               44700        7.251800e-05        1.231695e-26
               44800        7.166100e-05        8.988980e-27
               44900        7.227700e-05        1.037602e-26
               45000        6.105200e-05        1.479907e-26
               45100        7.231600e-05        9.774794e-27
               45200        6.111600e-05        1.117139e-26
               45300        7.303300e-05        8.782894e-27
               45400        7.326100e-05        1.052077e-26
               45500        7.124200e-05        1.312612e-26
               45600        7.267600e-05        1.434032e-26
               45700        7.242400e-05        1.084385e-26
               45800        7.344200e-05        1.159764e-26
               45900        7.106300e-05        1.631459e-26
               46000        7.183900e-05        1.351007e-26
               46100        7.123100e-05        1.334179e-26
               46200        7.173300e-05        1.329552e-26
               46300        7.173200e-05        1.616613e-26
               46400        7.287700e-05        1.605958e-26
               46500        8.360900e-05        1.627326e-26
               46600        7.224900e-05        1.043003e-26
               46700        7.329400e-05        1.344101e-26
               46800        7.164600e-05        1.193021e-26
               46900        7.321500e-05        9.280804e-27
               47000        7.287300e-05        1.387216e-26
               47100        7.198200e-05        1.222080e-26
               47200        7.179200e-05        1.223499e-26
               47300        7.100600e-05        1.368898e-26
               47400        7.269800e-05        1.344614e-26
               47500        7.252800e-05        1.335398e-26
               47600        7.274900e-05        8.645717e-27
               47700        7.546200e-05        9.984314e-27
               47800        7.135500e-05        1.301678e-26
               47900        7.226100e-05        1.208741e-26
               48000        7.273500e-05        1.178092e-26
               48100        7.247900e-05        1.397196e-26
               48200        7.137000e-05        1.386952e-26
               48300        5.995400e-05        1.363429e-26
               48400        7.164900e-05        1.342165e-26
               48500        7.191900e-05        8.884931e-27
               48600        7.221600e-05        1.438385e-26
               48700        7.220200e-05        1.289352e-26
               48800        7.131800e-05        1.198511e-26
               48900        7.215200e-05        1.415016e-26
               49000        7.115200e-05        1.042808e-26
               49100        7.182700e-05        1.442578e-26
               49200        7.227500e-05        1.589691e-26
               49300        7.193100e-05        1.396310e-26
               49400        7.276600e-05        1.039887e-26
               49500        7.254100e-05        9.378130e-27
               49600        6.085200e-05        1.409259e-26
               49700        7.153800e-05        1.494288e-26
               49800        7.202700e-05        1.071596e-26
               49900        9.320900e-05        9.707405e-27
               50000        6.174800e-05        1.342681e-26
               50100        7.189000e-05        9.916749e-27
               50200        7.393900e-05        1.232348e-26
               50300        6.136000e-05        1.251030e-26
               50400        6.113100e-05        1.207294e-26
               50500        6.250900e-05        1.158384e-26
               50600        8.044300e-05        1.542454e-26
               50700        6.084400e-05        1.582472e-26
               50800        6.197200e-05        1.682367e-26
               50900        7.169900e-05        1.227157e-26
               51000        7.134200e-05        1.202394e-26
               51100        7.253900e-05        1.069088e-26
               51200        7.170600e-05        1.651206e-26
               51300        7.212600e-05        1.066831e-26
               51400        6.130600e-05        1.121359e-26
               51500        7.280500e-05        1.121340e-26
               51600        7.265600e-05        1.320454e-26
               51700        7.262100e-05        1.266126e-26
               51800        6.244300e-05        1.220423e-26
               51900        7.178900e-05        9.622875e-27
               52000        7.116800e-05        1.482283e-26
               52100        6.219500e-05        1.363627e-26
               52200        6.116400e-05        1.453263e-26
               52300        7.195500e-05        1.562208e-26
               52400        7.150600e-05        1.321686e-26
               52500        7.193500e-05        9.620712e-27
               52600        7.282200e-05        1.007393e-26
               52700        7.252600e-05        1.368123e-26
               52800        7.352700e-05        1.566687e-26
               52900        7.166700e-05        1.660958e-26
               53000        7.247400e-05        1.272218e-26
               53100        6.102800e-05        1.263957e-26
               53200        7.300800e-05        1.767425e-26
               53300        9.380000e-05        1.303804e-26
               53400        7.298400e-05        8.883222e-27
               53500        6.042700e-05        1.142576e-26
               53600        7.333000e-05        1.266678e-26
               53700        7.205200e-05        1.327999e-26
               53800        7.249900e-05        1.622881e-26
               53900        6.238400e-05        1.113045e-26
               54000        7.252600e-05        1.373960e-26
               54100        7.182900e-05        1.607885e-26
               54200        7.176000e-05        1.707190e-26
               54300        7.205500e-05        9.895243e-27
               54400        6.245800e-05        1.136348e-26
               54500        7.246200e-05        1.433926e-26
               54600        7.226800e-05        1.169812e-26
               54700        7.333100e-05        1.257177e-26
               54800        6.021900e-05        1.392830e-26
               54900        7.216300e-05        1.211876e-26
               55000        7.320100e-05        1.336517e-26
               55100        7.234800e-05        1.350123e-26
               55200        7.260800e-05        1.610066e-26
               55300        7.223800e-05        1.321003e-26
               55400        7.193100e-05        1.067852e-26
               55500        7.302700e-05        9.015884e-27
               55600        7.291400e-05        1.037677e-26
               55700        6.306700e-05        1.064389e-26
               55800        7.386900e-05        1.292392e-26
               55900        7.248400e-05        8.577780e-27
               56000        7.283000e-05        6.870130e-27
               56100        7.204400e-05        1.076870e-26
               56200        7.199500e-05        1.282418e-26
               56300        7.139000e-05        1.438421e-26
               56400        7.198100e-05        1.184696e-26
               56500        7.419700e-05        1.215817e-26
               56600        7.279700e-05        1.151441e-26
               56700        9.601100e-05        1.059334e-26
               56800        7.175400e-05        1.361119e-26
               56900        7.220900e-05        1.175635e-26
               57000        7.208800e-05        1.032659e-26
               57100        7.282400e-05        1.132765e-26
               57200        6.264600e-05        1.019183e-26
               57300        7.250300e-05        1.151140e-26
               57400        7.179600e-05        1.084621e-26
               57500        7.135100e-05        1.410416e-26
               57600        7.210900e-05        1.726643e-26
               57700        7.283300e-05        1.556834e-26
               57800        7.242500e-05        1.719784e-26
               57900        7.197100e-05        1.066862e-26
               58000        6.054600e-05        1.738657e-26
               58100        7.224900e-05        1.502719e-26
               58200        6.016400e-05        1.518212e-26
               58300        7.381700e-05        1.934795e-26
               58400        7.273200e-05        1.281315e-26
               58500        7.337900e-05        1.196706e-26
               58600        7.344100e-05        1.030504e-26
               58700        7.261000e-05        1.001222e-26
               58800        7.244300e-05        1.116061e-26
               58900        7.224200e-05        1.080352e-26
               59000        7.251600e-05        9.448894e-27
               59100        7.207100e-05        1.081261e-26
               59200        7.147500e-05        1.649772e-26
               59300        7.241400e-05        1.408690e-26
               59400        7.228700e-05        1.068494e-26
               59500        7.273700e-05        1.270190e-26
               59600        6.207800e-05        1.271727e-26
               59700        9.562200e-05        1.129776e-26
               59800        7.597500e-05        1.459926e-26
               59900        7.303800e-05        1.460184e-26
               60000        7.521100e-05        1.526322e-26
               60100        7.311400e-05        1.758193e-26
               60200        7.238900e-05        1.177530e-26
               60300        7.308100e-05        1.498293e-26
               60400        7.281600e-05        1.461302e-26
               60500        7.363000e-05        1.477626e-26
               60600        7.222900e-05        1.252816e-26
               60700        7.250900e-05        1.276765e-26
               60800        6.146500e-05        1.422990e-26
               60900        7.251500e-05        1.224917e-26
               61000        7.330300e-05        1.026249e-26
               61100        6.481000e-05        9.828873e-27
               61200        7.308300e-05        1.012175e-26
               61300        7.209100e-05        1.344648e-26
               61400        7.231200e-05        1.481248e-26
               61500        5.920100e-05        1.506352e-26
               61600        7.192600e-05        1.298397e-26
               61700        6.240300e-05        1.343122e-26
               61800        7.204800e-05        1.244675e-26
               61900        6.227500e-05        1.305728e-26
               62000        6.007700e-05        1.002090e-26
               62100        7.232800e-05        1.488500e-26
               62200        7.175200e-05        1.315239e-26
               62300        7.267900e-05        1.553107e-26
               62400        7.241700e-05        1.871705e-26
               62500        7.218600e-05        1.544752e-26
               62600        7.258800e-05        1.367159e-26
               62700        6.033700e-05        1.885215e-26
               62800        7.137600e-05        1.277410e-26
               62900        7.215800e-05        1.518356e-26
               63000        5.032100e-05        1.199549e-26
               63100        7.333900e-05        1.622504e-26
               63200        7.201700e-05        1.232968e-26
               63300        7.182300e-05        1.243533e-26
               63400        7.138500e-05        1.062078e-26
               63500        6.306000e-05        1.202356e-26
               63600        7.353800e-05        1.234441e-26
               63700        6.257400e-05        1.263545e-26
               63800        7.448300e-05        1.287479e-26
               63900        7.218900e-05        9.524081e-27
               64000        5.977700e-05        1.204854e-26
               64100        6.427800e-05        1.182834e-26
               64200        7.318400e-05        1.000663e-26
               64300        6.308000e-05        1.291746e-26
               64400        7.193100e-05        1.379745e-26
               64500        7.196900e-05        1.161821e-26
               64600        7.300100e-05        1.618168e-26
               64700        7.252000e-05        1.319882e-26
               64800        7.219000e-05        1.715907e-26
               64900        7.208200e-05        1.250372e-26
               65000        5.009000e-05        1.290460e-26
               65100        7.229800e-05        1.386564e-26
               65200        6.214900e-05        1.169484e-26
               65300        7.306500e-05        1.497149e-26
               65400        7.177700e-05        1.359970e-26
               65500        7.251700e-05        9.464920e-27
               65600        6.666400e-05        1.159001e-26
               65700        6.528800e-05        1.087493e-26
               65800        7.445400e-05        1.007442e-26
               65900        7.282000e-05        1.136857e-26
               66000        7.368000e-05        1.041715e-26
               66100        7.392000e-05        1.293654e-26
               66200        7.432200e-05        1.156482e-26
               66300        7.468400e-05        9.335732e-27
               66400        7.196300e-05        9.756745e-27
               66500        7.331600e-05        1.421924e-26
               66600        7.136700e-05        1.138000e-26
               66700        7.395400e-05        1.505260e-26
               66800        7.161800e-05        1.626910e-26
               66900        6.135600e-05        1.224904e-26
               67000        7.171100e-05        1.121672e-26
               67100        7.193700e-05        1.344097e-26
               67200        7.128300e-05        1.149133e-26
               67300        7.228400e-05        1.400236e-26
               67400        7.178800e-05        1.010383e-26
               67500        7.343400e-05        9.171471e-27
               67600        7.341700e-05        1.068963e-26
               67700        7.170300e-05        1.281111e-26
               67800        7.165800e-05        1.264647e-26
               67900        7.390400e-05        9.862803e-27
               68000        7.297400e-05        1.054112e-26
               68100        7.297500e-05        9.388582e-27
               68200        7.394100e-05        1.227269e-26
               68300        7.267400e-05        1.086181e-26
               68400        7.299200e-05        1.177924e-26
               68500        7.350200e-05        1.336274e-26
               68600        7.164800e-05        1.141664e-26
               68700        7.144200e-05        1.210111e-26
               68800        7.281100e-05        8.769243e-27
               68900        7.259400e-05        1.160584e-26
               69000        7.325100e-05        1.270723e-26
               69100        5.086200e-05        1.290974e-26
               69200        7.278900e-05        1.137792e-26
               69300        7.332600e-05        1.302527e-26
               69400        7.358400e-05        1.282103e-26
               69500        7.308800e-05        1.386257e-26
               69600        7.115300e-05        1.222687e-26
               69700        7.168700e-05        1.096915e-26
               69800        7.145900e-05        9.369382e-27
               69900        6.015100e-05        1.225735e-26
               70000        7.159700e-05        1.709127e-26
               70100        7.210300e-05        1.054216e-26
               70200        6.103600e-05        9.290546e-27
               70300        6.102400e-05        1.039353e-26
               70400        7.330700e-05        9.248990e-27
               70500        7.228500e-05        1.237073e-26
               70600        7.107200e-05        1.680546e-26
               70700        7.178200e-05        1.295575e-26
               70800        7.452400e-05        1.243414e-26
               70900        7.258200e-05        1.824486e-26
               71000        7.330800e-05        1.722326e-26
               71100        7.262700e-05        1.170180e-26
               71200        7.303900e-05        1.173359e-26
               71300        7.286300e-05        1.302044e-26
               71400        7.224000e-05        1.310157e-26
               71500        7.311900e-05        1.217823e-26
               71600        7.339400e-05        1.152289e-26
               71700        7.347400e-05        1.228875e-26
               71800        7.120700e-05        1.305830e-26
               71900        7.248700e-05        1.106002e-26
               72000        7.250900e-05        1.617125e-26
               72100        7.175700e-05        1.155670e-26
               72200        7.320100e-05        1.082663e-26
               72300        7.270400e-05        1.233368e-26
               72400        7.218600e-05        1.305270e-26
               72500        7.239100e-05        1.537421e-26
               72600        7.251900e-05        1.203869e-26
               72700        7.280600e-05        1.280044e-26
               72800        7.329500e-05        1.219397e-26
               72900        7.275800e-05        1.162797e-26
               73000        7.153900e-05        1.623333e-26
               73100        6.180900e-05        1.480317e-26
               73200        7.206700e-05        1.130430e-26
               73300        7.289000e-05        1.203274e-26
               73400        7.232500e-05        1.487059e-26
               73500        7.303300e-05        1.286750e-26
               73600        7.214900e-05        1.490190e-26
               73700        7.183600e-05        1.038940e-26
               73800        7.200300e-05        1.346058e-26
               73900        7.264600e-05        1.356198e-26
               74000        7.064900e-05        1.377041e-26
               74100        7.205500e-05        1.365298e-26
               74200        6.195700e-05        1.854348e-26
               74300        7.287200e-05        1.344017e-26
               74400        7.245100e-05        8.869223e-27
               74500        7.215100e-05        9.554116e-27
               74600        7.247300e-05        1.014471e-26
               74700        7.305200e-05        1.187743e-26
               74800        7.226800e-05        1.448342e-26
               74900        7.279600e-05        1.509748e-26
               75000        7.156300e-05        1.688014e-26
               75100        7.287400e-05        1.163007e-26
               75200        7.217300e-05        1.915032e-26
               75300        7.283800e-05        1.358412e-26
               75400        7.268900e-05        1.145257e-26
               75500        7.331100e-05        1.264790e-26
               75600        7.263200e-05        1.434982e-26
               75700        7.336900e-05        1.282778e-26
               75800        7.188000e-05        1.174027e-26
               75900        7.354600e-05        1.223292e-26
               76000        7.319700e-05        1.350597e-26
               76100        7.109400e-05        1.278910e-26
               76200        7.310000e-05        1.435980e-26
               76300        7.276400e-05        1.241852e-26
               76400        6.059700e-05        1.165204e-26
               76500        7.247400e-05        1.062853e-26
               76600        7.230400e-05        1.098842e-26
               76700        6.037700e-05        1.086037e-26
               76800        7.250200e-05        1.364690e-26
               76900        7.142800e-05        1.505159e-26
               77000        6.017700e-05        1.428478e-26
               77100        7.299400e-05        1.247789e-26
               77200        7.276500e-05        8.743371e-27
               77300        6.308800e-05        1.044710e-26
               77400        7.277100e-05        1.219081e-26
               77500        7.170400e-05        1.270867e-26
               77600        7.181500e-05        9.813403e-27
               77700        7.159800e-05        9.136434e-27
               77800        7.252400e-05        8.935790e-27
               77900        6.291900e-05        1.306778e-26
               78000        7.288500e-05        1.409402e-26
               78100        7.217600e-05        1.101900e-26
               78200        7.202200e-05        1.078893e-26
               78300        7.382800e-05        1.217870e-26
               78400        7.275000e-05        1.421053e-26
               78500        7.215700e-05        1.558486e-26
               78600        7.272100e-05        1.424771e-26
               78700        7.292000e-05        1.282268e-26
               78800        7.283900e-05        8.542357e-27
               78900        6.060300e-05        1.450021e-26
               79000        7.109200e-05        1.524254e-26
               79100        7.274200e-05        1.437182e-26
               79200        7.264400e-05        1.393403e-26
               79300        6.103900e-05        1.239347e-26
               79400        7.217900e-05        9.690073e-27
               79500        7.214500e-05        1.455310e-26
               79600        7.239400e-05        1.572045e-26
               79700        7.144300e-05        1.652260e-26
               79800        7.127400e-05        1.321713e-26
               79900        6.205400e-05        1.333443e-26
               80000        6.518700e-05        1.313270e-26
               80100        7.276200e-05        1.276641e-26
               80200        7.183000e-05        1.426512e-26
               80300        7.209300e-05        1.326680e-26
               80400        7.255000e-05        1.075196e-26
               80500        7.130900e-05        1.544834e-26
               80600        7.299300e-05        1.846996e-26
               80700        7.255700e-05        1.149777e-26
               80800        7.348700e-05        1.330029e-26
               80900        7.205800e-05        1.251764e-26
               81000        7.281400e-05        1.384629e-26
               81100        7.157700e-05        1.304189e-26
               81200        7.203400e-05        1.048267e-26
               81300        6.153600e-05        1.179143e-26
               81400        6.361200e-05        1.028438e-26
               81500        6.004800e-05        1.088775e-26
               81600        7.175500e-05        1.005617e-26
               81700        7.267200e-05        1.918352e-26
               81800        7.215600e-05        1.608016e-26
               81900        7.214500e-05        1.164480e-26
               82000        6.208200e-05        1.113275e-26
               82100        7.161900e-05        1.131866e-26
               82200        7.172900e-05        1.241710e-26
               82300        7.192200e-05        1.255306e-26
               82400        7.158700e-05        1.121272e-26
               82500        7.132900e-05        1.486475e-26
               82600        7.170800e-05        1.557129e-26
               82700        6.304900e-05        1.116605e-26
               82800        7.155400e-05        1.111804e-26
               82900        7.281500e-05        1.241481e-26
               83000        7.946900e-05        1.238633e-26
               83100        1.138490e-04        7.382133e-27
               83200        7.703700e-05        1.119096e-26
               83300        6.416000e-05        1.148091e-26
               83400        7.404800e-05        9.244675e-27
               83500        7.190500e-05        1.235307e-26
               83600        7.307000e-05        1.203580e-26
               83700        7.241800e-05        1.175173e-26
               83800        7.377300e-05        1.056347e-26
               83900        5.245000e-05        1.413230e-26
               84000        6.219000e-05        1.394674e-26
               84100        7.123300e-05        1.570192e-26
               84200        7.320400e-05        1.390997e-26
               84300        7.363100e-05        1.109992e-26
               84400        7.297000e-05        1.376298e-26
               84500        6.094700e-05        1.276497e-26
               84600        7.391600e-05        1.263466e-26
               84700        6.179600e-05        1.206582e-26
               84800        7.232300e-05        1.195691e-26
               84900        7.269800e-05        1.042557e-26
               85000        6.136500e-05        1.100934e-26
               85100        6.065000e-05        1.281595e-26
               85200        7.657800e-05        1.186432e-26
               85300        6.294000e-05        1.150941e-26
               85400        6.260300e-05        1.285273e-26
               85500        7.085100e-05        1.055322e-26
               85600        7.442600e-05        1.104008e-26
               85700        6.524500e-05        1.215128e-26
               85800        6.584300e-05        1.226998e-26
               85900        7.638100e-05        1.421792e-26
               86000        6.434100e-05        1.615048e-26
               86100        7.329600e-05        1.006024e-26
               86200        7.578200e-05        1.160741e-26
               86300        7.349500e-05        1.273163e-26
               86400        7.228900e-05        1.133357e-26
               86500        7.297300e-05        1.230568e-26
               86600        7.326900e-05        1.244339e-26
               86700        7.201000e-05        1.822975e-26
               86800        7.315700e-05        1.415369e-26
               86900        7.360500e-05        1.356924e-26
               87000        7.336300e-05        1.251825e-26
               87100        7.448500e-05        1.924721e-26
               87200        7.279100e-05        1.690360e-26
               87300        7.210100e-05        1.272730e-26
               87400        7.216200e-05        1.022318e-26
               87500        7.228500e-05        1.207392e-26
               87600        7.394200e-05        1.870026e-26
               87700        7.338100e-05        1.601127e-26
               87800        7.676500e-05        1.392962e-26
               87900        7.245800e-05        1.161751e-26
               88000        7.399500e-05        1.209868e-26
               88100        7.264000e-05        1.176331e-26
               88200        6.274300e-05        9.321649e-27
               88300        7.277900e-05        1.039766e-26
               88400        7.409800e-05        1.555168e-26
               88500        7.224500e-05        1.217453e-26
               88600        7.259400e-05        1.151741e-26
               88700        6.263200e-05        9.524552e-27
               88800        7.313600e-05        1.081093e-26
               88900        7.278900e-05        1.046528e-26
               89000        7.063500e-05        1.302554e-26
               89100        7.296000e-05        1.147763e-26
               89200        7.249000e-05        1.168060e-26
               89300        7.230000e-05        1.372091e-26
               89400        6.037200e-05        1.198701e-26
               89500        7.233900e-05        1.363467e-26
               89600        7.046100e-05        1.176972e-26
               89700        7.432000e-05        1.031666e-26
               89800        7.298200e-05        1.058403e-26
               89900        7.269700e-05        1.143813e-26
               90000        7.297800e-05        9.582886e-27
               90100        7.294900e-05        9.477366e-27
               90200        7.326200e-05        1.250467e-26
               90300        7.269500e-05        1.241478e-26
               90400        7.336200e-05        1.327253e-26
               90500        7.469900e-05        1.327016e-26
               90600        6.067900e-05        1.300144e-26
               90700        7.381800e-05        1.154166e-26
               90800        6.306400e-05        1.077267e-26
               90900        6.146800e-05        1.070814e-26
               91000        7.086300e-05        1.042704e-26
               91100        7.345600e-05        1.182803e-26
               91200        7.207400e-05        1.545687e-26
               91300        7.147700e-05        1.132697e-26
               91400        7.238700e-05        1.225761e-26
               91500        7.273200e-05        1.150122e-26
               91600        5.006700e-05        1.105672e-26
               91700        7.312400e-05        1.062127e-26
               91800        5.084600e-05        1.338406e-26
               91900        7.316700e-05        1.440570e-26
               92000        7.183400e-05        1.347360e-26
               92100        6.067700e-05        1.049674e-26
               92200        7.114800e-05        1.211485e-26
               92300        7.263200e-05        1.655875e-26
               92400        7.201400e-05        1.158578e-26
               92500        7.080100e-05        1.629640e-26
               92600        7.229600e-05        1.549707e-26
               92700        7.125600e-05        1.370272e-26
               92800        7.269100e-05        1.333416e-26
               92900        7.299300e-05        1.063153e-26
               93000        7.409900e-05        1.104697e-26
               93100        7.235500e-05        1.051321e-26
               93200        7.719100e-05        1.336061e-26
               93300        6.057400e-05        1.288224e-26
               93400        7.077200e-05        9.643135e-27
               93500        7.457100e-05        1.250790e-26
               93600        6.170900e-05        1.611140e-26
               93700        9.809400e-05        1.173201e-26
               93800        7.274100e-05        1.187457e-26
               93900        7.192400e-05        1.036895e-26
               94000        7.191400e-05        9.989546e-27
               94100        7.374600e-05        1.111150e-26
               94200        7.310900e-05        1.247370e-26
               94300        7.176000e-05        1.085413e-26
               94400        7.271700e-05        1.576114e-26
               94500        7.350500e-05        1.382136e-26
               94600        6.216200e-05        1.598055e-26
               94700        7.321300e-05        1.919350e-26
               94800        7.268300e-05        1.351598e-26
               94900        7.235900e-05        8.988941e-27
               95000        7.264200e-05        1.139385e-26
               95100        7.237000e-05        9.906612e-27
               95200        7.164100e-05        1.519542e-26
               95300        7.153200e-05        1.427394e-26
               95400        7.254200e-05        1.652201e-26
               95500        6.343600e-05        1.572712e-26
               95600        7.388800e-05        1.051753e-26
               95700        7.303900e-05        1.159559e-26
               95800        6.096300e-05        1.405808e-26
               95900        7.287600e-05        1.275168e-26
               96000        7.262000e-05        1.115209e-26
               96100        7.206400e-05        1.394824e-26
               96200        6.244900e-05        1.325662e-26
               96300        7.171200e-05        1.215174e-26
               96400        7.169700e-05        1.759866e-26
               96500        7.156100e-05        1.278697e-26
               96600        7.287800e-05        1.324570e-26
               96700        7.308700e-05        1.640933e-26
               96800        7.153600e-05        1.212410e-26
               96900        7.361500e-05        1.444205e-26
               97000        7.414100e-05        1.359483e-26
               97100        6.301000e-05        1.249147e-26
               97200        7.213200e-05        1.160653e-26
               97300        7.336200e-05        8.397641e-27
               97400        7.222400e-05        1.306140e-26
               97500        7.346100e-05        1.192671e-26
               97600        7.237600e-05        1.050311e-26
               97700        7.251400e-05        1.030757e-26
               97800        7.314500e-05        1.110992e-26
               97900        7.228500e-05        1.303150e-26
               98000        7.314900e-05        1.403263e-26
               98100        7.162100e-05        1.313960e-26
               98200        7.319200e-05        1.651528e-26
               98300        7.288800e-05        1.457228e-26
               98400        6.072700e-05        1.146607e-26
               98500        6.064500e-05        1.144585e-26
               98600        7.314500e-05        1.319498e-26
               98700        7.225300e-05        1.542790e-26
               98800        7.216100e-05        1.170213e-26
               98900        7.224000e-05        1.183974e-26
               99000        6.297600e-05        1.176372e-26
               99100        6.261600e-05        1.031030e-26
               99200        7.175000e-05        8.687773e-27
               99300        7.251300e-05        8.533790e-27
               99400        6.218400e-05        1.126490e-26
               99500        7.349500e-05        9.438410e-27
               99600        6.249400e-05        1.339427e-26
               99700        7.320300e-05        1.182073e-26
               99800        7.360800e-05        1.067941e-26
               99900        7.371900e-05        1.163715e-26
              100000        7.337900e-05        1.135177e-26
