Period: 100
               Epoch           Time cost                Loss
                 100        1.981310e-04        1.123287e+05
                 200        1.105580e-04        6.963681e+04
                 300        8.928200e-05        4.929103e+04
                 400        1.301530e-04        3.202387e+04
                 500        1.520320e-04        3.202530e+04
                 600        1.626630e-04        2.208863e+04
                 700        1.301330e-04        2.208863e+04
                 800        1.285720e-04        2.208863e+04
                 900        1.544000e-04        2.208863e+04
                1000        1.513300e-04        8.658793e+03
                1100        5.768390e-04        8.660019e+03
                1200        2.402240e-04        8.659237e+03
                1300        1.610070e-04        3.949370e+03
                1400        9.071900e-05        3.949278e+03
                1500        2.325620e-04        3.949175e+03
                1600        1.412030e-04        3.248420e+03
                1700        1.459870e-04        3.247077e+03
                1800        1.486650e-04        1.566379e+03
                1900        1.837796e-03        1.677223e+03
                2000        1.391940e-04        1.677724e+03
                2100        1.694320e-04        1.677733e+03
                2200        1.392130e-04        1.561061e+03
                2300        1.611460e-04        1.559468e+03
                2400        1.670860e-04        8.555775e+02
                2500        1.694790e-04        3.694122e+02
                2600        1.441260e-04        3.693951e+02
                2700        1.081454e-03        3.693950e+02
                2800        1.566580e-04        3.693973e+02
                2900        1.418090e-04        3.857683e+02
                3000        1.298160e-04        3.693962e+02
                3100        1.518670e-04        3.694127e+02
                3200        1.842110e-04        1.771063e+02
                3300        1.633420e-04        1.872868e+02
                3400        1.447050e-04        1.860242e+02
                3500        3.459930e-04        1.883898e+02
                3600        2.732960e-04        1.860207e+02
                3700        1.499730e-04        3.693962e+02
                3800        1.554290e-04        1.859177e+02
                3900        1.750210e-04        1.860242e+02
                4000        1.609500e-04        9.740331e+01
                4100        9.917800e-05        9.739730e+01
                4200        1.632860e-04        9.736411e+01
                4300        1.579440e-04        9.738734e+01
                4400        1.634440e-04        9.738734e+01
                4500        1.505370e-04        4.959279e+01
                4600        1.560480e-04        4.959060e+01
                4700        1.839070e-04        4.959458e+01
                4800        1.699360e-04        4.959271e+01
                4900        1.389190e-04        9.738734e+01
                5000        1.607630e-04        2.661921e+01
                5100        1.409610e-04        2.661921e+01
                5200        1.543940e-04        2.661921e+01
                5300        1.709680e-04        2.661796e+01
                5400        1.640450e-04        2.705325e+01
                5500        1.482340e-04        2.661796e+01
                5600        2.035770e-04        1.443632e+01
                5700        1.451710e-04        1.443392e+01
                5800        1.819280e-04        1.442342e+01
                5900        1.625520e-04        1.455348e+01
                6000        1.558440e-04        1.443922e+01
                6100        6.333580e-04        1.443632e+01
                6200        1.699920e-04        6.513025e+00
                6300        2.117610e-04        6.512635e+00
                6400        1.883490e-04        6.230137e+00
                6500        1.707330e-04        6.513509e+00
                6600        3.487960e-04        6.513604e+00
                6700        1.986150e-04        6.229239e+00
                6800        2.137370e-04        2.096630e+00
                6900        1.557770e-04        2.206849e+00
                7000        1.585480e-04        2.091620e+00
                7100        1.490260e-04        2.207000e+00
                7200        2.271470e-04        1.766158e+00
                7300        1.512380e-04        8.678696e-01
                7400        2.364940e-04        1.261950e+00
                7500        1.465200e-04        7.965288e-01
                7600        1.435430e-04        8.878922e-01
                7700        2.249830e-04        1.165291e+00
                7800        1.614890e-04        4.932529e-01
                7900        1.393380e-04        4.931904e-01
                8000        1.584505e-03        4.932120e-01
                8100        1.452210e-04        4.931003e-01
                8200        1.295900e-04        3.302615e-01
                8300        3.055090e-04        3.396162e-01
                8400        1.635790e-04        3.360014e-01
                8500        1.402950e-04        2.336798e-01
                8600        2.701580e-04        2.337354e-01
                8700        1.573540e-04        2.337384e-01
                8800        1.626680e-04        1.284287e-01
                8900        1.709780e-04        1.284469e-01
                9000        1.324440e-04        1.041299e-01
                9100        1.543980e-04        1.284007e-01
                9200        1.648220e-04        1.014146e-01
                9300        1.582210e-04        1.284287e-01
                9400        1.519990e-04        5.820571e-02
                9500        2.190740e-04        5.820456e-02
                9600        1.615140e-04        5.772148e-02
                9700        2.831670e-04        5.821108e-02
                9800        1.645160e-04        5.772161e-02
                9900        1.498440e-04        5.820371e-02
               10000        1.648620e-04        5.816861e-02
               10100        2.574534e-03        3.272028e-02
               10200        1.413080e-04        3.203572e-02
               10300        1.426920e-04        3.271516e-02
               10400        1.569320e-04        3.271101e-02
               10500        2.205140e-04        3.271676e-02
               10600        1.520320e-04        3.271779e-02
               10700        2.078400e-04        3.203689e-02
               10800        1.481620e-04        2.022917e-02
               10900        1.368860e-04        2.041234e-02
               11000        1.563590e-04        2.022917e-02
               11100        1.581650e-04        2.041131e-02
               11200        1.589980e-04        2.041055e-02
               11300        1.367790e-04        2.022964e-02
               11400        1.529420e-04        2.022926e-02
               11500        1.718690e-04        1.177126e-02
               11600        1.883440e-04        1.177242e-02
               11700        1.563380e-04        1.154104e-02
               11800        1.660320e-04        1.177324e-02
               11900        1.376040e-04        1.177312e-02
               12000        1.245040e-04        1.177339e-02
               12100        8.840900e-05        1.177255e-02
               12200        1.734380e-04        1.154104e-02
               12300        1.596920e-04        7.016414e-03
               12400        1.674310e-04        7.015851e-03
               12500        1.345860e-04        7.015971e-03
               12600        1.544920e-04        7.016245e-03
               12700        1.735990e-04        7.016605e-03
               12800        1.386470e-04        5.117399e-03
               12900        1.693820e-04        5.117399e-03
               13000        1.837070e-04        5.117399e-03
               13100        2.130750e-04        5.117399e-03
               13200        1.640580e-04        5.117399e-03
               13300        1.556590e-04        2.989040e-03
               13400        1.040600e-04        2.971731e-03
               13500        1.642450e-04        2.972190e-03
               13600        2.338310e-04        2.972285e-03
               13700        1.518180e-04        2.971741e-03
               13800        1.726920e-04        2.971670e-03
               13900        1.401700e-04        2.269947e-03
               14000        1.649130e-04        1.937091e-03
               14100        1.371750e-04        1.934787e-03
               14200        1.495610e-04        1.937122e-03
               14300        1.462230e-04        1.937171e-03
               14400        1.587740e-04        1.936872e-03
               14500        1.624910e-04        1.306959e-03
               14600        1.582940e-04        1.306847e-03
               14700        1.719030e-04        1.306960e-03
               14800        1.780430e-04        1.306893e-03
               14900        1.615660e-04        1.306959e-03
               15000        1.435770e-04        1.246114e-03
               15100        1.572930e-04        1.273722e-03
               15200        1.646190e-04        1.273722e-03
               15300        1.652700e-04        6.799131e-04
               15400        1.562470e-04        6.782365e-04
               15500        1.365990e-04        4.072770e-04
               15600        1.635700e-04        8.491498e-04
               15700        1.885260e-04        3.843036e-04
               15800        1.499610e-04        3.842529e-04
               15900        1.597720e-04        4.075894e-04
               16000        1.598980e-04        2.854508e-04
               16100        1.504790e-04        2.854573e-04
               16200        1.706630e-04        2.903145e-04
               16300        1.419750e-04        1.980080e-04
               16400        3.735420e-04        1.979699e-04
               16500        1.654530e-04        1.979688e-04
               16600        1.958120e-04        1.533915e-04
               16700        1.311930e-04        8.734125e-05
               16800        1.469400e-04        8.736506e-05
               16900        1.680560e-04        8.736928e-05
               17000        1.746620e-04        9.229668e-05
               17100        1.587310e-04        7.023966e-05
               17200        1.454850e-04        7.023458e-05
               17300        1.631680e-04        7.027877e-05
               17400        1.635560e-04        3.312961e-05
               17500        1.575710e-04        3.668621e-05
               17600        1.358220e-04        3.568746e-05
               17700        1.437600e-04        3.568465e-05
               17800        1.483930e-04        3.312961e-05
               17900        1.487950e-04        3.270490e-05
               18000        1.425750e-04        3.270559e-05
               18100        1.435530e-04        3.084663e-05
               18200        9.194000e-05        1.548431e-05
               18300        1.419980e-04        1.572984e-05
               18400        1.567320e-04        1.548413e-05
               18500        1.449950e-04        1.573213e-05
               18600        1.457870e-04        1.548431e-05
               18700        1.618030e-04        1.398152e-05
               18800        3.653430e-04        1.047614e-05
               18900        1.658590e-04        6.828550e-06
               19000        1.306510e-04        6.907017e-06
               19100        2.378120e-04        6.828111e-06
               19200        3.496970e-04        6.890299e-06
               19300        1.408770e-04        2.836424e-06
               19400        2.460700e-04        3.811483e-06
               19500        1.823730e-04        3.042714e-06
               19600        1.493440e-04        2.549647e-06
               19700        1.509440e-04        2.500643e-06
               19800        1.413540e-04        1.738419e-06
               19900        1.645530e-04        1.738717e-06
               20000        1.287580e-04        1.738571e-06
               20100        1.912960e-04        1.738494e-06
               20200        1.755010e-04        1.738707e-06
               20300        2.178640e-04        7.600048e-07
               20400        2.355410e-04        8.423790e-07
               20500        1.847580e-04        7.601935e-07
               20600        1.589680e-04        7.603621e-07
               20700        1.699650e-04        4.114947e-07
               20800        1.613350e-04        4.189848e-07
               20900        1.472180e-04        4.189935e-07
               21000        1.768260e-04        4.190620e-07
               21100        1.506600e-04        1.738494e-06
               21200        1.644640e-04        4.114947e-07
               21300        1.694680e-04        2.854282e-07
               21400        1.647790e-04        2.854365e-07
               21500        1.839520e-04        2.853803e-07
               21600        1.730330e-04        2.849337e-07
               21700        1.699670e-04        2.849337e-07
               21800        1.481190e-04        2.854318e-07
               21900        1.734250e-04        2.849337e-07
               22000        1.663160e-04        2.088185e-07
               22100        1.396180e-04        2.088185e-07
               22200        1.547110e-04        2.088185e-07
               22300        1.199580e-04        2.088147e-07
               22400        1.845280e-04        2.088185e-07
               22500        9.518600e-05        1.590627e-07
               22600        3.425850e-04        1.590775e-07
               22700        1.609040e-04        1.590577e-07
               22800        1.730560e-04        1.590682e-07
               22900        1.539910e-04        1.590693e-07
               23000        1.538950e-04        1.590529e-07
               23100        1.669330e-04        9.652595e-08
               23200        1.619720e-04        6.327643e-08
               23300        1.521460e-04        6.334900e-08
               23400        5.687850e-04        6.039259e-08
               23500        1.433880e-04        3.440288e-08
               23600        1.460730e-04        3.439163e-08
               23700        1.731060e-04        3.440916e-08
               23800        2.163920e-04        3.402415e-08
               23900        8.701210e-04        3.402913e-08
               24000        1.308920e-04        3.440818e-08
               24100        1.878390e-04        3.388800e-08
               24200        1.421110e-04        1.780990e-08
               24300        1.765490e-04        1.780707e-08
               24400        1.663970e-04        1.780770e-08
               24500        1.690470e-04        1.781042e-08
               24600        1.954240e-04        1.780832e-08
               24700        1.463010e-04        1.270410e-08
               24800        1.621670e-04        8.684884e-09
               24900        1.770900e-04        8.684885e-09
               25000        1.439830e-04        8.684885e-09
               25100        1.910720e-04        8.684885e-09
               25200        1.379980e-04        8.684885e-09
               25300        1.551570e-04        8.991386e-09
               25400        5.990110e-04        8.684776e-09
               25500        1.453090e-04        6.383808e-09
               25600        1.158760e-04        6.383808e-09
               25700        1.738470e-04        6.383808e-09
               25800        1.773960e-04        6.383808e-09
               25900        1.638720e-04        6.383808e-09
               26000        1.724860e-04        4.028635e-09
               26100        1.560470e-04        4.062165e-09
               26200        4.484810e-04        4.028635e-09
               26300        2.203960e-04        4.062163e-09
               26400        1.517580e-04        4.062379e-09
               26500        1.702930e-04        4.062723e-09
               26600        1.612080e-04        2.414968e-09
               26700        1.741880e-04        2.318034e-09
               26800        1.690260e-04        2.416706e-09
               26900        1.440300e-04        2.318034e-09
               27000        1.660310e-04        2.416649e-09
               27100        1.678420e-04        2.416052e-09
               27200        1.739470e-04        4.028635e-09
               27300        1.476400e-04        2.318034e-09
               27400        2.208770e-04        1.416250e-09
               27500        1.694000e-04        1.416246e-09
               27600        1.545710e-04        1.358968e-09
               27700        1.598370e-04        1.416241e-09
               27800        1.804960e-04        1.416171e-09
               27900        1.515410e-04        1.416240e-09
               28000        1.674300e-04        9.487395e-10
               28100        1.695860e-04        9.487395e-10
               28200        1.153600e-04        9.487395e-10
               28300        1.699400e-04        9.487395e-10
               28400        1.670610e-04        9.487395e-10
               28500        1.732230e-04        9.487395e-10
               28600        1.500240e-04        4.028635e-09
               28700        2.498250e-04        6.920195e-10
               28800        1.807750e-04        6.920210e-10
               28900        1.680480e-04        6.996791e-10
               29000        1.822160e-04        6.920196e-10
               29100        1.637110e-04        6.920195e-10
               29200        1.598930e-04        6.920195e-10
               29300        1.489120e-04        9.487395e-10
               29400        1.111571e-03        6.995145e-10
               29500        1.539690e-04        4.567531e-10
               29600        9.659100e-05        4.567531e-10
               29700        1.523920e-04        4.567531e-10
               29800        1.128032e-03        4.567531e-10
               29900        1.835085e-03        4.567531e-10
               30000        2.594070e-04        6.920210e-10
               30100        1.034910e-04        3.169626e-10
               30200        2.010270e-04        3.169525e-10
               30300        1.486250e-04        3.169829e-10
               30400        1.595870e-04        3.169581e-10
               30500        1.597750e-04        3.169626e-10
               30600        1.480090e-04        1.806514e-10
               30700        2.397310e-04        1.806345e-10
               30800        1.254320e-04        1.824119e-10
               30900        1.427430e-04        1.033856e-10
               31000        1.503530e-04        1.129832e-10
               31100        9.218700e-05        1.129547e-10
               31200        1.772830e-04        1.042874e-10
               31300        1.433560e-04        9.310246e-11
               31400        1.379850e-04        5.640865e-11
               31500        1.432660e-04        5.640563e-11
               31600        1.501320e-04        5.639131e-11
               31700        1.686200e-04        5.525545e-11
               31800        1.798970e-04        5.639219e-11
               31900        1.660160e-04        5.525545e-11
               32000        1.714120e-04        4.100141e-11
               32100        1.662890e-04        4.100865e-11
               32200        1.001650e-04        4.100826e-11
               32300        1.296160e-04        4.100344e-11
               32400        1.717770e-04        4.100015e-11
               32500        1.684910e-04        4.041162e-11
               32600        1.381300e-04        3.115564e-11
               32700        1.642860e-04        3.115633e-11
               32800        1.654030e-04        3.115506e-11
               32900        1.686910e-04        3.115400e-11
               33000        1.653610e-04        3.115404e-11
               33100        1.815960e-04        2.662748e-11
               33200        1.408960e-04        2.233378e-11
               33300        1.728990e-04        2.233585e-11
               33400        2.404240e-04        2.233461e-11
               33500        1.546930e-04        2.233386e-11
               33600        2.793370e-04        3.115404e-11
               33700        2.424850e-04        1.463527e-11
               33800        2.054880e-04        1.207517e-11
               33900        1.432480e-04        1.207456e-11
               34000        1.729580e-04        1.207296e-11
               34100        1.759750e-04        1.421715e-11
               34200        1.695460e-04        1.819854e-11
               34300        1.400650e-04        6.700455e-12
               34400        1.750170e-04        6.696906e-12
               34500        1.584680e-04        6.529654e-12
               34600        2.004290e-04        6.529327e-12
               34700        1.561710e-04        6.529422e-12
               34800        1.586250e-04        3.668851e-12
               34900        2.096310e-04        3.447771e-12
               35000        1.709070e-04        3.656613e-12
               35100        1.665400e-04        3.656574e-12
               35200        1.699550e-04        3.656640e-12
               35300        1.667530e-04        3.891988e-12
               35400        1.552580e-04        1.207296e-11
               35500        1.448290e-04        3.656613e-12
               35600        1.011900e-04        2.534862e-12
               35700        1.352460e-04        2.667670e-12
               35800        1.775010e-04        2.535612e-12
               35900        2.722800e-04        2.537763e-12
               36000        1.018220e-04        2.537726e-12
               36100        1.369760e-04        2.524626e-12
               36200        1.698070e-04        1.501564e-12
               36300        1.343920e-04        1.501260e-12
               36400        1.181080e-04        1.500971e-12
               36500        2.234630e-04        1.501013e-12
               36600        1.757500e-04        1.501027e-12
               36700        1.567400e-04        1.114075e-12
               36800        9.380300e-05        1.114060e-12
               36900        1.789090e-04        1.114060e-12
               37000        1.547540e-04        1.114060e-12
               37100        2.231020e-04        1.114060e-12
               37200        1.478594e-03        1.114071e-12
               37300        2.981990e-04        8.552215e-13
               37400        1.440190e-04        8.552406e-13
               37500        1.670490e-04        8.552406e-13
               37600        1.667360e-04        8.552406e-13
               37700        1.782960e-04        8.552406e-13
               37800        3.045350e-04        8.552406e-13
               37900        2.637127e-03        1.501013e-12
               38000        3.999190e-04        5.274099e-13
               38100        1.531060e-04        5.273629e-13
               38200        1.596450e-04        5.275550e-13
               38300        2.331250e-04        5.237938e-13
               38400        1.600780e-04        5.273550e-13
               38500        1.784550e-04        5.238040e-13
               38600        1.706320e-04        5.025991e-13
               38700        1.997763e-03        4.231147e-13
               38800        1.477620e-04        4.850948e-13
               38900        3.401430e-04        4.231073e-13
               39000        3.243770e-04        4.231073e-13
               39100        8.886080e-04        4.231073e-13
               39200        1.783290e-04        4.231073e-13
               39300        2.346000e-04        4.231073e-13
               39400        1.705210e-04        4.231073e-13
               39500        1.562470e-04        2.699209e-13
               39600        1.794590e-04        2.700071e-13
               39700        5.916680e-04        2.699905e-13
               39800        1.710770e-04        2.699247e-13
               39900        2.058490e-04        2.699944e-13
               40000        1.602510e-04        2.030419e-13
               40100        1.130050e-04        2.030400e-13
               40200        1.653090e-04        2.030389e-13
               40300        1.792020e-04        2.030424e-13
               40400        1.990970e-04        2.030382e-13
               40500        1.612590e-04        2.030400e-13
               40600        1.621610e-04        2.699247e-13
               40700        1.499540e-04        1.550725e-13
               40800        1.542220e-04        1.550119e-13
               40900        1.577720e-04        1.550258e-13
               41000        1.465760e-04        1.550258e-13
               41100        1.521010e-04        1.550676e-13
               41200        1.841880e-04        1.550119e-13
               41300        1.590400e-04        1.189057e-13
               41400        2.403990e-04        1.188876e-13
               41500        1.829360e-04        1.188876e-13
               41600        2.702860e-04        1.188876e-13
               41700        1.789740e-04        1.188876e-13
               41800        9.936000e-05        1.188876e-13
               41900        1.979060e-04        1.189057e-13
               42000        2.268660e-04        7.479203e-14
               42100        1.664290e-04        7.478751e-14
               42200        3.036060e-04        7.479873e-14
               42300        1.751520e-04        7.479848e-14
               42400        1.581100e-04        7.484484e-14
               42500        1.641130e-04        7.136142e-14
               42600        1.705540e-04        7.478512e-14
               42700        1.620440e-04        7.479203e-14
               42800        1.776510e-04        7.484484e-14
               42900        1.465730e-04        2.699247e-13
               43000        1.770390e-04        3.658249e-14
               43100        1.453260e-04        3.657861e-14
               43200        1.515970e-04        3.536279e-14
               43300        1.558290e-04        3.658870e-14
               43400        1.713610e-04        3.659937e-14
               43500        2.308160e-04        7.479848e-14
               43600        1.520930e-04        3.658249e-14
               43700        1.693080e-04        3.072262e-14
               43800        2.170070e-03        1.838757e-14
               43900        1.502710e-04        1.836853e-14
               44000        1.791950e-04        1.937648e-14
               44100        1.852280e-04        8.007108e-15
               44200        1.650640e-04        8.006111e-15
               44300        1.646540e-04        8.006378e-15
               44400        1.702340e-04        8.006099e-15
               44500        1.421790e-04        7.977690e-15
               44600        1.489330e-04        7.803875e-15
               44700        1.701420e-04        5.875758e-15
               44800        1.695270e-04        5.877113e-15
               44900        1.676800e-04        5.875995e-15
               45000        1.663110e-04        5.875721e-15
               45100        1.630410e-04        2.815707e-15
               45200        1.511930e-04        2.935725e-15
               45300        1.507910e-04        3.600315e-15
               45400        1.615460e-04        3.682235e-15
               45500        1.824940e-04        1.728443e-15
               45600        1.447310e-04        1.728893e-15
               45700        1.566070e-04        1.728857e-15
               45800        1.426720e-04        1.728477e-15
               45900        1.639770e-04        1.728851e-15
               46000        1.431560e-04        1.728437e-15
               46100        1.591920e-04        1.728438e-15
               46200        1.646380e-04        2.815707e-15
               46300        1.911060e-04        1.296971e-15
               46400        1.708920e-04        1.296971e-15
               46500        1.733530e-04        1.296971e-15
               46600        1.683060e-04        1.296971e-15
               46700        2.197590e-04        1.728437e-15
               46800        3.222270e-04        1.728438e-15
               46900        1.751380e-04        7.506079e-16
               47000        1.435720e-04        7.542821e-16
               47100        1.486470e-04        7.505974e-16
               47200        1.494780e-04        7.506000e-16
               47300        1.016550e-04        7.541519e-16
               47400        1.760360e-04        7.506000e-16
               47500        1.516030e-04        5.818841e-16
               47600        1.951970e-04        5.818841e-16
               47700        1.787260e-04        5.819130e-16
               47800        1.529930e-04        5.819130e-16
               47900        1.814290e-04        5.818838e-16
               48000        1.517420e-04        5.819130e-16
               48100        1.833190e-04        4.075750e-16
               48200        1.755120e-04        4.075750e-16
               48300        1.812780e-04        4.075750e-16
               48400        9.573000e-05        4.075750e-16
               48500        2.356320e-04        4.075750e-16
               48600        1.671760e-04        4.075750e-16
               48700        1.445220e-04        3.145083e-16
               48800        1.605250e-04        3.145083e-16
               48900        2.369330e-04        3.145083e-16
               49000        1.598830e-04        2.530828e-16
               49100        1.573790e-04        2.530828e-16
               49200        1.702580e-04        2.530828e-16
               49300        1.744580e-04        2.530828e-16
               49400        1.503520e-04        2.530828e-16
               49500        1.267807e-03        3.145083e-16
               49600        1.442680e-04        1.728207e-16
               49700        1.619320e-04        1.728189e-16
               49800        2.051839e-03        1.728180e-16
               49900        2.270890e-04        1.728189e-16
               50000        1.752720e-04        1.728180e-16
               50100        1.552060e-04        1.085153e-16
               50200        1.610890e-04        1.084704e-16
               50300        1.526140e-04        1.084968e-16
               50400        1.485360e-04        1.085001e-16
               50500        1.323560e-04        8.846140e-17
               50600        2.671680e-04        5.009820e-17
               50700        1.521610e-04        4.859044e-17
               50800        1.431200e-04        5.010895e-17
               50900        1.628520e-04        5.011086e-17
               51000        1.837060e-04        3.985554e-17
               51100        1.807810e-04        3.140770e-17
               51200        1.704260e-04        3.140906e-17
               51300        1.653640e-04        3.140849e-17
               51400        1.658110e-04        1.837711e-17
               51500        1.761130e-04        1.837709e-17
               51600        1.724050e-04        1.837660e-17
               51700        1.498040e-04        1.837704e-17
               51800        1.866410e-04        1.525457e-17
               51900        1.393360e-04        1.525434e-17
               52000        1.888520e-04        1.525605e-17
               52100        1.843940e-04        1.525612e-17
               52200        1.503040e-04        1.525467e-17
               52300        1.949470e-04        1.530101e-17
               52400        1.466880e-04        8.262202e-18
               52500        1.891750e-04        8.133155e-18
               52600        1.899510e-04        8.262784e-18
               52700        1.854230e-04        8.262368e-18
               52800        1.565060e-04        8.262502e-18
               52900        1.389710e-04        1.045865e-17
               53000        1.560390e-04        5.453409e-18
               53100        1.420020e-04        5.452562e-18
               53200        1.821010e-04        5.451659e-18
               53300        1.629430e-04        5.452534e-18
               53400        1.857708e-03        5.454621e-18
               53500        1.377280e-04        4.759841e-18
               53600        1.699090e-04        3.121655e-18
               53700        1.472960e-04        2.205146e-18
               53800        1.626280e-04        2.135742e-18
               53900        1.598670e-04        2.205214e-18
               54000        1.626350e-04        2.204510e-18
               54100        1.670170e-04        2.204919e-18
               54200        1.755540e-04        2.204853e-18
               54300        1.652710e-04        2.205146e-18
               54400        1.903420e-04        7.735811e-19
               54500        1.629970e-04        7.880417e-19
               54600        9.893800e-05        7.880446e-19
               54700        1.687440e-04        7.881614e-19
               54800        1.639330e-04        8.730749e-19
               54900        1.446640e-04        9.854163e-19
               55000        1.767930e-04        3.345881e-19
               55100        1.512600e-04        3.874995e-19
               55200        1.597160e-04        3.875154e-19
               55300        1.487630e-04        3.871214e-19
               55400        1.402180e-04        3.875269e-19
               55500        1.510550e-04        3.874995e-19
               55600        1.704550e-04        1.711455e-19
               55700        1.498290e-04        1.711363e-19
               55800        1.020770e-04        2.135721e-19
               55900        1.525700e-04        1.711476e-19
               56000        9.675000e-05        1.682604e-19
               56100        1.572690e-04        1.711439e-19
               56200        1.557260e-04        1.682107e-19
               56300        2.062280e-04        1.682604e-19
               56400        1.374290e-04        1.420260e-19
               56500        1.491030e-04        1.420359e-19
               56600        1.641880e-04        1.420333e-19
               56700        1.504630e-04        1.420260e-19
               56800        1.745930e-04        1.420333e-19
               56900        1.696670e-04        1.420260e-19
               57000        1.625350e-04        1.161476e-19
               57100        1.522290e-04        1.161476e-19
               57200        1.482520e-04        1.161476e-19
               57300        1.682020e-04        1.161476e-19
               57400        1.708060e-04        1.154335e-19
               57500        1.584760e-04        6.614534e-20
               57600        1.625760e-04        6.614203e-20
               57700        1.412450e-04        6.614534e-20
               57800        1.670100e-04        6.725185e-20
               57900        1.348490e-04        6.614534e-20
               58000        2.105040e-04        6.725167e-20
               58100        1.767220e-04        3.440670e-20
               58200        1.656750e-04        3.420740e-20
               58300        1.626370e-04        3.421586e-20
               58400        1.647430e-04        3.420888e-20
               58500        1.582920e-04        3.419726e-20
               58600        1.796820e-04        3.420572e-20
               58700        1.664810e-04        2.108901e-20
               58800        1.696760e-04        1.827933e-20
               58900        1.888720e-04        1.136681e-20
               59000        1.530470e-04        1.136550e-20
               59100        1.586290e-04        1.136604e-20
               59200        1.713740e-04        1.136626e-20
               59300        1.598560e-04        1.136600e-20
               59400        1.739650e-04        1.136605e-20
               59500        1.508284e-03        1.136604e-20
               59600        1.816660e-04        1.136604e-20
               59700        1.645120e-04        4.618687e-21
               59800        1.757520e-04        4.618383e-21
               59900        1.034330e-04        4.313238e-21
               60000        1.515390e-04        4.158982e-21
               60100        1.728780e-04        4.067171e-21
               60200        1.790830e-04        3.650152e-21
               60300        1.640390e-04        1.966573e-21
               60400        2.559360e-04        1.966361e-21
               60500        1.481880e-04        2.076796e-21
               60600        1.778350e-04        2.076451e-21
               60700        1.670090e-04        1.964506e-21
               60800        1.947150e-04        1.966185e-21
               60900        3.742530e-04        1.965730e-21
               61000        3.122010e-04        1.936032e-21
               61100        1.765470e-04        1.053364e-21
               61200        1.522440e-04        1.071224e-21
               61300        1.523600e-04        1.053753e-21
               61400        1.762120e-04        8.125821e-22
               61500        1.761060e-04        8.126388e-22
               61600        2.756210e-04        4.919323e-22
               61700        1.845800e-04        4.834373e-22
               61800        2.268090e-04        4.918938e-22
               61900        1.854740e-04        4.323089e-22
               62000        1.810390e-04        6.892034e-22
               62100        1.782410e-04        3.186568e-22
               62200        1.593620e-04        3.186558e-22
               62300        1.708590e-04        3.947988e-22
               62400        1.714490e-04        3.186798e-22
               62500        1.791090e-04        2.561294e-22
               62600        1.476070e-04        2.561052e-22
               62700        1.711480e-04        2.561256e-22
               62800        1.862100e-04        1.924209e-22
               62900        2.628790e-04        1.923019e-22
               63000        1.810400e-04        1.694220e-22
               63100        1.821590e-04        1.694443e-22
               63200        1.553130e-04        1.694622e-22
               63300        1.732660e-04        1.694516e-22
               63400        1.927920e-04        1.694497e-22
               63500        1.829850e-04        1.694358e-22
               63600        1.090760e-04        1.398804e-22
               63700        2.097800e-04        1.053061e-22
               63800        1.980790e-04        1.053229e-22
               63900        1.423350e-04        1.053260e-22
               64000        2.273420e-04        1.053260e-22
               64100        1.738130e-04        9.250406e-23
               64200        1.460220e-04        5.799341e-23
               64300        2.664370e-04        6.728608e-23
               64400        1.780430e-04        6.727047e-23
               64500        1.667670e-04        6.728575e-23
               64600        1.706190e-04        6.726718e-23
               64700        1.619980e-04        6.680043e-23
               64800        2.607550e-04        6.727088e-23
               64900        1.774740e-04        6.680043e-23
               65000        1.827030e-04        4.813661e-23
               65100        1.698690e-04        4.813756e-23
               65200        1.631320e-04        4.813661e-23
               65300        1.492910e-04        4.820369e-23
               65400        2.711870e-04        4.818636e-23
               65500        1.551830e-04        4.813756e-23
               65600        1.570360e-04        6.728575e-23
               65700        1.475380e-04        3.232608e-23
               65800        2.473200e-04        3.232456e-23
               65900        1.692930e-04        3.232456e-23
               66000        1.499360e-04        3.232608e-23
               66100        1.378410e-04        3.232608e-23
               66200        1.965824e-03        3.232456e-23
               66300        1.807470e-04        2.588986e-23
               66400        2.156980e-04        2.588434e-23
               66500        1.524900e-04        2.588095e-23
               66600        1.725240e-04        2.588437e-23
               66700        1.174727e-03        2.588279e-23
               66800        1.825830e-04        2.142984e-23
               66900        1.830420e-04        2.143033e-23
               67000        1.616040e-04        2.143031e-23
               67100        1.667220e-04        2.143031e-23
               67200        1.573770e-04        2.143031e-23
               67300        1.748040e-04        2.129679e-23
               67400        1.829140e-04        2.414750e-23
               67500        1.846050e-04        1.363216e-23
               67600        1.749290e-04        1.103573e-23
               67700        1.690050e-04        1.103593e-23
               67800        1.587710e-04        1.103530e-23
               67900        1.671380e-04        1.103558e-23
               68000        1.729710e-04        7.146936e-24
               68100        1.058940e-04        7.034008e-24
               68200        1.491650e-04        7.149059e-24
               68300        1.542800e-04        7.149686e-24
               68400        1.901050e-04        7.149586e-24
               68500        1.809460e-04        5.227868e-24
               68600        1.897440e-04        5.227857e-24
               68700        1.782690e-04        5.227857e-24
               68800        1.487890e-04        5.227868e-24
               68900        1.702370e-04        4.079073e-24
               69000        1.663180e-04        4.018579e-24
               69100        1.647440e-04        4.079319e-24
               69200        1.806740e-04        4.018579e-24
               69300        1.452520e-04        3.880587e-24
               69400        2.397360e-04        3.880682e-24
               69500        1.910870e-04        3.880682e-24
               69600        2.635050e-04        3.880602e-24
               69700        1.529980e-04        3.880602e-24
               69800        1.187340e-04        1.029002e-23
               69900        1.868250e-04        2.615456e-24
               70000        2.026570e-04        2.614859e-24
               70100        1.298198e-03        2.615572e-24
               70200        1.563090e-04        2.615398e-24
               70300        2.317560e-04        2.152878e-24
               70400        3.118920e-04        1.275733e-24
               70500        2.343660e-04        1.276215e-24
               70600        1.664930e-04        1.276057e-24
               70700        1.690390e-04        1.276323e-24
               70800        1.772420e-04        1.093279e-24
               70900        7.525920e-04        8.668114e-25
               71000        1.721860e-04        8.666180e-25
               71100        1.525880e-04        8.668238e-25
               71200        1.691500e-04        8.668528e-25
               71300        1.434860e-04        2.015806e-24
               71400        1.834870e-04        7.616786e-25
               71500        1.906810e-04        5.125625e-25
               71600        1.624730e-04        5.123561e-25
               71700        1.046306e-03        5.122192e-25
               71800        1.536070e-04        5.126593e-25
               71900        1.866360e-04        5.359839e-25
               72000        1.581640e-04        3.903253e-25
               72100        1.679130e-04        3.903398e-25
               72200        1.777370e-04        3.903398e-25
               72300        1.550800e-04        3.903398e-25
               72400        1.038076e-03        3.889529e-25
               72500        2.035300e-04        3.903398e-25
               72600        1.644810e-04        3.888159e-25
               72700        1.602220e-04        3.880602e-24
               72800        1.841270e-04        2.755234e-25
               72900        1.908700e-04        2.754311e-25
               73000        2.335340e-04        2.754463e-25
               73100        1.928330e-04        2.753628e-25
               73200        2.003460e-04        2.753691e-25
               73300        1.628370e-04        2.753231e-25
               73400        2.012490e-04        2.151228e-25
               73500        1.826780e-04        2.151228e-25
               73600        1.612070e-04        2.151228e-25
               73700        1.975400e-04        2.151228e-25
               73800        1.675640e-04        2.151228e-25
               73900        1.585790e-04        2.151228e-25
               74000        2.266180e-04        2.412070e-25
               74100        1.879890e-04        2.151228e-25
               74200        1.714340e-04        2.084565e-25
               74300        1.836700e-04        1.378734e-25
               74400        1.607630e-04        1.377180e-25
               74500        1.740580e-04        1.377614e-25
               74600        1.849610e-04        1.378822e-25
               74700        1.544230e-04        1.352295e-25
               74800        1.801630e-04        1.377069e-25
               74900        1.662200e-04        1.192574e-25
               75000        1.599810e-04        1.192566e-25
               75100        1.522970e-04        1.242987e-25
               75200        5.596110e-04        1.154755e-25
               75300        1.695260e-04        1.154755e-25
               75400        1.871040e-04        1.154755e-25
               75500        1.990680e-04        1.154755e-25
               75600        4.885530e-04        1.242987e-25
               75700        1.123980e-04        1.154755e-25
               75800        1.862570e-04        1.151974e-25
               75900        2.085620e-04        1.153669e-25
               76000        2.672540e-04        1.151990e-25
               76100        1.814520e-04        1.151474e-25
               76200        2.093380e-04        1.152715e-25
               76300        2.378040e-04        9.622087e-26
               76400        1.777700e-04        1.021090e-25
               76500        1.671650e-04        1.021477e-25
               76600        1.554990e-04        7.515947e-26
               76700        1.894560e-04        7.516625e-26
               76800        2.071190e-04        7.517493e-26
               76900        1.939310e-04        7.526735e-26
               77000        3.221360e-04        7.530516e-26
               77100        1.884360e-04        7.279452e-26
               77200        2.027750e-04        7.572986e-26
               77300        4.341200e-04        7.573538e-26
               77400        2.075420e-04        1.021477e-25
               77500        2.159110e-04        8.012204e-26
               77600        1.422940e-04        8.018678e-26
               77700        1.884290e-04        8.011958e-26
               77800        1.884080e-04        8.010446e-26
               77900        1.566610e-04        8.013651e-26
               78000        1.734020e-04        8.064835e-26
               78100        1.576730e-04        8.011958e-26
               78200        2.741530e-04        8.013651e-26
               78300        1.621650e-04        7.555641e-26
               78400        1.569360e-04        7.498802e-26
               78500        1.803660e-04        7.498924e-26
               78600        1.023840e-04        7.554326e-26
               78700        1.892130e-04        7.645917e-26
               78800        1.516700e-04        7.827378e-26
               78900        1.718190e-04        8.668438e-26
               79000        1.401570e-04        9.352483e-26
               79100        3.039080e-04        8.030330e-26
               79200        9.376950e-04        8.030286e-26
               79300        1.966620e-04        8.028003e-26
               79400        2.467620e-04        8.030355e-26
               79500        1.764790e-04        8.047144e-26
               79600        2.504900e-04        8.225544e-26
               79700        1.939050e-04        8.153674e-26
               79800        1.938730e-04        8.210573e-26
               79900        2.511040e-04        8.278054e-26
               80000        1.862790e-04        7.858519e-26
               80100        1.611430e-04        7.849544e-26
               80200        1.672660e-04        8.062865e-26
               80300        1.562220e-04        7.856359e-26
               80400        1.844370e-04        8.026668e-26
               80500        1.855460e-04        8.104586e-26
               80600        1.860340e-04        7.899769e-26
               80700        1.898570e-04        7.898758e-26
               80800        1.713790e-04        7.897339e-26
               80900        2.001700e-04        7.897708e-26
               81000        1.868020e-04        7.354014e-26
               81100        5.424690e-04        7.495477e-26
               81200        1.896300e-04        7.487857e-26
               81300        1.914440e-04        7.414088e-26
               81400        1.958840e-04        7.543324e-26
               81500        1.932980e-04        7.756174e-26
               81600        2.031400e-04        7.749750e-26
               81700        2.107298e-03        7.754156e-26
               81800        2.020320e-04        7.752727e-26
               81900        2.025880e-04        7.812568e-26
               82000        1.902830e-04        8.063441e-26
               82100        2.073290e-04        1.140376e-25
               82200        1.148060e-04        1.125754e-25
               82300        1.763760e-04        1.125285e-25
               82400        1.834850e-04        1.125109e-25
               82500        1.940480e-04        1.041617e-25
               82600        1.097310e-04        8.565187e-26
               82700        1.974320e-04        1.125285e-25
               82800        1.092250e-04        1.150057e-25
               82900        1.934990e-04        1.150112e-25
               83000        1.639470e-04        1.132024e-25
               83100        1.103070e-04        1.131834e-25
               83200        1.909950e-04        1.162789e-25
               83300        1.107270e-04        9.126192e-26
               83400        2.368810e-04        8.808940e-26
               83500        1.603970e-04        8.808940e-26
               83600        1.631340e-04        1.150112e-25
               83700        1.964700e-04        1.162789e-25
               83800        1.673910e-04        7.872848e-26
               83900        1.992720e-04        7.865616e-26
               84000        2.132960e-04        7.868481e-26
               84100        2.090290e-04        7.873173e-26
               84200        1.576710e-04        7.873015e-26
               84300        2.564130e-04        8.808940e-26
               84400        2.018450e-04        8.308852e-26
               84500        2.247250e-04        7.843788e-26
               84600        1.579780e-04        7.814527e-26
               84700        2.111690e-04        7.770107e-26
               84800        1.747010e-04        6.925663e-26
               84900        1.604560e-04        6.864672e-26
               85000        2.038970e-04        7.167061e-26
               85100        1.590620e-04        7.873173e-26
               85200        1.802870e-04        8.999681e-26
               85300        1.798850e-04        8.877491e-26
               85400        2.039090e-04        8.870292e-26
               85500        1.557980e-04        8.999681e-26
               85600        1.869640e-04        8.999681e-26
               85700        1.556290e-04        9.048914e-26
               85800        2.820210e-04        9.048914e-26
               85900        1.498670e-04        9.048914e-26
               86000        2.407880e-04        9.048914e-26
               86100        1.768770e-04        9.048914e-26
               86200        2.500820e-04        6.864672e-26
               86300        1.806910e-04        9.048914e-26
               86400        1.649586e-03        7.770107e-26
               86500        3.226330e-04        9.970132e-26
               86600        1.737140e-04        9.970430e-26
               86700        1.828890e-04        9.979108e-26
               86800        1.696270e-04        9.978491e-26
               86900        1.528080e-04        9.574131e-26
               87000        1.902990e-04        8.964376e-26
               87100        2.170610e-04        8.964376e-26
               87200        1.629270e-04        8.878773e-26
               87300        3.269660e-04        8.873601e-26
               87400        1.681000e-04        8.876190e-26
               87500        1.821000e-04        8.874415e-26
               87600        1.504220e-04        8.160862e-26
               87700        1.760990e-04        7.300538e-26
               87800        1.793950e-04        7.298945e-26
               87900        1.027940e-04        7.295808e-26
               88000        2.874750e-04        7.301253e-26
               88100        1.600360e-04        8.746889e-26
               88200        1.552010e-04        8.753123e-26
               88300        2.172370e-04        8.753123e-26
               88400        1.888740e-04        8.759611e-26
               88500        1.768650e-04        8.874415e-26
               88600        2.386800e-04        8.692826e-26
               88700        1.605160e-04        9.049921e-26
               88800        1.605850e-04        9.098483e-26
               88900        1.729050e-04        9.053131e-26
               89000        1.057190e-04        9.250397e-26
               89100        1.689740e-04        9.049743e-26
               89200        1.598780e-04        9.099835e-26
               89300        1.613340e-04        9.048501e-26
               89400        1.718980e-04        8.607404e-26
               89500        1.549410e-04        8.605604e-26
               89600        2.360950e-04        8.605343e-26
               89700        1.633240e-04        8.605584e-26
               89800        1.668840e-04        8.605584e-26
               89900        1.900300e-04        8.138372e-26
               90000        2.897080e-04        7.864087e-26
               90100        1.595200e-04        7.860369e-26
               90200        2.031040e-04        7.863781e-26
               90300        1.747950e-04        7.863421e-26
               90400        1.772130e-04        7.876726e-26
               90500        1.706720e-04        8.145693e-26
               90600        1.898570e-04        8.064668e-26
               90700        1.553050e-04        6.382316e-26
               90800        1.824607e-03        6.386967e-26
               90900        1.704370e-04        6.384632e-26
               91000        1.638310e-04        6.383882e-26
               91100        1.477560e-04        6.455478e-26
               91200        1.845450e-04        6.257808e-26
               91300        2.729960e-04        6.261023e-26
               91400        1.795720e-04        6.173043e-26
               91500        1.605560e-04        6.262181e-26
               91600        1.540270e-04        6.257823e-26
               91700        2.900860e-04        6.258967e-26
               91800        1.563600e-04        6.173043e-26
               91900        1.285660e-04        5.884451e-26
               92000        1.521020e-04        5.925749e-26
               92100        1.645720e-04        5.884451e-26
               92200        1.682540e-04        5.884451e-26
               92300        1.059830e-04        7.022520e-26
               92400        1.578120e-04        7.022520e-26
               92500        1.684680e-04        7.022520e-26
               92600        2.491190e-04        7.022520e-26
               92700        1.699760e-04        7.022520e-26
               92800        1.536670e-04        7.022520e-26
               92900        1.784030e-04        6.491304e-26
               93000        1.601980e-04        6.491168e-26
               93100        1.849910e-04        6.489990e-26
               93200        9.541800e-05        6.490554e-26
               93300        1.669600e-04        6.490554e-26
               93400        2.401320e-04        8.060242e-26
               93500        1.511550e-04        8.060242e-26
               93600        1.560130e-04        8.060268e-26
               93700        1.773320e-04        8.060268e-26
               93800        1.589590e-04        8.060268e-26
               93900        1.590140e-04        7.512122e-26
               94000        1.813480e-04        9.059087e-26
               94100        1.857090e-04        9.051395e-26
               94200        1.796720e-04        9.053937e-26
               94300        1.804850e-04        9.058541e-26
               94400        1.743170e-04        7.978452e-26
               94500        2.130440e-04        7.595501e-26
               94600        1.458960e-04        7.587873e-26
               94700        1.580710e-04        7.595318e-26
               94800        1.068840e-04        9.384750e-26
               94900        1.827350e-04        9.384750e-26
               95000        1.684540e-04        9.385125e-26
               95100        1.478240e-04        9.385125e-26
               95200        1.838180e-04        9.384750e-26
               95300        1.995270e-04        9.268686e-26
               95400        2.110220e-04        9.386328e-26
               95500        2.198100e-04        9.278349e-26
               95600        1.822090e-04        8.479786e-26
               95700        1.554040e-04        8.549356e-26
               95800        1.831490e-04        8.478332e-26
               95900        1.587700e-04        8.479786e-26
               96000        1.800130e-04        8.106075e-26
               96100        1.796400e-04        8.113945e-26
               96200        1.535690e-04        8.077177e-26
               96300        1.772450e-04        7.731460e-26
               96400        9.791100e-05        7.740670e-26
               96500        1.743470e-04        7.862459e-26
               96600        1.774000e-04        8.339922e-26
               96700        1.681450e-04        8.339360e-26
               96800        1.400590e-04        8.343706e-26
               96900        1.755290e-04        8.224177e-26
               97000        1.793580e-04        8.482815e-26
               97100        1.924080e-04        7.221230e-26
               97200        2.702140e-04        7.652295e-26
               97300        1.949670e-04        7.658602e-26
               97400        2.475440e-04        7.631393e-26
               97500        1.745010e-04        9.384750e-26
               97600        1.774080e-04        7.879216e-26
               97700        1.603940e-04        8.159239e-26
               97800        1.653370e-04        8.154687e-26
               97900        1.739680e-04        8.157011e-26
               98000        9.796500e-05        8.410827e-26
               98100        1.741070e-04        8.178203e-26
               98200        1.534910e-04        8.130112e-26
               98300        1.505530e-04        8.130112e-26
               98400        1.542450e-04        8.428364e-26
               98500        1.531540e-04        9.192533e-26
               98600        1.418450e-04        9.192911e-26
               98700        1.234890e-04        8.928643e-26
               98800        1.101790e-04        8.928850e-26
               98900        1.098010e-04        8.894547e-26
               99000        1.120660e-04        9.078933e-26
               99100        1.047100e-04        8.757399e-26
               99200        8.674100e-05        8.126069e-26
               99300        8.538500e-05        8.123200e-26
               99400        8.636900e-05        8.129023e-26
               99500        8.610600e-05        8.128965e-26
               99600        8.098600e-05        7.775024e-26
               99700        8.265800e-05        7.836197e-26
               99800        8.703800e-05        7.783452e-26
               99900        8.556100e-05        7.677846e-26
              100000        8.454800e-05        7.857302e-26
