Period: 100
               Epoch           Time cost                Loss
                 100        1.064610e-04        2.339564e+04
                 200        5.439000e-05        7.549694e+03
                 300        5.949500e-05        1.596128e+03
                 400        6.731900e-05        4.399440e+02
                 500        6.800300e-05        1.442067e+02
                 600        6.803700e-05        6.365828e+01
                 700        6.766000e-05        2.024248e+01
                 800        6.866800e-05        9.095125e+00
                 900        5.000000e-05        2.850510e+00
                1000        6.950200e-05        9.042044e-01
                1100        6.789700e-05        3.025271e-01
                1200        6.806200e-05        7.353218e-02
                1300        8.842200e-05        3.147912e-02
                1400        6.210400e-05        2.808032e-02
                1500        7.859800e-05        6.674237e-03
                1600        6.171900e-05        3.339262e-03
                1700        5.911800e-05        7.684265e-04
                1800        6.280900e-05        3.116970e-04
                1900        5.897800e-05        7.104417e-05
                2000        6.097500e-05        2.180037e-05
                2100        5.783100e-05        6.383770e-06
                2200        6.063100e-05        2.623027e-06
                2300        5.980400e-05        7.896617e-07
                2400        4.911900e-05        1.763856e-07
                2500        6.873100e-05        5.926033e-08
                2600        6.103600e-05        1.613602e-08
                2700        6.766700e-05        6.489215e-09
                2800        7.024400e-05        1.385421e-09
                2900        5.780500e-05        6.237888e-10
                3000        6.966400e-05        8.969079e-11
                3100        6.796700e-05        6.048618e-11
                3200        6.949500e-05        9.892718e-12
                3300        5.754700e-05        7.480837e-12
                3400        5.827900e-05        1.232477e-12
                3500        4.821600e-05        9.562144e-13
                3600        4.986500e-05        1.267916e-13
                3700        5.331500e-05        4.061832e-14
                3800        6.266000e-05        4.061528e-14
                3900        6.216900e-05        9.906394e-15
                4000        6.279700e-05        9.906407e-15
                4100        6.206800e-05        2.848721e-15
                4200        4.904300e-05        2.848721e-15
                4300        6.466400e-05        7.808456e-16
                4400        6.538400e-05        7.808456e-16
                4500        6.400800e-05        7.808456e-16
                4600        6.375900e-05        1.281275e-16
                4700        6.310100e-05        4.824702e-17
                4800        6.464100e-05        4.823465e-17
                4900        6.539500e-05        1.479646e-17
                5000        6.326800e-05        1.479545e-17
                5100        6.676900e-05        4.545160e-18
                5200        6.543400e-05        4.545160e-18
                5300        6.309200e-05        1.244127e-18
                5400        6.339600e-05        1.244282e-18
                5500        6.704300e-05        3.250006e-19
                5600        6.379800e-05        3.249927e-19
                5700        6.332900e-05        8.371568e-20
                5800        6.938900e-05        8.371568e-20
                5900        6.560800e-05        2.235537e-20
                6000        6.480500e-05        2.235537e-20
                6100        6.447100e-05        8.014583e-21
                6200        6.457600e-05        8.014583e-21
                6300        6.550200e-05        3.107281e-21
                6400        6.544400e-05        3.107285e-21
                6500        6.880400e-05        7.133727e-22
                6600        6.474400e-05        7.133727e-22
                6700        6.755100e-05        2.112119e-22
                6800        6.520600e-05        2.112119e-22
                6900        6.671200e-05        6.428432e-23
                7000        6.532300e-05        6.428432e-23
                7100        6.643400e-05        1.908136e-23
                7200        6.563900e-05        1.908136e-23
                7300        6.523900e-05        5.076274e-24
                7400        6.621900e-05        5.076274e-24
                7500        6.520900e-05        1.244400e-24
                7600        6.591800e-05        1.244400e-24
                7700        6.720100e-05        4.242411e-25
                7800        5.222000e-05        4.243689e-25
                7900        5.861200e-05        1.340282e-25
                8000        6.716900e-05        1.340282e-25
                8100        6.473900e-05        6.369234e-26
                8200        6.742100e-05        6.369234e-26
                8300        6.426800e-05        3.542706e-26
                8400        6.493000e-05        3.542706e-26
                8500        6.404100e-05        2.931800e-26
                8600        6.579300e-05        2.931800e-26
                8700        6.444500e-05        1.988513e-26
                8800        6.577700e-05        1.988513e-26
                8900        6.475600e-05        1.662684e-26
                9000        6.439500e-05        1.662684e-26
                9100        6.431700e-05        1.429927e-26
                9200        6.484300e-05        1.429927e-26
                9300        6.437300e-05        1.390839e-26
                9400        6.469000e-05        1.390839e-26
                9500        6.484000e-05        1.410798e-26
                9600        5.220400e-05        1.410917e-26
                9700        5.340100e-05        1.702521e-26
                9800        6.617500e-05        1.702521e-26
                9900        6.255600e-05        1.397524e-26
               10000        6.436600e-05        1.397524e-26
               10100        6.459100e-05        1.303471e-26
               10200        6.471400e-05        1.303471e-26
               10300        6.376900e-05        1.557850e-26
               10400        6.826300e-05        1.557850e-26
               10500        6.511500e-05        1.190572e-26
               10600        6.486800e-05        1.190572e-26
               10700        6.520600e-05        1.260341e-26
               10800        6.538400e-05        1.260341e-26
               10900        6.495500e-05        1.393879e-26
               11000        6.632900e-05        1.393879e-26
               11100        6.604700e-05        1.413640e-26
               11200        6.491100e-05        1.413640e-26
               11300        4.989900e-05        1.018003e-26
               11400        5.378800e-05        1.018003e-26
               11500        6.430000e-05        1.534406e-26
               11600        6.694800e-05        1.810172e-26
               11700        6.352700e-05        1.810428e-26
               11800        6.393300e-05        1.802245e-26
               11900        6.424300e-05        1.802245e-26
               12000        6.542700e-05        1.259303e-26
               12100        6.531200e-05        1.259303e-26
               12200        6.627500e-05        1.498698e-26
               12300        6.615500e-05        1.521730e-26
               12400        6.449300e-05        1.521020e-26
               12500        6.410700e-05        1.279489e-26
               12600        6.474300e-05        1.279489e-26
               12700        6.543000e-05        1.415852e-26
               12800        6.630800e-05        1.415852e-26
               12900        6.267800e-05        1.799399e-26
               13000        6.787700e-05        1.799399e-26
               13100        6.463800e-05        1.513476e-26
               13200        6.428500e-05        1.513476e-26
               13300        6.381200e-05        1.452256e-26
               13400        6.437100e-05        1.452256e-26
               13500        6.418800e-05        1.320048e-26
               13600        6.429700e-05        1.320048e-26
               13700        6.480500e-05        1.313807e-26
               13800        6.518300e-05        1.313807e-26
               13900        6.338300e-05        1.475608e-26
               14000        6.609800e-05        1.475608e-26
               14100        7.084900e-05        1.631690e-26
               14200        6.970200e-05        1.631690e-26
               14300        6.997800e-05        1.586262e-26
               14400        6.622400e-05        1.586262e-26
               14500        6.358900e-05        1.642578e-26
               14600        6.368500e-05        1.642189e-26
               14700        6.521600e-05        1.408865e-26
               14800        6.547500e-05        1.429260e-26
               14900        6.501400e-05        1.429260e-26
               15000        6.633000e-05        1.684084e-26
               15100        6.267000e-05        1.684084e-26
               15200        6.475200e-05        1.556471e-26
               15300        6.650700e-05        1.556471e-26
               15400        6.776700e-05        1.355171e-26
               15500        6.825200e-05        1.355171e-26
               15600        6.685700e-05        1.298776e-26
               15700        6.626900e-05        1.298776e-26
               15800        6.726300e-05        1.209997e-26
               15900        6.639300e-05        1.209997e-26
               16000        6.679800e-05        9.856444e-27
               16100        6.733200e-05        9.856444e-27
               16200        6.677200e-05        1.026841e-26
               16300        6.664600e-05        1.026841e-26
               16400        6.776900e-05        1.283652e-26
               16500        6.741800e-05        1.283652e-26
               16600        6.729400e-05        1.463250e-26
               16700        6.640100e-05        1.463250e-26
               16800        6.648100e-05        1.604311e-26
               16900        6.499800e-05        1.604311e-26
               17000        6.705500e-05        1.491323e-26
               17100        6.761600e-05        1.491323e-26
               17200        6.675900e-05        1.357994e-26
               17300        6.742500e-05        1.357994e-26
               17400        6.618400e-05        1.578895e-26
               17500        6.884000e-05        1.578895e-26
               17600        6.728300e-05        1.107636e-26
               17700        6.780900e-05        1.107592e-26
               17800        6.825400e-05        1.438670e-26
               17900        6.697500e-05        1.380031e-26
               18000        6.613100e-05        1.380031e-26
               18100        6.690800e-05        1.524439e-26
               18200        6.703300e-05        1.524439e-26
               18300        8.281200e-05        1.935696e-26
               18400        6.864100e-05        1.935696e-26
               18500        6.649300e-05        1.454091e-26
               18600        6.713900e-05        1.454091e-26
               18700        6.690700e-05        1.601352e-26
               18800        6.772000e-05        1.601352e-26
               18900        6.588800e-05        1.167207e-26
               19000        6.654600e-05        1.167207e-26
               19100        6.713800e-05        1.389186e-26
               19200        6.663300e-05        1.389216e-26
               19300        6.959000e-05        1.254460e-26
               19400        6.740000e-05        1.254460e-26
               19500        6.757800e-05        1.414421e-26
               19600        6.648100e-05        1.414421e-26
               19700        4.954800e-05        1.329743e-26
               19800        5.896500e-05        1.329743e-26
               19900        6.675000e-05        1.352494e-26
               20000        6.627600e-05        1.352494e-26
               20100        6.677000e-05        1.562826e-26
               20200        6.579500e-05        1.562826e-26
               20300        6.685700e-05        1.091472e-26
               20400        6.691700e-05        1.091472e-26
               20500        6.774500e-05        1.469756e-26
               20600        6.733900e-05        1.469756e-26
               20700        6.708600e-05        1.257824e-26
               20800        6.617500e-05        1.257824e-26
               20900        6.601500e-05        1.702240e-26
               21000        6.713400e-05        1.702240e-26
               21100        6.813700e-05        1.774638e-26
               21200        6.738000e-05        1.774638e-26
               21300        6.619100e-05        1.607382e-26
               21400        6.577000e-05        1.607382e-26
               21500        4.916000e-05        1.596639e-26
               21600        5.796000e-05        1.596639e-26
               21700        6.657800e-05        1.477937e-26
               21800        6.667100e-05        1.478016e-26
               21900        6.568600e-05        1.327926e-26
               22000        6.711400e-05        1.327926e-26
               22100        6.829700e-05        1.507630e-26
               22200        6.702700e-05        1.507867e-26
               22300        6.667100e-05        1.514029e-26
               22400        6.664500e-05        1.514029e-26
               22500        6.607200e-05        1.278248e-26
               22600        6.663100e-05        1.278248e-26
               22700        6.341700e-05        1.308072e-26
               22800        6.680500e-05        1.308703e-26
               22900        6.688200e-05        1.180086e-26
               23000        6.762500e-05        1.180086e-26
               23100        6.827300e-05        1.179200e-26
               23200        7.028800e-05        1.179200e-26
               23300        6.831500e-05        1.108240e-26
               23400        6.710500e-05        1.108240e-26
               23500        6.732700e-05        1.125540e-26
               23600        6.696600e-05        1.125540e-26
               23700        6.669600e-05        1.069640e-26
               23800        6.632100e-05        1.069640e-26
               23900        6.775500e-05        1.322662e-26
               24000        6.698000e-05        1.322662e-26
               24100        6.686400e-05        1.335707e-26
               24200        6.554600e-05        1.335707e-26
               24300        6.685600e-05        1.239534e-26
               24400        7.896700e-05        1.239534e-26
               24500        6.622400e-05        1.714115e-26
               24600        6.595300e-05        1.714115e-26
               24700        6.826800e-05        1.627334e-26
               24800        6.710600e-05        1.627334e-26
               24900        6.621200e-05        1.493176e-26
               25000        6.714500e-05        1.493176e-26
               25100        6.687500e-05        1.589373e-26
               25200        7.751700e-05        1.589373e-26
               25300        7.722800e-05        1.210065e-26
               25400        7.568800e-05        1.210065e-26
               25500        9.712100e-05        1.697689e-26
               25600        7.738000e-05        1.697689e-26
               25700        7.651800e-05        2.022885e-26
               25800        7.732300e-05        2.022885e-26
               25900        6.725900e-05        1.704137e-26
               26000        6.948300e-05        1.767377e-26
               26100        8.871400e-05        1.767377e-26
               26200        7.615400e-05        1.463841e-26
               26300        7.572300e-05        1.464930e-26
               26400        7.785800e-05        1.633827e-26
               26500        7.811500e-05        1.633827e-26
               26600        7.812700e-05        1.573753e-26
               26700        7.631400e-05        1.573753e-26
               26800        7.618800e-05        1.225687e-26
               26900        7.832100e-05        1.225687e-26
               27000        7.586500e-05        1.758310e-26
               27100        7.523400e-05        1.758310e-26
               27200        6.745000e-05        1.552589e-26
               27300        7.627300e-05        1.552589e-26
               27400        7.711500e-05        1.407473e-26
               27500        7.457900e-05        1.407591e-26
               27600        6.737500e-05        1.478813e-26
               27700        7.607500e-05        1.478635e-26
               27800        7.489100e-05        1.427514e-26
               27900        7.892300e-05        1.718157e-26
               28000        7.624500e-05        1.718157e-26
               28100        7.567800e-05        1.649792e-26
               28200        7.772500e-05        1.649792e-26
               28300        8.665000e-05        1.666563e-26
               28400        6.642800e-05        1.666563e-26
               28500        7.683900e-05        1.192507e-26
               28600        7.681100e-05        1.192507e-26
               28700        7.688700e-05        1.182650e-26
               28800        7.391900e-05        1.182650e-26
               28900        7.367700e-05        1.291573e-26
               29000        6.568700e-05        1.291573e-26
               29100        7.543100e-05        1.155723e-26
               29200        7.290800e-05        1.155723e-26
               29300        7.787300e-05        1.174533e-26
               29400        6.355900e-05        1.174533e-26
               29500        7.351200e-05        1.129731e-26
               29600        6.782700e-05        1.129731e-26
               29700        7.734600e-05        1.353228e-26
               29800        7.904800e-05        1.353228e-26
               29900        6.988100e-05        1.255013e-26
               30000        7.018400e-05        1.255013e-26
               30100        6.688500e-05        1.319811e-26
               30200        6.808300e-05        1.319811e-26
               30300        8.571900e-05        1.112403e-26
               30400        7.604900e-05        1.112403e-26
               30500        8.647900e-05        1.157486e-26
               30600        8.613200e-05        1.157545e-26
               30700        8.777900e-05        1.106040e-26
               30800        8.338100e-05        1.106040e-26
               30900        7.834300e-05        1.038221e-26
               31000        6.582300e-05        1.038221e-26
               31100        6.431000e-05        1.181373e-26
               31200        6.386600e-05        1.181373e-26
               31300        6.687200e-05        1.297297e-26
               31400        6.847800e-05        1.297297e-26
               31500        6.711900e-05        1.179729e-26
               31600        6.741700e-05        1.179729e-26
               31700        6.791400e-05        1.287571e-26
               31800        6.722100e-05        1.287571e-26
               31900        6.509900e-05        1.503195e-26
               32000        8.636700e-05        1.503195e-26
               32100        6.993700e-05        1.300214e-26
               32200        7.068900e-05        1.300214e-26
               32300        7.019500e-05        1.464735e-26
               32400        7.331900e-05        1.464547e-26
               32500        7.019900e-05        1.265509e-26
               32600        6.995700e-05        1.265509e-26
               32700        7.340200e-05        1.152137e-26
               32800        7.573800e-05        1.152137e-26
               32900        7.264000e-05        1.285767e-26
               33000        7.131400e-05        1.285767e-26
               33100        6.097700e-05        1.460293e-26
               33200        5.661600e-05        1.460293e-26
               33300        5.935400e-05        1.370686e-26
               33400        5.512800e-05        1.178130e-26
               33500        6.072600e-05        1.178130e-26
               33600        5.562200e-05        1.107348e-26
               33700        6.100400e-05        1.107348e-26
               33800        5.656400e-05        1.316172e-26
               33900        6.050900e-05        1.316172e-26
               34000        5.512500e-05        1.002173e-26
               34100        6.082000e-05        1.177499e-26
               34200        5.535100e-05        1.177499e-26
               34300        6.084800e-05        1.119105e-26
               34400        5.666600e-05        1.119105e-26
               34500        6.156300e-05        1.565505e-26
               34600        5.567400e-05        1.565505e-26
               34700        6.108100e-05        1.578696e-26
               34800        5.511300e-05        1.578696e-26
               34900        6.083000e-05        1.467963e-26
               35000        5.474900e-05        1.467963e-26
               35100        6.159600e-05        1.418047e-26
               35200        5.486600e-05        1.418047e-26
               35300        6.036400e-05        1.181800e-26
               35400        5.475800e-05        1.181603e-26
               35500        6.140500e-05        1.217824e-26
               35600        5.490800e-05        1.217824e-26
               35700        6.113100e-05        1.502174e-26
               35800        5.505800e-05        1.502085e-26
               35900        5.987000e-05        1.679688e-26
               36000        5.379000e-05        1.679688e-26
               36100        6.114200e-05        1.634937e-26
               36200        5.393200e-05        1.634937e-26
               36300        6.159500e-05        1.246237e-26
               36400        5.396500e-05        1.246237e-26
               36500        6.142900e-05        1.452708e-26
               36600        5.686000e-05        1.452708e-26
               36700        6.045200e-05        1.537795e-26
               36800        5.645800e-05        1.537795e-26
               36900        5.999000e-05        1.205136e-26
               37000        5.616200e-05        1.205136e-26
               37100        6.009500e-05        1.434740e-26
               37200        5.498400e-05        1.434740e-26
               37300        6.194100e-05        1.547156e-26
               37400        7.478900e-05        1.648852e-26
               37500        7.228900e-05        1.648852e-26
               37600        7.331000e-05        2.178991e-26
               37700        7.514200e-05        2.178991e-26
               37800        7.382500e-05        1.595766e-26
               37900        7.109200e-05        1.596081e-26
               38000        7.536800e-05        1.735974e-26
               38100        7.102400e-05        1.735974e-26
               38200        7.469800e-05        1.471912e-26
               38300        7.551900e-05        1.471912e-26
               38400        7.444200e-05        1.562582e-26
               38500        8.532500e-05        1.562582e-26
               38600        7.494700e-05        1.712580e-26
               38700        7.305000e-05        1.712580e-26
               38800        7.095500e-05        1.771387e-26
               38900        7.623800e-05        1.771387e-26
               39000        7.933400e-05        1.689360e-26
               39100        7.433400e-05        1.689375e-26
               39200        7.304100e-05        1.459263e-26
               39300        7.392300e-05        1.459263e-26
               39400        7.573900e-05        1.123411e-26
               39500        7.778800e-05        1.123411e-26
               39600        7.763900e-05        1.072408e-26
               39700        5.647200e-05        1.072408e-26
               39800        6.166900e-05        1.372470e-26
               39900        7.436000e-05        1.372470e-26
               40000        6.982500e-05        1.075874e-26
               40100        7.010400e-05        1.075874e-26
               40200        7.215800e-05        9.581554e-27
               40300        7.406000e-05        9.581554e-27
               40400        7.307300e-05        1.246165e-26
               40500        7.487700e-05        1.246165e-26
               40600        7.178100e-05        1.271569e-26
               40700        7.138600e-05        1.271569e-26
               40800        7.425700e-05        1.253800e-26
               40900        7.420200e-05        1.253800e-26
               41000        7.456500e-05        1.351936e-26
               41100        7.239800e-05        1.351936e-26
               41200        7.440100e-05        1.307215e-26
               41300        7.832300e-05        1.307215e-26
               41400        7.569600e-05        1.480490e-26
               41500        7.227000e-05        1.480490e-26
               41600        7.551300e-05        1.306281e-26
               41700        7.698700e-05        1.306281e-26
               41800        7.268100e-05        1.332763e-26
               41900        7.447400e-05        1.332763e-26
               42000        7.230200e-05        1.551933e-26
               42100        7.474200e-05        1.551933e-26
               42200        9.513900e-05        1.512917e-26
               42300        7.303500e-05        1.512917e-26
               42400        7.483900e-05        1.567077e-26
               42500        7.358500e-05        1.567077e-26
               42600        7.309400e-05        1.336982e-26
               42700        7.413900e-05        1.336982e-26
               42800        7.226100e-05        1.022765e-26
               42900        7.372700e-05        1.022765e-26
               43000        7.417600e-05        1.371625e-26
               43100        7.279700e-05        1.371625e-26
               43200        7.336300e-05        1.401939e-26
               43300        7.410500e-05        1.401939e-26
               43400        7.250500e-05        1.525922e-26
               43500        7.551300e-05        1.525922e-26
               43600        7.860300e-05        1.534895e-26
               43700        7.831300e-05        1.534895e-26
               43800        9.495300e-05        1.523506e-26
               43900        7.264400e-05        1.523506e-26
               44000        7.459800e-05        1.455109e-26
               44100        7.354900e-05        1.455267e-26
               44200        7.887500e-05        1.613002e-26
               44300        8.301700e-05        1.613002e-26
               44400        7.843800e-05        1.615399e-26
               44500        7.856300e-05        1.615399e-26
               44600        7.883600e-05        1.447944e-26
               44700        7.607100e-05        1.447944e-26
               44800        7.639200e-05        1.619458e-26
               44900        7.710100e-05        1.619458e-26
               45000        7.603600e-05        1.741946e-26
               45100        7.842000e-05        1.741946e-26
               45200        7.684100e-05        1.326461e-26
               45300        7.718100e-05        1.326461e-26
               45400        7.436400e-05        1.319131e-26
               45500        7.457800e-05        1.319131e-26
               45600        7.564200e-05        9.838026e-27
               45700        7.486700e-05        9.838026e-27
               45800        7.315000e-05        1.368053e-26
               45900        6.066700e-05        1.368053e-26
               46000        5.883600e-05        1.515054e-26
               46100        7.261100e-05        1.500148e-26
               46200        7.210400e-05        1.500148e-26
               46300        7.324800e-05        1.584042e-26
               46400        7.426400e-05        1.584042e-26
               46500        7.301800e-05        1.642997e-26
               46600        7.395800e-05        1.642997e-26
               46700        7.436700e-05        1.478421e-26
               46800        7.316000e-05        1.479269e-26
               46900        7.194200e-05        1.448796e-26
               47000        7.493200e-05        1.448796e-26
               47100        7.471900e-05        1.252179e-26
               47200        7.188700e-05        1.251824e-26
               47300        7.640100e-05        1.751099e-26
               47400        7.599100e-05        1.751099e-26
               47500        7.588200e-05        1.577957e-26
               47600        7.715200e-05        1.577957e-26
               47700        7.466700e-05        1.472894e-26
               47800        7.685200e-05        1.472894e-26
               47900        5.908900e-05        1.591263e-26
               48000        6.495200e-05        1.591263e-26
               48100        7.569700e-05        1.652848e-26
               48200        7.624300e-05        1.652848e-26
               48300        7.308100e-05        1.439682e-26
               48400        7.970200e-05        1.439682e-26
               48500        7.743100e-05        1.397183e-26
               48600        7.644300e-05        1.397183e-26
               48700        7.660700e-05        1.471613e-26
               48800        7.725500e-05        1.471850e-26
               48900        8.392300e-05        1.497827e-26
               49000        6.131300e-05        1.497827e-26
               49100        6.394200e-05        1.295294e-26
               49200        6.060300e-05        1.295294e-26
               49300        6.706700e-05        1.294542e-26
               49400        6.051300e-05        1.294305e-26
               49500        6.644000e-05        1.377174e-26
               49600        5.921800e-05        1.377174e-26
               49700        6.185200e-05        1.188550e-26
               49800        5.826500e-05        1.188550e-26
               49900        6.168200e-05        1.681808e-26
               50000        6.004700e-05        1.681808e-26
               50100        6.208800e-05        1.852550e-26
               50200        5.817400e-05        1.852550e-26
               50300        6.169600e-05        1.632686e-26
               50400        5.791400e-05        1.632686e-26
               50500        6.253500e-05        1.167713e-26
               50600        5.848900e-05        1.167713e-26
               50700        6.544000e-05        1.227835e-26
               50800        5.967800e-05        1.227835e-26
               50900        6.181100e-05        1.496196e-26
               51000        5.883500e-05        1.496196e-26
               51100        6.130200e-05        1.698878e-26
               51200        5.751900e-05        1.698878e-26
               51300        6.195500e-05        1.478181e-26
               51400        5.859900e-05        1.478181e-26
               51500        6.185600e-05        1.324861e-26
               51600        5.995400e-05        1.324861e-26
               51700        6.330300e-05        1.332318e-26
               51800        5.827000e-05        1.332318e-26
               51900        6.586000e-05        1.529155e-26
               52000        6.219600e-05        1.529786e-26
               52100        6.951500e-05        1.255285e-26
               52200        6.045400e-05        1.255285e-26
               52300        6.939500e-05        1.409961e-26
               52400        6.311400e-05        1.882898e-26
               52500        6.918700e-05        2.356812e-26
               52600        6.323600e-05        2.356812e-26
               52700        6.490400e-05        2.064188e-26
               52800        6.165300e-05        1.626656e-26
               52900        7.264800e-05        1.626656e-26
               53000        6.210200e-05        1.544742e-26
               53100        6.307500e-05        1.545373e-26
               53200        6.080300e-05        1.510821e-26
               53300        6.482800e-05        1.184372e-26
               53400        7.677600e-05        1.184372e-26
               53500        7.633800e-05        1.176880e-26
               53600        7.475900e-05        1.176880e-26
               53700        7.537700e-05        1.456242e-26
               53800        7.598000e-05        1.456242e-26
               53900        7.583300e-05        1.812866e-26
               54000        7.599200e-05        1.812866e-26
               54100        5.991400e-05        1.660767e-26
               54200        6.206000e-05        1.660767e-26
               54300        7.685600e-05        1.712248e-26
               54400        1.058900e-04        1.712248e-26
               54500        7.542400e-05        1.676200e-26
               54600        7.744600e-05        1.676200e-26
               54700        7.649900e-05        1.437388e-26
               54800        7.410500e-05        1.437388e-26
               54900        7.680800e-05        1.433119e-26
               55000        7.872100e-05        1.433119e-26
               55100        7.608400e-05        1.485019e-26
               55200        8.038800e-05        1.485438e-26
               55300        7.871000e-05        1.484564e-26
               55400        7.728900e-05        1.484564e-26
               55500        7.548600e-05        1.139348e-26
               55600        8.001700e-05        1.139185e-26
               55700        7.369100e-05        1.267436e-26
               55800        7.655100e-05        1.267436e-26
               55900        7.608800e-05        1.134773e-26
               56000        7.866900e-05        1.134773e-26
               56100        7.526200e-05        1.137545e-26
               56200        8.050600e-05        1.137545e-26
               56300        7.722000e-05        9.783855e-27
               56400        7.454500e-05        9.783855e-27
               56500        7.579100e-05        1.225520e-26
               56600        7.617300e-05        1.225520e-26
               56700        7.590600e-05        1.242771e-26
               56800        7.512200e-05        1.242771e-26
               56900        7.390600e-05        1.210598e-26
               57000        7.735200e-05        1.209967e-26
               57100        7.708600e-05        1.163142e-26
               57200        7.673500e-05        1.163142e-26
               57300        7.727900e-05        1.226753e-26
               57400        7.520300e-05        1.226753e-26
               57500        7.657500e-05        1.347855e-26
               57600        7.471000e-05        1.347855e-26
               57700        7.686300e-05        1.470245e-26
               57800        7.604400e-05        1.470245e-26
               57900        7.783100e-05        1.429359e-26
               58000        7.220700e-05        1.429359e-26
               58100        8.032500e-05        1.249132e-26
               58200        7.738300e-05        1.249132e-26
               58300        7.641400e-05        1.210390e-26
               58400        7.431000e-05        1.210390e-26
               58500        7.393400e-05        1.663790e-26
               58600        7.681200e-05        1.663790e-26
               58700        5.721100e-05        1.630718e-26
               58800        6.662800e-05        1.630718e-26
               58900        7.436400e-05        1.533078e-26
               59000        7.437600e-05        1.533078e-26
               59100        7.669200e-05        1.278453e-26
               59200        7.372800e-05        1.278453e-26
               59300        7.762900e-05        1.519069e-26
               59400        7.319100e-05        1.519069e-26
               59500        8.579600e-05        1.519069e-26
               59600        7.801800e-05        1.261688e-26
               59700        7.775700e-05        1.330632e-26
               59800        7.429000e-05        1.303818e-26
               59900        7.706400e-05        1.303113e-26
               60000        7.749200e-05        1.493980e-26
               60100        7.667500e-05        1.470321e-26
               60200        7.522000e-05        1.106518e-26
               60300        7.214100e-05        1.160904e-26
               60400        7.299400e-05        1.407386e-26
               60500        7.095600e-05        1.517337e-26
               60600        7.115000e-05        1.341533e-26
               60700        7.654900e-05        1.340036e-26
               60800        9.747900e-05        1.158112e-26
               60900        7.535300e-05        1.139297e-26
               61000        7.370300e-05        1.226909e-26
               61100        7.491900e-05        1.655738e-26
               61200        7.318000e-05        1.628875e-26
               61300        7.598300e-05        1.495085e-26
               61400        7.120300e-05        1.230970e-26
               61500        7.311700e-05        1.263509e-26
               61600        7.304600e-05        1.241173e-26
               61700        7.151900e-05        1.364720e-26
               61800        7.197300e-05        1.519998e-26
               61900        7.394500e-05        1.474094e-26
               62000        7.301200e-05        1.408276e-26
               62100        7.686700e-05        1.262454e-26
               62200        7.259400e-05        1.333216e-26
               62300        7.525200e-05        1.488631e-26
               62400        7.190700e-05        1.509495e-26
               62500        7.467300e-05        1.493034e-26
               62600        7.296800e-05        1.440600e-26
               62700        7.428200e-05        1.446124e-26
               62800        7.601100e-05        1.381608e-26
               62900        7.366800e-05        1.448760e-26
               63000        7.286300e-05        1.390324e-26
               63100        7.680000e-05        1.229599e-26
               63200        7.333900e-05        1.374272e-26
               63300        7.343200e-05        1.350092e-26
               63400        7.269400e-05        1.385242e-26
               63500        6.999000e-05        1.332234e-26
               63600        7.148500e-05        1.376773e-26
               63700        7.223600e-05        1.513166e-26
               63800        7.114700e-05        1.283333e-26
               63900        7.124800e-05        1.283333e-26
               64000        7.273000e-05        1.510985e-26
               64100        7.309300e-05        1.510985e-26
               64200        7.272200e-05        1.560072e-26
               64300        7.200400e-05        1.560072e-26
               64400        7.341400e-05        1.467674e-26
               64500        5.884100e-05        1.467674e-26
               64600        5.488900e-05        1.267808e-26
               64700        5.682100e-05        1.267808e-26
               64800        5.580500e-05        1.537990e-26
               64900        5.738400e-05        1.537990e-26
               65000        5.522000e-05        1.533849e-26
               65100        7.315700e-05        1.533849e-26
               65200        5.354800e-05        1.891041e-26
               65300        5.827300e-05        1.890410e-26
               65400        5.390300e-05        1.836940e-26
               65500        5.786000e-05        1.552578e-26
               65600        6.384900e-05        1.552578e-26
               65700        7.323300e-05        1.102738e-26
               65800        6.840200e-05        1.102738e-26
               65900        6.757600e-05        1.215690e-26
               66000        6.851500e-05        1.215690e-26
               66100        7.141000e-05        1.403497e-26
               66200        6.904800e-05        1.403497e-26
               66300        6.964500e-05        1.114041e-26
               66400        7.327400e-05        1.114041e-26
               66500        7.041300e-05        1.389445e-26
               66600        7.036700e-05        1.389445e-26
               66700        6.826100e-05        1.710618e-26
               66800        6.735700e-05        1.710618e-26
               66900        7.110900e-05        1.331188e-26
               67000        6.863300e-05        1.331188e-26
               67100        6.923100e-05        1.158349e-26
               67200        6.846700e-05        1.158349e-26
               67300        6.837700e-05        1.264268e-26
               67400        6.889000e-05        1.264268e-26
               67500        6.874600e-05        1.539558e-26
               67600        7.111100e-05        1.539558e-26
               67700        6.962000e-05        1.817195e-26
               67800        7.045300e-05        1.817195e-26
               67900        7.114600e-05        1.788267e-26
               68000        7.725600e-05        1.788267e-26
               68100        7.472100e-05        1.664037e-26
               68200        7.529000e-05        1.664037e-26
               68300        1.009850e-04        1.664037e-26
               68400        7.487200e-05        1.488461e-26
               68500        7.515700e-05        1.407481e-26
               68600        7.456500e-05        1.407876e-26
               68700        7.557300e-05        1.495101e-26
               68800        7.879500e-05        1.495101e-26
               68900        7.608900e-05        1.417835e-26
               69000        7.679600e-05        1.417835e-26
               69100        7.841400e-05        1.062207e-26
               69200        7.531000e-05        1.062207e-26
               69300        7.801800e-05        1.188753e-26
               69400        7.808800e-05        1.188753e-26
               69500        8.330300e-05        1.548824e-26
               69600        7.526400e-05        1.548824e-26
               69700        7.414400e-05        1.767185e-26
               69800        7.909400e-05        1.767185e-26
               69900        7.468200e-05        1.654800e-26
               70000        7.522200e-05        1.654800e-26
               70100        7.241500e-05        1.223429e-26
               70200        7.718000e-05        1.223429e-26
               70300        7.344700e-05        1.048035e-26
               70400        7.725200e-05        1.048035e-26
               70500        7.366900e-05        1.476089e-26
               70600        7.495200e-05        1.476089e-26
               70700        7.578500e-05        1.492063e-26
               70800        7.608200e-05        1.492063e-26
               70900        7.118500e-05        1.458328e-26
               71000        5.748700e-05        1.458328e-26
               71100        6.268100e-05        1.203602e-26
               71200        7.498200e-05        1.203602e-26
               71300        7.531100e-05        1.353841e-26
               71400        5.973200e-05        1.353841e-26
               71500        5.699800e-05        1.472803e-26
               71600        5.901600e-05        1.472803e-26
               71700        5.764000e-05        1.536465e-26
               71800        5.935200e-05        1.536465e-26
               71900        5.619500e-05        1.285796e-26
               72000        6.157500e-05        1.285796e-26
               72100        5.690100e-05        1.425745e-26
               72200        5.965900e-05        1.425666e-26
               72300        5.661700e-05        1.632183e-26
               72400        5.973100e-05        1.632183e-26
               72500        5.646500e-05        1.521787e-26
               72600        5.959000e-05        1.521787e-26
               72700        5.641000e-05        1.351295e-26
               72800        5.857300e-05        1.351355e-26
               72900        5.704900e-05        1.632711e-26
               73000        6.034000e-05        1.632947e-26
               73100        5.696700e-05        1.515759e-26
               73200        5.866800e-05        1.515759e-26
               73300        5.772500e-05        1.834758e-26
               73400        5.888700e-05        1.834758e-26
               73500        5.625700e-05        1.450442e-26
               73600        5.878200e-05        1.450757e-26
               73700        5.666700e-05        1.428914e-26
               73800        5.986500e-05        1.428914e-26
               73900        5.516200e-05        1.444304e-26
               74000        5.958700e-05        1.444304e-26
               74100        5.621600e-05        1.456831e-26
               74200        5.897500e-05        1.456831e-26
               74300        5.686900e-05        1.698347e-26
               74400        5.826600e-05        1.698268e-26
               74500        5.701800e-05        1.298129e-26
               74600        9.116000e-05        1.298129e-26
               74700        5.758000e-05        1.582129e-26
               74800        5.934600e-05        1.582129e-26
               74900        5.977000e-05        1.987624e-26
               75000        6.376200e-05        1.987624e-26
               75100        1.082490e-04        1.886542e-26
               75200        6.076400e-05        1.886542e-26
               75300        5.963600e-05        1.710493e-26
               75400        6.091600e-05        1.710493e-26
               75500        5.822200e-05        1.530338e-26
               75600        6.068800e-05        1.530338e-26
               75700        5.627800e-05        1.454336e-26
               75800        5.919300e-05        1.624236e-26
               75900        5.620700e-05        1.624236e-26
               76000        6.044900e-05        1.311600e-26
               76100        5.592100e-05        1.311600e-26
               76200        6.060800e-05        1.020627e-26
               76300        6.219900e-05        1.020627e-26
               76400        5.796900e-05        1.126701e-26
               76500        5.687000e-05        1.126701e-26
               76600        6.145400e-05        1.581244e-26
               76700        5.732200e-05        1.581244e-26
               76800        5.758400e-05        1.075230e-26
               76900        6.619600e-05        1.075230e-26
               77000        5.814900e-05        1.437328e-26
               77100        5.644900e-05        1.118018e-26
               77200        5.725300e-05        1.118018e-26
               77300        5.726200e-05        1.118436e-26
               77400        5.742100e-05        1.118436e-26
               77500        5.687500e-05        1.128626e-26
               77600        5.794900e-05        1.128626e-26
               77700        5.683700e-05        1.557125e-26
               77800        5.795400e-05        1.557125e-26
               77900        5.556200e-05        1.284092e-26
               78000        5.624000e-05        1.284092e-26
               78100        5.715200e-05        1.398343e-26
               78200        5.582000e-05        1.398343e-26
               78300        5.456700e-05        1.339894e-26
               78400        5.584400e-05        1.382454e-26
               78500        5.422700e-05        1.382454e-26
               78600        5.636400e-05        1.559017e-26
               78700        5.446300e-05        1.559017e-26
               78800        5.793800e-05        1.691348e-26
               78900        5.642400e-05        1.691348e-26
               79000        5.848000e-05        1.562551e-26
               79100        5.722700e-05        1.562551e-26
               79200        5.656500e-05        1.398950e-26
               79300        6.125400e-05        1.398950e-26
               79400        5.468500e-05        1.404704e-26
               79500        5.580300e-05        1.404542e-26
               79600        5.591000e-05        1.522652e-26
               79700        5.469900e-05        1.522652e-26
               79800        5.601500e-05        1.591008e-26
               79900        5.481800e-05        1.591008e-26
               80000        5.927400e-05        1.604700e-26
               80100        7.283600e-05        1.605055e-26
               80200        7.182400e-05        1.605055e-26
               80300        8.237900e-05        1.609662e-26
               80400        6.971600e-05        1.416655e-26
               80500        6.875800e-05        1.416655e-26
               80600        7.011000e-05        1.663401e-26
               80700        7.086000e-05        1.663401e-26
               80800        6.921000e-05        1.646393e-26
               80900        9.564800e-05        1.646393e-26
               81000        7.086400e-05        1.546589e-26
               81100        7.095400e-05        1.546589e-26
               81200        5.569800e-05        1.224768e-26
               81300        5.416600e-05        1.224768e-26
               81400        5.755800e-05        1.407101e-26
               81500        5.426200e-05        1.407101e-26
               81600        5.416500e-05        1.341595e-26
               81700        6.002700e-05        1.341832e-26
               81800        6.999000e-05        1.357579e-26
               81900        6.940700e-05        1.357712e-26
               82000        6.979600e-05        1.264959e-26
               82100        7.259300e-05        1.264959e-26
               82200        7.693800e-05        1.208008e-26
               82300        6.952800e-05        1.208008e-26
               82400        7.011100e-05        1.263434e-26
               82500        8.992800e-05        1.263434e-26
               82600        6.963300e-05        1.662411e-26
               82700        7.009800e-05        1.662411e-26
               82800        7.088700e-05        1.877523e-26
               82900        6.986000e-05        1.877523e-26
               83000        7.126700e-05        1.295441e-26
               83100        6.953500e-05        1.295441e-26
               83200        7.050800e-05        1.229232e-26
               83300        7.016200e-05        1.229232e-26
               83400        7.159300e-05        1.399463e-26
               83500        7.121200e-05        1.399463e-26
               83600        6.832300e-05        1.836881e-26
               83700        7.129300e-05        1.836881e-26
               83800        7.274500e-05        1.654948e-26
               83900        6.994300e-05        1.654474e-26
               84000        6.994500e-05        1.654474e-26
               84100        7.019100e-05        1.391934e-26
               84200        7.039400e-05        1.069754e-26
               84300        7.086900e-05        1.069754e-26
               84400        6.843500e-05        8.732916e-27
               84500        7.010000e-05        8.732916e-27
               84600        7.026300e-05        1.063794e-26
               84700        6.913000e-05        1.412017e-26
               84800        7.101200e-05        1.412017e-26
               84900        7.339100e-05        1.377366e-26
               85000        7.145900e-05        1.377366e-26
               85100        7.246500e-05        1.334509e-26
               85200        7.370400e-05        1.688570e-26
               85300        7.094700e-05        1.688570e-26
               85400        7.167800e-05        1.600315e-26
               85500        7.288400e-05        1.600315e-26
               85600        7.278100e-05        1.600315e-26
               85700        7.359800e-05        1.768741e-26
               85800        7.334400e-05        1.543171e-26
               85900        7.366200e-05        1.105434e-26
               86000        7.208400e-05        1.228390e-26
               86100        7.187000e-05        1.294647e-26
               86200        7.288100e-05        1.398350e-26
               86300        7.025300e-05        1.534682e-26
               86400        7.341600e-05        1.464076e-26
               86500        8.249700e-05        1.611391e-26
               86600        7.173700e-05        1.573719e-26
               86700        7.052400e-05        1.298454e-26
               86800        7.236400e-05        1.245766e-26
               86900        7.356500e-05        1.273924e-26
               87000        7.297800e-05        1.305786e-26
               87100        7.237000e-05        1.368267e-26
               87200        7.120200e-05        1.517566e-26
               87300        7.428900e-05        1.528225e-26
               87400        7.228000e-05        1.450701e-26
               87500        7.138500e-05        1.369481e-26
               87600        7.121800e-05        1.332335e-26
               87700        7.137400e-05        1.227894e-26
               87800        7.157900e-05        1.349688e-26
               87900        7.323600e-05        1.519881e-26
               88000        7.119300e-05        1.491157e-26
               88100        7.323000e-05        1.172180e-26
               88200        7.212500e-05        1.062423e-26
               88300        7.121000e-05        1.323394e-26
               88400        8.480900e-05        1.391493e-26
               88500        7.288400e-05        1.551263e-26
               88600        7.177000e-05        1.473851e-26
               88700        7.007300e-05        1.336351e-26
               88800        7.142000e-05        1.285361e-26
               88900        7.188000e-05        1.408719e-26
               89000        7.976400e-05        1.311677e-26
               89100        7.264000e-05        1.225822e-26
               89200        7.215300e-05        1.129999e-26
               89300        7.323500e-05        1.266696e-26
               89400        7.195000e-05        1.326719e-26
               89500        7.165700e-05        1.324029e-26
               89600        7.409600e-05        1.227918e-26
               89700        7.180700e-05        1.295175e-26
               89800        7.133200e-05        1.105051e-26
               89900        7.246900e-05        1.083149e-26
               90000        7.178800e-05        1.188399e-26
               90100        7.216100e-05        1.571985e-26
               90200        7.674100e-05        1.572207e-26
               90300        7.276000e-05        1.630421e-26
               90400        7.138500e-05        1.630421e-26
               90500        7.030000e-05        1.414065e-26
               90600        7.285700e-05        1.413927e-26
               90700        7.147600e-05        1.208579e-26
               90800        7.178200e-05        1.208579e-26
               90900        7.247600e-05        1.018050e-26
               91000        7.206100e-05        1.018050e-26
               91100        7.069500e-05        1.009519e-26
               91200        7.187700e-05        1.009519e-26
               91300        7.673500e-05        1.485786e-26
               91400        7.247900e-05        1.485786e-26
               91500        7.442400e-05        1.442616e-26
               91600        7.206400e-05        1.097080e-26
               91700        7.244800e-05        1.097317e-26
               91800        7.216700e-05        1.024933e-26
               91900        7.180900e-05        1.024933e-26
               92000        7.239600e-05        1.580899e-26
               92100        7.245300e-05        1.580899e-26
               92200        7.091200e-05        1.424856e-26
               92300        7.310000e-05        1.424856e-26
               92400        7.099500e-05        1.111941e-26
               92500        7.164100e-05        1.111941e-26
               92600        7.223000e-05        1.180654e-26
               92700        7.182700e-05        1.180496e-26
               92800        7.242000e-05        1.399096e-26
               92900        7.379200e-05        1.399115e-26
               93000        7.190200e-05        1.433295e-26
               93100        7.412000e-05        1.433295e-26
               93200        7.169500e-05        1.350122e-26
               93300        7.160700e-05        1.350122e-26
               93400        7.200200e-05        1.675201e-26
               93500        7.290000e-05        1.675201e-26
               93600        7.334500e-05        1.436644e-26
               93700        7.383400e-05        1.436644e-26
               93800        7.238100e-05        1.372483e-26
               93900        7.131800e-05        1.372483e-26
               94000        7.287200e-05        1.507046e-26
               94100        7.096200e-05        1.507046e-26
               94200        7.980000e-05        1.317898e-26
               94300        7.336200e-05        1.317898e-26
               94400        7.521100e-05        1.358736e-26
               94500        7.232400e-05        1.475794e-26
               94600        7.193500e-05        1.475794e-26
               94700        7.209600e-05        1.216573e-26
               94800        7.403100e-05        1.216573e-26
               94900        7.144300e-05        1.435562e-26
               95000        7.444400e-05        1.435562e-26
               95100        7.004100e-05        1.142417e-26
               95200        7.383800e-05        1.142417e-26
               95300        7.334000e-05        1.251054e-26
               95400        7.456100e-05        1.251054e-26
               95500        8.496600e-05        1.367289e-26
               95600        7.470400e-05        1.367289e-26
               95700        7.551600e-05        1.185778e-26
               95800        7.313800e-05        1.185778e-26
               95900        7.426500e-05        1.666559e-26
               96000        7.302800e-05        1.666559e-26
               96100        7.405400e-05        1.405780e-26
               96200        7.416400e-05        1.405701e-26
               96300        7.328000e-05        1.394671e-26
               96400        7.313900e-05        1.394671e-26
               96500        7.418100e-05        1.213752e-26
               96600        7.296700e-05        1.213752e-26
               96700        7.448100e-05        1.510997e-26
               96800        7.920200e-05        1.510997e-26
               96900        7.358100e-05        1.563236e-26
               97000        7.779800e-05        1.563236e-26
               97100        7.628000e-05        1.320913e-26
               97200        7.344200e-05        1.320913e-26
               97300        7.426100e-05        1.328881e-26
               97400        7.132600e-05        1.328881e-26
               97500        7.313200e-05        1.510502e-26
               97600        7.279100e-05        1.510502e-26
               97700        7.292600e-05        1.351834e-26
               97800        7.252400e-05        1.351834e-26
               97900        7.404400e-05        1.051614e-26
               98000        5.670400e-05        1.051614e-26
               98100        5.851400e-05        1.522288e-26
               98200        7.178200e-05        1.522288e-26
               98300        7.190700e-05        1.714447e-26
               98400        7.181600e-05        1.714447e-26
               98500        7.389500e-05        2.119697e-26
               98600        7.159300e-05        2.119697e-26
               98700        7.097500e-05        1.565768e-26
               98800        7.428400e-05        1.565768e-26
               98900        7.211800e-05        1.645374e-26
               99000        5.632600e-05        1.645374e-26
               99100        5.863500e-05        1.396687e-26
               99200        7.329100e-05        1.396687e-26
               99300        6.018800e-05        1.544746e-26
               99400        5.750400e-05        1.544746e-26
               99500        5.655100e-05        1.378176e-26
               99600        5.565100e-05        1.378176e-26
               99700        5.549700e-05        1.621200e-26
               99800        5.650500e-05        1.621200e-26
               99900        5.567900e-05        1.237914e-26
              100000        5.578800e-05        1.308048e-26
