Period: 100
               Epoch           Time cost                Loss
                 100        1.161350e-04        6.950217e+03
                 200        8.296700e-05        2.437558e+03
                 300        7.593800e-05        8.059512e+02
                 400        5.775400e-05        1.658087e+02
                 500        5.193100e-05        5.720381e+01
                 600        5.234400e-05        1.881426e+01
                 700        5.260900e-05        7.045563e+00
                 800        5.261600e-05        3.107871e+00
                 900        5.227200e-05        1.366155e+00
                1000        5.962400e-05        4.814606e-01
                1100        7.899600e-05        1.919303e-01
                1200        8.581400e-05        7.413148e-02
                1300        8.568900e-05        3.152287e-02
                1400        8.591900e-05        1.269182e-02
                1500        8.542400e-05        5.815745e-03
                1600        8.537200e-05        2.011058e-03
                1700        7.572300e-05        8.291923e-04
                1800        8.583400e-05        2.145455e-04
                1900        8.609300e-05        8.278457e-05
                2000        8.540700e-05        2.952506e-05
                2100        4.869300e-05        1.643037e-05
                2200        7.675000e-05        5.058259e-06
                2300        6.988800e-05        5.058259e-06
                2400        7.111400e-05        1.616152e-06
                2500        7.223900e-05        1.616262e-06
                2600        6.113200e-05        6.361937e-07
                2700        6.241900e-05        6.362022e-07
                2800        6.168600e-05        2.010556e-07
                2900        6.061300e-05        2.010556e-07
                3000        6.142400e-05        4.729186e-08
                3100        6.143100e-05        4.728779e-08
                3200        6.342500e-05        1.360597e-08
                3300        4.986200e-05        1.360597e-08
                3400        5.081900e-05        5.246762e-09
                3500        6.086400e-05        1.792436e-09
                3600        6.181400e-05        1.792454e-09
                3700        6.045900e-05        7.397884e-10
                3800        6.025500e-05        7.397884e-10
                3900        6.082600e-05        3.188669e-10
                4000        6.092300e-05        3.188622e-10
                4100        6.051000e-05        6.635855e-11
                4200        4.628800e-05        1.469824e-11
                4300        4.644200e-05        1.469800e-11
                4400        4.596800e-05        4.707169e-12
                4500        4.598900e-05        4.707169e-12
                4600        4.594700e-05        1.505220e-12
                4700        4.621700e-05        1.505220e-12
                4800        4.596900e-05        6.249081e-13
                4900        4.598900e-05        6.249081e-13
                5000        4.588600e-05        2.377462e-13
                5100        4.592000e-05        2.377462e-13
                5200        4.620900e-05        8.512926e-14
                5300        4.596300e-05        8.512846e-14
                5400        4.630000e-05        3.206074e-14
                5500        4.558100e-05        3.206014e-14
                5600        4.629800e-05        4.927070e-15
                5700        5.162500e-05        2.983971e-15
                5800        5.576100e-05        4.421549e-16
                5900        4.563200e-05        1.969262e-16
                6000        4.640100e-05        4.762057e-17
                6100        4.574600e-05        2.382432e-17
                6200        4.622200e-05        6.549298e-18
                6300        4.569400e-05        2.954905e-18
                6400        4.627600e-05        1.067708e-18
                6500        4.570400e-05        6.324492e-19
                6600        4.660800e-05        1.509285e-19
                6700        4.765500e-05        9.595117e-20
                6800        4.919200e-05        2.385876e-20
                6900        4.823400e-05        1.149311e-20
                7000        4.859600e-05        3.436859e-21
                7100        5.007500e-05        1.805362e-21
                7200        5.087300e-05        5.080983e-22
                7300        4.899600e-05        3.006887e-22
                7400        4.839000e-05        5.954273e-23
                7500        4.979800e-05        3.308724e-23
                7600        5.071000e-05        6.315582e-24
                7700        4.881800e-05        2.871702e-24
                7800        5.186400e-05        9.801613e-25
                7900        4.809400e-05        5.282443e-25
                8000        4.942800e-05        1.549726e-25
                8100        4.912700e-05        7.275437e-26
                8200        5.159100e-05        2.074478e-26
                8300        4.793800e-05        8.744414e-27
                8400        5.113100e-05        6.225663e-27
                8500        4.781700e-05        5.212119e-27
                8600        5.260200e-05        4.874430e-27
                8700        6.409000e-05        5.377331e-27
                8800        6.465100e-05        5.010588e-27
                8900        6.629000e-05        5.189006e-27
                9000        6.239800e-05        5.003472e-27
                9100        6.635000e-05        4.516163e-27
                9200        6.552800e-05        4.302742e-27
                9300        6.709800e-05        5.536494e-27
                9400        6.370300e-05        5.761831e-27
                9500        6.649100e-05        6.426296e-27
                9600        6.589800e-05        5.768506e-27
                9700        6.607800e-05        5.743699e-27
                9800        6.803500e-05        5.535163e-27
                9900        4.839400e-05        5.189804e-27
               10000        5.797400e-05        4.082007e-27
               10100        6.504800e-05        4.082007e-27
               10200        6.409200e-05        5.855890e-27
               10300        6.713200e-05        5.855890e-27
               10400        4.879800e-05        5.659696e-27
               10500        5.346100e-05        5.659696e-27
               10600        6.563400e-05        5.191844e-27
               10700        6.347300e-05        5.191844e-27
               10800        6.590900e-05        7.175308e-27
               10900        4.902200e-05        7.175250e-27
               11000        5.524000e-05        7.451981e-27
               11100        6.439200e-05        7.451981e-27
               11200        6.424600e-05        5.053217e-27
               11300        6.333400e-05        5.052774e-27
               11400        6.151100e-05        4.970798e-27
               11500        6.735200e-05        4.970798e-27
               11600        6.674200e-05        4.561199e-27
               11700        6.619700e-05        4.561199e-27
               11800        6.906400e-05        4.865816e-27
               11900        6.865200e-05        4.865816e-27
               12000        6.559400e-05        5.030487e-27
               12100        6.548400e-05        5.035220e-27
               12200        6.598100e-05        5.332479e-27
               12300        6.583000e-05        5.336818e-27
               12400        6.217200e-05        5.332479e-27
               12500        6.686400e-05        4.761441e-27
               12600        6.477800e-05        5.354864e-27
               12700        6.657200e-05        5.354864e-27
               12800        6.472300e-05        5.168956e-27
               12900        6.420400e-05        5.168956e-27
               13000        4.822100e-05        6.326414e-27
               13100        5.434400e-05        6.326414e-27
               13200        7.522300e-05        4.092802e-27
               13300        6.705300e-05        4.357074e-27
               13400        6.927000e-05        4.357074e-27
               13500        6.525900e-05        4.955830e-27
               13600        6.808300e-05        4.955830e-27
               13700        6.336600e-05        4.027352e-27
               13800        6.513400e-05        4.026366e-27
               13900        6.476500e-05        4.026366e-27
               14000        6.660900e-05        5.000897e-27
               14100        6.629700e-05        6.154511e-27
               14200        6.594700e-05        6.154511e-27
               14300        6.636100e-05        5.962239e-27
               14400        6.616000e-05        5.962239e-27
               14500        6.507200e-05        5.636363e-27
               14600        6.627000e-05        5.633997e-27
               14700        6.465400e-05        7.106939e-27
               14800        6.664200e-05        7.106939e-27
               14900        6.454000e-05        6.472501e-27
               15000        6.474600e-05        6.472501e-27
               15100        5.094300e-05        5.594923e-27
               15200        5.405000e-05        5.594923e-27
               15300        6.464500e-05        5.616060e-27
               15400        6.286000e-05        5.616060e-27
               15500        6.226000e-05        4.416941e-27
               15600        6.380900e-05        4.416941e-27
               15700        6.301500e-05        4.320497e-27
               15800        6.376300e-05        4.320497e-27
               15900        6.716500e-05        4.448970e-27
               16000        6.658800e-05        4.450708e-27
               16100        6.419800e-05        6.629897e-27
               16200        6.553400e-05        6.629897e-27
               16300        6.367800e-05        7.213831e-27
               16400        6.533700e-05        7.213609e-27
               16500        6.261900e-05        4.847753e-27
               16600        6.173200e-05        4.841731e-27
               16700        6.210800e-05        5.018854e-27
               16800        6.431500e-05        5.018854e-27
               16900        6.189000e-05        5.080093e-27
               17000        6.395700e-05        5.080093e-27
               17100        6.373200e-05        5.246006e-27
               17200        6.510400e-05        5.246006e-27
               17300        6.530000e-05        5.937104e-27
               17400        6.658400e-05        5.937104e-27
               17500        6.593400e-05        4.884035e-27
               17600        6.438800e-05        4.884035e-27
               17700        6.524500e-05        6.121956e-27
               17800        5.720300e-05        6.121956e-27
               17900        2.123970e-04        6.121956e-27
               18000        7.923500e-05        6.029366e-27
               18100        6.486000e-05        5.598906e-27
               18200        6.636600e-05        5.598906e-27
               18300        6.459900e-05        4.325540e-27
               18400        6.410900e-05        4.325540e-27
               18500        6.246600e-05        6.418127e-27
               18600        6.239400e-05        6.418127e-27
               18700        6.237000e-05        5.254782e-27
               18800        6.215200e-05        5.249260e-27
               18900        6.342600e-05        4.268375e-27
               19000        6.380700e-05        4.268178e-27
               19100        6.365100e-05        4.676711e-27
               19200        6.351000e-05        4.676711e-27
               19300        6.284500e-05        6.442332e-27
               19400        6.446200e-05        6.440557e-27
               19500        6.288000e-05        5.157164e-27
               19600        6.238900e-05        5.148529e-27
               19700        6.232500e-05        4.937868e-27
               19800        6.240600e-05        4.937825e-27
               19900        6.315500e-05        6.123562e-27
               20000        6.328600e-05        6.123562e-27
               20100        4.731500e-05        4.719340e-27
               20200        5.103400e-05        4.719340e-27
               20300        5.007800e-05        5.700011e-27
               20400        4.745500e-05        5.700011e-27
               20500        5.031800e-05        6.716414e-27
               20600        4.699100e-05        6.716414e-27
               20700        4.985900e-05        6.957908e-27
               20800        4.686400e-05        6.957908e-27
               20900        4.968600e-05        5.295871e-27
               21000        4.755800e-05        5.295871e-27
               21100        5.027300e-05        6.594232e-27
               21200        4.812700e-05        6.594232e-27
               21300        5.031700e-05        6.051034e-27
               21400        4.589400e-05        6.051034e-27
               21500        4.953800e-05        5.806631e-27
               21600        4.767600e-05        5.806631e-27
               21700        4.996400e-05        4.693414e-27
               21800        4.857600e-05        4.693414e-27
               21900        5.074700e-05        6.023404e-27
               22000        6.339000e-05        6.805653e-27
               22100        6.482000e-05        6.805653e-27
               22200        6.314100e-05        5.682755e-27
               22300        6.163600e-05        5.683544e-27
               22400        6.264200e-05        4.582913e-27
               22500        6.307000e-05        4.582913e-27
               22600        6.341800e-05        4.764459e-27
               22700        6.404200e-05        4.764459e-27
               22800        6.241800e-05        5.850141e-27
               22900        6.303200e-05        5.851719e-27
               23000        6.272700e-05        5.332629e-27
               23100        6.334300e-05        5.326759e-27
               23200        6.454100e-05        5.095263e-27
               23300        6.277900e-05        5.095263e-27
               23400        6.353400e-05        4.682978e-27
               23500        6.457100e-05        4.682978e-27
               23600        6.304600e-05        5.147419e-27
               23700        6.430900e-05        5.147419e-27
               23800        6.222300e-05        6.783579e-27
               23900        6.371400e-05        6.783579e-27
               24000        4.829200e-05        5.546288e-27
               24100        5.133800e-05        5.546535e-27
               24200        6.377600e-05        5.677193e-27
               24300        6.482900e-05        5.677193e-27
               24400        4.900400e-05        5.423131e-27
               24500        5.061700e-05        6.486946e-27
               24600        6.438700e-05        6.486946e-27
               24700        6.281500e-05        6.364640e-27
               24800        6.332500e-05        6.364640e-27
               24900        6.335200e-05        6.907218e-27
               25000        6.481200e-05        6.907218e-27
               25100        6.301900e-05        4.763808e-27
               25200        6.205600e-05        4.763808e-27
               25300        6.468800e-05        5.847514e-27
               25400        6.376900e-05        5.847514e-27
               25500        6.322900e-05        4.875589e-27
               25600        6.232900e-05        4.875589e-27
               25700        6.233700e-05        6.904944e-27
               25800        6.376200e-05        6.904944e-27
               25900        6.342900e-05        4.850251e-27
               26000        6.514500e-05        4.850251e-27
               26100        6.471500e-05        4.444512e-27
               26200        6.414300e-05        4.444512e-27
               26300        6.393700e-05        6.463439e-27
               26400        6.375300e-05        6.464246e-27
               26500        6.253900e-05        5.531702e-27
               26600        6.411800e-05        5.531702e-27
               26700        4.645300e-05        5.681535e-27
               26800        5.094900e-05        5.681535e-27
               26900        6.473400e-05        5.302105e-27
               27000        4.687600e-05        5.308707e-27
               27100        5.160400e-05        4.714853e-27
               27200        6.296300e-05        4.692326e-27
               27300        6.318300e-05        4.699683e-27
               27400        6.384400e-05        3.560579e-27
               27500        6.435200e-05        3.560579e-27
               27600        6.470900e-05        4.241113e-27
               27700        6.346000e-05        4.241113e-27
               27800        6.357500e-05        4.226736e-27
               27900        6.388400e-05        4.226736e-27
               28000        6.290400e-05        5.019748e-27
               28100        6.213100e-05        5.019748e-27
               28200        6.201400e-05        5.646560e-27
               28300        6.299600e-05        5.646560e-27
               28400        6.487800e-05        5.914630e-27
               28500        6.253400e-05        5.914630e-27
               28600        6.272700e-05        6.003042e-27
               28700        6.371400e-05        6.003042e-27
               28800        6.335700e-05        6.025335e-27
               28900        6.244000e-05        6.025335e-27
               29000        6.329400e-05        5.144586e-27
               29100        6.443600e-05        5.134381e-27
               29200        6.338800e-05        4.283491e-27
               29300        6.457900e-05        4.283491e-27
               29400        6.359500e-05        4.491496e-27
               29500        6.425000e-05        4.494306e-27
               29600        6.338800e-05        6.087084e-27
               29700        6.430000e-05        6.087084e-27
               29800        6.341600e-05        5.623314e-27
               29900        6.332100e-05        5.623314e-27
               30000        6.571300e-05        5.005755e-27
               30100        6.363200e-05        5.005755e-27
               30200        6.333400e-05        5.989757e-27
               30300        6.373800e-05        5.989757e-27
               30400        6.393400e-05        5.451230e-27
               30500        6.286200e-05        5.457541e-27
               30600        6.560200e-05        6.590498e-27
               30700        6.153000e-05        6.590498e-27
               30800        6.283500e-05        6.028642e-27
               30900        6.389500e-05        6.029348e-27
               31000        4.725400e-05        5.994062e-27
               31100        5.269900e-05        5.994062e-27
               31200        6.351100e-05        5.328664e-27
               31300        6.128300e-05        5.328664e-27
               31400        6.378200e-05        5.122140e-27
               31500        6.369600e-05        5.122140e-27
               31600        4.700300e-05        6.117025e-27
               31700        5.159300e-05        6.632536e-27
               31800        6.451100e-05        6.597000e-27
               31900        6.400500e-05        6.280577e-27
               32000        6.187400e-05        6.515577e-27
               32100        6.204700e-05        5.540170e-27
               32200        6.279400e-05        3.861655e-27
               32300        6.242100e-05        4.091252e-27
               32400        4.746700e-05        4.493561e-27
               32500        5.098600e-05        3.925843e-27
               32600        6.391100e-05        3.561472e-27
               32700        6.251300e-05        4.877372e-27
               32800        6.357100e-05        5.414958e-27
               32900        6.422800e-05        5.633410e-27
               33000        6.266800e-05        6.093909e-27
               33100        6.417100e-05        5.019810e-27
               33200        6.349600e-05        5.109400e-27
               33300        6.507700e-05        5.113344e-27
               33400        6.397000e-05        5.441040e-27
               33500        6.490000e-05        5.441040e-27
               33600        6.437000e-05        4.460967e-27
               33700        6.573500e-05        4.455445e-27
               33800        5.084700e-05        5.705949e-27
               33900        4.691300e-05        5.705949e-27
               34000        4.930400e-05        5.596984e-27
               34100        4.802600e-05        5.600140e-27
               34200        4.889200e-05        5.516223e-27
               34300        4.840000e-05        5.516223e-27
               34400        4.915400e-05        5.678300e-27
               34500        4.784200e-05        5.678300e-27
               34600        4.909800e-05        5.454330e-27
               34700        4.812000e-05        5.451174e-27
               34800        5.007600e-05        5.783945e-27
               34900        4.764700e-05        5.795586e-27
               35000        4.879600e-05        6.304055e-27
               35100        4.850200e-05        6.304252e-27
               35200        4.936800e-05        7.162109e-27
               35300        4.771200e-05        7.162109e-27
               35400        4.876700e-05        7.174282e-27
               35500        4.887500e-05        7.174282e-27
               35600        4.952900e-05        5.864654e-27
               35700        4.833000e-05        5.864654e-27
               35800        4.893000e-05        6.869458e-27
               35900        4.788700e-05        6.874234e-27
               36000        4.976400e-05        5.563425e-27
               36100        4.723000e-05        5.563425e-27
               36200        4.999300e-05        6.492867e-27
               36300        4.798600e-05        6.492867e-27
               36400        4.952200e-05        4.904258e-27
               36500        6.188600e-05        4.904258e-27
               36600        6.276400e-05        4.746971e-27
               36700        6.183300e-05        4.746971e-27
               36800        4.862700e-05        4.453591e-27
               36900        5.233300e-05        4.453591e-27
               37000        7.262700e-05        5.064938e-27
               37100        6.422300e-05        5.064938e-27
               37200        6.435700e-05        4.150621e-27
               37300        6.311100e-05        3.943798e-27
               37400        6.434800e-05        3.945166e-27
               37500        6.474700e-05        4.642038e-27
               37600        6.367200e-05        4.642038e-27
               37700        6.271500e-05        3.992249e-27
               37800        6.359500e-05        4.814561e-27
               37900        6.373800e-05        4.814561e-27
               38000        6.414800e-05        4.452947e-27
               38100        6.424500e-05        4.452947e-27
               38200        6.427200e-05        4.755584e-27
               38300        6.422800e-05        4.755584e-27
               38400        6.354500e-05        4.561436e-27
               38500        6.428000e-05        4.561436e-27
               38600        6.348700e-05        5.885192e-27
               38700        6.482700e-05        5.885192e-27
               38800        6.475100e-05        6.454247e-27
               38900        4.946900e-05        6.455036e-27
               39000        4.940300e-05        6.619342e-27
               39100        4.814500e-05        6.619342e-27
               39200        5.029100e-05        6.707480e-27
               39300        6.288600e-05        6.707480e-27
               39400        6.346500e-05        6.014243e-27
               39500        6.481900e-05        6.016159e-27
               39600        6.383800e-05        5.150095e-27
               39700        4.821600e-05        5.150095e-27
               39800        4.894000e-05        5.416618e-27
               39900        6.361900e-05        5.415830e-27
               40000        6.361500e-05        4.844240e-27
               40100        6.344200e-05        4.844235e-27
               40200        6.294300e-05        6.349356e-27
               40300        7.296200e-05        6.349356e-27
               40400        6.334200e-05        5.901577e-27
               40500        6.305500e-05        5.901238e-27
               40600        6.365400e-05        5.340182e-27
               40700        6.274200e-05        5.339443e-27
               40800        6.369600e-05        6.406886e-27
               40900        6.340900e-05        6.415514e-27
               41000        6.282400e-05        5.809608e-27
               41100        6.232500e-05        5.809608e-27
               41200        6.274100e-05        4.895638e-27
               41300        6.401900e-05        4.895638e-27
               41400        6.536300e-05        5.040833e-27
               41500        6.512800e-05        5.040833e-27
               41600        6.287800e-05        6.623197e-27
               41700        6.250200e-05        6.623197e-27
               41800        6.315700e-05        6.029459e-27
               41900        6.548600e-05        6.029595e-27
               42000        6.544600e-05        7.440913e-27
               42100        6.106000e-05        6.540887e-27
               42200        6.399300e-05        6.540887e-27
               42300        6.416300e-05        5.273268e-27
               42400        6.266100e-05        4.873881e-27
               42500        6.432100e-05        4.873881e-27
               42600        6.333800e-05        5.045914e-27
               42700        6.393100e-05        5.045914e-27
               42800        6.188900e-05        6.058736e-27
               42900        6.278900e-05        6.058736e-27
               43000        6.320200e-05        7.138775e-27
               43100        6.398400e-05        7.138775e-27
               43200        6.417100e-05        5.765321e-27
               43300        6.153100e-05        5.765321e-27
               43400        6.335100e-05        4.668237e-27
               43500        6.252500e-05        4.659855e-27
               43600        6.498600e-05        4.791485e-27
               43700        6.526200e-05        4.791485e-27
               43800        6.364700e-05        4.740541e-27
               43900        6.305300e-05        4.740541e-27
               44000        6.376000e-05        6.348142e-27
               44100        6.439500e-05        6.348142e-27
               44200        6.354700e-05        5.402327e-27
               44300        6.349500e-05        5.404016e-27
               44400        6.407200e-05        6.127164e-27
               44500        6.322600e-05        6.124141e-27
               44600        6.312000e-05        4.929712e-27
               44700        6.361200e-05        4.929712e-27
               44800        6.263900e-05        4.547019e-27
               44900        6.228900e-05        4.547019e-27
               45000        6.484900e-05        5.186642e-27
               45100        6.497500e-05        5.186642e-27
               45200        6.359100e-05        5.392885e-27
               45300        6.190900e-05        5.382276e-27
               45400        6.419000e-05        5.546215e-27
               45500        6.516800e-05        5.546215e-27
               45600        6.418300e-05        4.315138e-27
               45700        6.316500e-05        4.313955e-27
               45800        6.524200e-05        5.918699e-27
               45900        6.380600e-05        5.918699e-27
               46000        6.328800e-05        5.909565e-27
               46100        6.249400e-05        5.909565e-27
               46200        6.288100e-05        5.149584e-27
               46300        6.431400e-05        5.149584e-27
               46400        7.234200e-05        4.513898e-27
               46500        6.379400e-05        4.513999e-27
               46600        6.314200e-05        7.068027e-27
               46700        6.299100e-05        7.068027e-27
               46800        6.295400e-05        6.009695e-27
               46900        6.291200e-05        6.012567e-27
               47000        6.299700e-05        4.893981e-27
               47100        6.517800e-05        4.893981e-27
               47200        6.351500e-05        4.889522e-27
               47300        6.455700e-05        4.889799e-27
               47400        6.422800e-05        5.329722e-27
               47500        6.460300e-05        5.329722e-27
               47600        6.312400e-05        4.688203e-27
               47700        6.319500e-05        4.692147e-27
               47800        6.382800e-05        5.310022e-27
               47900        6.441900e-05        5.310022e-27
               48000        6.598600e-05        5.919705e-27
               48100        6.496100e-05        5.916954e-27
               48200        5.039100e-05        5.713256e-27
               48300        4.800400e-05        5.713256e-27
               48400        4.905500e-05        6.907633e-27
               48500        4.780100e-05        6.907633e-27
               48600        4.923000e-05        5.926178e-27
               48700        4.803300e-05        5.922428e-27
               48800        4.966900e-05        5.691646e-27
               48900        4.837400e-05        5.691646e-27
               49000        4.958700e-05        5.371701e-27
               49100        4.831000e-05        5.370123e-27
               49200        4.979800e-05        5.333427e-27
               49300        4.848400e-05        5.336977e-27
               49400        5.005900e-05        4.949867e-27
               49500        4.823600e-05        4.949867e-27
               49600        4.890700e-05        4.487645e-27
               49700        4.824100e-05        4.487774e-27
               49800        4.939700e-05        3.943062e-27
               49900        4.789900e-05        3.943062e-27
               50000        4.938900e-05        4.936853e-27
               50100        4.884600e-05        4.270113e-27
               50200        4.926200e-05        4.271593e-27
               50300        4.751100e-05        6.873779e-27
               50400        4.951600e-05        6.873779e-27
               50500        5.099400e-05        4.805343e-27
               50600        4.943100e-05        4.798625e-27
               50700        4.784800e-05        5.662914e-27
               50800        4.912100e-05        5.662914e-27
               50900        6.467600e-05        5.289894e-27
               51000        6.420300e-05        5.242538e-27
               51100        6.411900e-05        5.242538e-27
               51200        6.488500e-05        4.834159e-27
               51300        6.331800e-05        4.834159e-27
               51400        6.368000e-05        5.580042e-27
               51500        4.741700e-05        5.580042e-27
               51600        5.106800e-05        6.266912e-27
               51700        6.363400e-05        6.266912e-27
               51800        6.424100e-05        6.671643e-27
               51900        6.296100e-05        6.671643e-27
               52000        6.354300e-05        5.930953e-27
               52100        6.413500e-05        5.924732e-27
               52200        6.304900e-05        4.840784e-27
               52300        6.435600e-05        5.051089e-27
               52400        6.421800e-05        5.051089e-27
               52500        6.360400e-05        6.560457e-27
               52600        6.335300e-05        6.557104e-27
               52700        6.378200e-05        8.655327e-27
               52800        6.414800e-05        8.649681e-27
               52900        6.473900e-05        5.779017e-27
               53000        6.254600e-05        6.734010e-27
               53100        6.493300e-05        6.734010e-27
               53200        6.323900e-05        5.529868e-27
               53300        6.589800e-05        5.529868e-27
               53400        6.322400e-05        4.341079e-27
               53500        6.311500e-05        4.341079e-27
               53600        6.386600e-05        5.977848e-27
               53700        6.182200e-05        5.977848e-27
               53800        6.352600e-05        5.968037e-27
               53900        6.353700e-05        5.968037e-27
               54000        6.415700e-05        4.910853e-27
               54100        6.478800e-05        4.910853e-27
               54200        6.486200e-05        5.559952e-27
               54300        6.403000e-05        5.559952e-27
               54400        6.226100e-05        4.382005e-27
               54500        6.475200e-05        4.382005e-27
               54600        6.415600e-05        4.382005e-27
               54700        6.242500e-05        6.066077e-27
               54800        6.112600e-05        5.590245e-27
               54900        6.451900e-05        5.467096e-27
               55000        6.450200e-05        5.307179e-27
               55100        6.356200e-05        6.375681e-27
               55200        6.320600e-05        5.139395e-27
               55300        6.222700e-05        6.063288e-27
               55400        6.391000e-05        6.012535e-27
               55500        6.514600e-05        5.258681e-27
               55600        6.314700e-05        5.473381e-27
               55700        6.272400e-05        4.890043e-27
               55800        6.222800e-05        4.891005e-27
               55900        6.413800e-05        5.911883e-27
               56000        6.427900e-05        5.114994e-27
               56100        6.402200e-05        5.983088e-27
               56200        6.401800e-05        6.619096e-27
               56300        6.537500e-05        6.442893e-27
               56400        6.588100e-05        5.827248e-27
               56500        6.304000e-05        5.308175e-27
               56600        6.445900e-05        4.628684e-27
               56700        6.406800e-05        4.398212e-27
               56800        7.178100e-05        4.312778e-27
               56900        6.441200e-05        4.520676e-27
               57000        6.360200e-05        5.562187e-27
               57100        6.356700e-05        5.404080e-27
               57200        6.360200e-05        5.160508e-27
               57300        6.334700e-05        5.781740e-27
               57400        6.396600e-05        5.786303e-27
               57500        6.356500e-05        6.653306e-27
               57600        6.585800e-05        6.653306e-27
               57700        4.835200e-05        5.347389e-27
               57800        4.993700e-05        5.348227e-27
               57900        6.218400e-05        5.347389e-27
               58000        6.337500e-05        5.016796e-27
               58100        6.380100e-05        4.238254e-27
               58200        6.440000e-05        4.238254e-27
               58300        6.345000e-05        5.052090e-27
               58400        4.821500e-05        5.051499e-27
               58500        4.922600e-05        5.436285e-27
               58600        6.359700e-05        5.436285e-27
               58700        4.769700e-05        5.845240e-27
               58800        5.138500e-05        5.845240e-27
               58900        6.352600e-05        6.685962e-27
               59000        6.532600e-05        6.685962e-27
               59100        6.420600e-05        5.764811e-27
               59200        6.317800e-05        5.764811e-27
               59300        6.288500e-05        4.843656e-27
               59400        6.420000e-05        4.843656e-27
               59500        6.343000e-05        6.728372e-27
               59600        6.409200e-05        6.728510e-27
               59700        6.268500e-05        5.561827e-27
               59800        6.426500e-05        5.561827e-27
               59900        6.323900e-05        6.507442e-27
               60000        6.270100e-05        6.507442e-27
               60100        6.717400e-05        6.742377e-27
               60200        6.243400e-05        6.742377e-27
               60300        6.228200e-05        5.562658e-27
               60400        6.438900e-05        5.562658e-27
               60500        6.630200e-05        5.146201e-27
               60600        6.669700e-05        5.146201e-27
               60700        6.461400e-05        6.324940e-27
               60800        6.368200e-05        6.324940e-27
               60900        6.503700e-05        6.960325e-27
               61000        5.094100e-05        6.960325e-27
               61100        4.916500e-05        6.259143e-27
               61200        5.047200e-05        6.259143e-27
               61300        4.779500e-05        6.549501e-27
               61400        4.924000e-05        6.549501e-27
               61500        4.813600e-05        6.441285e-27
               61600        5.048600e-05        6.444600e-27
               61700        4.743800e-05        6.498383e-27
               61800        5.040200e-05        6.498383e-27
               61900        4.846200e-05        6.498383e-27
               62000        5.005400e-05        6.008318e-27
               62100        4.813200e-05        5.723372e-27
               62200        5.057900e-05        5.526895e-27
               62300        4.764700e-05        5.995011e-27
               62400        5.044400e-05        5.995011e-27
               62500        4.715400e-05        4.865755e-27
               62600        5.099200e-05        4.867280e-27
               62700        4.798400e-05        5.990557e-27
               62800        5.071700e-05        5.992363e-27
               62900        4.753800e-05        4.130951e-27
               63000        5.130600e-05        4.130951e-27
               63100        6.199300e-05        4.130951e-27
               63200        6.370000e-05        4.910066e-27
               63300        6.247000e-05        5.158966e-27
               63400        6.316600e-05        5.158966e-27
               63500        6.397700e-05        4.502055e-27
               63600        6.519400e-05        4.503633e-27
               63700        6.319600e-05        4.646892e-27
               63800        6.177600e-05        4.639792e-27
               63900        6.292600e-05        6.694142e-27
               64000        6.409000e-05        6.694142e-27
               64100        6.291800e-05        5.719400e-27
               64200        6.380300e-05        5.714642e-27
               64300        6.106900e-05        5.505173e-27
               64400        6.465500e-05        5.505219e-27
               64500        6.197200e-05        4.863714e-27
               64600        6.150800e-05        4.863714e-27
               64700        6.294500e-05        5.354277e-27
               64800        6.016700e-05        5.354277e-27
               64900        6.173900e-05        5.313544e-27
               65000        6.139100e-05        5.314198e-27
               65100        6.536900e-05        5.650779e-27
               65200        6.108800e-05        5.650779e-27
               65300        6.180500e-05        5.326177e-27
               65400        6.379800e-05        5.313556e-27
               65500        6.389500e-05        6.299849e-27
               65600        6.310000e-05        6.299220e-27
               65700        6.258700e-05        4.641618e-27
               65800        6.276900e-05        4.641618e-27
               65900        6.313900e-05        5.451215e-27
               66000        6.291000e-05        5.451215e-27
               66100        6.474100e-05        4.532353e-27
               66200        6.185400e-05        4.523148e-27
               66300        6.256700e-05        4.632143e-27
               66400        6.357200e-05        4.636519e-27
               66500        6.411400e-05        5.382116e-27
               66600        6.253900e-05        5.386778e-27
               66700        6.919200e-05        5.033073e-27
               66800        6.231300e-05        5.033073e-27
               66900        6.442200e-05        5.375288e-27
               67000        6.360000e-05        5.375288e-27
               67100        5.368100e-05        6.568770e-27
               67200        5.398600e-05        6.568770e-27
               67300        6.339500e-05        3.467057e-27
               67400        6.177300e-05        3.467057e-27
               67500        4.755400e-05        4.676321e-27
               67600        5.317100e-05        4.676321e-27
               67700        6.418100e-05        4.774336e-27
               67800        6.155400e-05        4.774669e-27
               67900        6.441900e-05        5.224364e-27
               68000        6.218400e-05        5.224364e-27
               68100        6.339600e-05        4.857132e-27
               68200        6.486500e-05        4.859055e-27
               68300        4.771000e-05        4.838952e-27
               68400        5.358300e-05        4.838952e-27
               68500        6.222200e-05        5.599434e-27
               68600        6.163900e-05        5.599434e-27
               68700        6.168800e-05        6.791860e-27
               68800        6.335700e-05        6.791860e-27
               68900        6.241000e-05        5.660434e-27
               69000        6.388600e-05        5.660434e-27
               69100        6.349200e-05        5.794087e-27
               69200        6.336000e-05        5.794087e-27
               69300        6.355100e-05        5.224359e-27
               69400        6.243700e-05        5.224359e-27
               69500        6.348700e-05        4.733603e-27
               69600        6.395900e-05        4.733603e-27
               69700        6.196700e-05        3.850778e-27
               69800        6.231100e-05        3.850778e-27
               69900        6.294600e-05        5.215604e-27
               70000        6.270100e-05        5.215604e-27
               70100        6.436800e-05        5.059619e-27
               70200        6.247100e-05        5.061887e-27
               70300        6.272600e-05        4.366725e-27
               70400        6.399800e-05        4.366725e-27
               70500        6.385500e-05        4.671889e-27
               70600        6.312200e-05        4.671889e-27
               70700        6.269500e-05        5.076943e-27
               70800        6.233200e-05        5.076943e-27
               70900        6.261300e-05        5.505848e-27
               71000        6.326400e-05        5.505848e-27
               71100        6.205200e-05        5.919270e-27
               71200        6.371900e-05        5.919270e-27
               71300        6.495700e-05        5.521267e-27
               71400        6.241800e-05        5.510737e-27
               71500        6.290600e-05        4.498690e-27
               71600        4.795700e-05        4.499147e-27
               71700        5.267100e-05        4.779360e-27
               71800        6.357800e-05        4.779360e-27
               71900        6.339400e-05        3.961860e-27
               72000        6.589000e-05        3.961860e-27
               72100        6.501600e-05        4.561051e-27
               72200        6.327700e-05        4.562924e-27
               72300        6.180600e-05        4.528044e-27
               72400        6.357700e-05        4.528044e-27
               72500        6.176100e-05        4.767847e-27
               72600        6.596500e-05        4.772688e-27
               72700        6.340000e-05        3.580902e-27
               72800        6.249000e-05        3.580902e-27
               72900        6.326700e-05        5.578951e-27
               73000        6.252200e-05        5.578951e-27
               73100        6.202900e-05        5.372513e-27
               73200        6.150500e-05        5.367012e-27
               73300        6.426300e-05        5.194882e-27
               73400        6.230000e-05        5.194882e-27
               73500        6.314200e-05        4.505359e-27
               73600        6.406100e-05        4.505359e-27
               73700        6.188800e-05        4.579430e-27
               73800        6.217700e-05        4.577026e-27
               73900        6.213900e-05        6.482757e-27
               74000        4.847900e-05        6.488279e-27
               74100        5.195400e-05        7.010165e-27
               74200        6.349400e-05        7.010165e-27
               74300        6.218200e-05        5.703120e-27
               74400        6.336200e-05        5.703120e-27
               74500        4.710700e-05        6.522644e-27
               74600        5.143100e-05        6.522644e-27
               74700        6.366300e-05        5.995796e-27
               74800        6.290300e-05        6.003488e-27
               74900        6.354700e-05        7.817641e-27
               75000        6.344300e-05        7.817493e-27
               75100        6.366900e-05        6.763878e-27
               75200        4.753800e-05        6.761511e-27
               75300        5.237900e-05        6.449929e-27
               75400        6.217400e-05        6.449929e-27
               75500        6.266200e-05        5.863663e-27
               75600        6.387000e-05        5.863663e-27
               75700        6.231000e-05        6.309854e-27
               75800        6.295500e-05        6.310643e-27
               75900        6.300600e-05        5.903430e-27
               76000        6.288600e-05        5.903430e-27
               76100        6.157100e-05        6.236646e-27
               76200        6.320300e-05        6.233923e-27
               76300        6.258000e-05        5.137798e-27
               76400        5.880600e-05        5.135635e-27
               76500        6.630000e-05        6.643835e-27
               76600        6.188100e-05        6.643835e-27
               76700        6.179100e-05        6.462662e-27
               76800        6.162400e-05        6.462662e-27
               76900        6.360300e-05        5.395195e-27
               77000        6.247800e-05        5.395195e-27
               77100        6.310200e-05        5.907632e-27
               77200        6.342300e-05        5.904674e-27
               77300        6.198800e-05        6.977623e-27
               77400        6.368700e-05        6.977623e-27
               77500        6.304900e-05        4.281317e-27
               77600        6.341600e-05        4.281317e-27
               77700        6.368700e-05        4.608054e-27
               77800        6.348800e-05        4.608054e-27
               77900        6.314200e-05        4.535171e-27
               78000        6.284300e-05        4.535171e-27
               78100        6.251300e-05        4.798660e-27
               78200        6.479400e-05        4.798660e-27
               78300        6.467600e-05        4.726282e-27
               78400        6.269000e-05        4.726282e-27
               78500        6.273000e-05        4.805085e-27
               78600        4.863900e-05        4.805085e-27
               78700        5.134600e-05        5.646522e-27
               78800        6.248700e-05        5.646855e-27
               78900        6.326900e-05        6.745742e-27
               79000        6.391400e-05        6.745742e-27
               79100        6.234300e-05        5.294000e-27
               79200        6.353200e-05        5.294000e-27
               79300        6.238500e-05        5.139823e-27
               79400        6.392000e-05        5.139823e-27
               79500        6.517600e-05        5.818438e-27
               79600        6.379800e-05        5.818438e-27
               79700        6.342700e-05        4.439302e-27
               79800        4.731900e-05        4.439302e-27
               79900        5.129000e-05        4.439302e-27
               80000        6.155900e-05        5.235761e-27
               80100        6.268800e-05        5.170369e-27
               80200        6.504300e-05        5.795191e-27
               80300        6.285300e-05        6.241485e-27
               80400        6.918700e-05        5.585820e-27
               80500        6.773800e-05        5.492274e-27
               80600        6.502700e-05        4.767756e-27
               80700        6.151900e-05        4.415167e-27
               80800        6.358700e-05        4.967588e-27
               80900        6.272600e-05        5.793169e-27
               81000        6.384000e-05        3.917064e-27
               81100        4.857600e-05        4.000585e-27
               81200        5.345600e-05        4.905548e-27
               81300        6.366900e-05        4.181401e-27
               81400        4.774800e-05        5.415225e-27
               81500        5.187300e-05        4.486979e-27
               81600        6.340400e-05        4.842610e-27
               81700        6.262700e-05        4.884239e-27
               81800        6.235300e-05        5.054798e-27
               81900        6.262700e-05        5.059447e-27
               82000        6.282100e-05        5.593462e-27
               82100        6.425500e-05        6.879774e-27
               82200        5.655100e-05        5.900967e-27
               82300        6.297600e-05        7.323280e-27
               82400        6.448400e-05        8.011641e-27
               82500        6.476000e-05        5.910962e-27
               82600        6.430400e-05        6.950797e-27
               82700        6.124200e-05        6.950797e-27
               82800        6.343900e-05        6.494317e-27
               82900        6.518300e-05        6.491112e-27
               83000        7.288300e-05        4.715738e-27
               83100        6.567200e-05        4.715430e-27
               83200        7.688300e-05        5.607010e-27
               83300        6.195800e-05        5.606918e-27
               83400        6.420700e-05        6.056333e-27
               83500        6.263600e-05        6.059304e-27
               83600        6.266400e-05        5.807007e-27
               83700        6.196400e-05        5.807007e-27
               83800        6.307200e-05        6.370117e-27
               83900        6.256500e-05        5.393467e-27
               84000        6.373700e-05        5.393591e-27
               84100        6.349400e-05        6.331451e-27
               84200        6.266700e-05        6.331451e-27
               84300        6.200600e-05        7.003489e-27
               84400        6.361000e-05        6.998253e-27
               84500        6.380000e-05        6.267629e-27
               84600        6.482000e-05        6.267629e-27
               84700        4.934400e-05        6.374590e-27
               84800        5.237500e-05        6.374590e-27
               84900        6.219300e-05        4.904298e-27
               85000        6.176200e-05        4.901392e-27
               85100        6.223200e-05        5.857046e-27
               85200        6.380800e-05        5.857046e-27
               85300        6.228200e-05        5.931087e-27
               85400        6.318800e-05        5.931087e-27
               85500        6.179500e-05        4.984159e-27
               85600        4.748100e-05        4.984175e-27
               85700        5.186700e-05        4.665471e-27
               85800        6.237900e-05        4.665511e-27
               85900        6.294800e-05        4.826032e-27
               86000        6.315300e-05        4.826032e-27
               86100        6.360500e-05        5.636911e-27
               86200        6.397100e-05        5.636911e-27
               86300        4.867800e-05        5.023039e-27
               86400        5.650300e-05        5.023039e-27
               86500        7.077400e-05        5.074915e-27
               86600        6.222700e-05        5.074915e-27
               86700        6.221000e-05        6.296828e-27
               86800        6.366800e-05        6.296828e-27
               86900        6.432700e-05        5.876765e-27
               87000        6.415300e-05        5.876765e-27
               87100        6.246500e-05        4.447074e-27
               87200        6.270900e-05        4.447074e-27
               87300        6.202400e-05        4.612759e-27
               87400        6.198400e-05        4.612759e-27
               87500        6.351100e-05        4.138385e-27
               87600        6.242200e-05        4.138385e-27
               87700        6.198900e-05        4.966855e-27
               87800        6.212500e-05        4.962778e-27
               87900        6.365100e-05        5.149165e-27
               88000        6.255000e-05        5.149135e-27
               88100        6.263400e-05        4.501228e-27
               88200        4.833200e-05        4.501228e-27
               88300        5.129000e-05        5.267338e-27
               88400        6.348000e-05        5.277337e-27
               88500        6.220800e-05        5.670524e-27
               88600        6.239100e-05        5.670524e-27
               88700        6.427600e-05        6.239035e-27
               88800        6.274800e-05        6.234006e-27
               88900        6.210400e-05        8.976058e-27
               89000        6.209600e-05        8.976058e-27
               89100        6.528900e-05        5.896285e-27
               89200        6.513100e-05        5.896285e-27
               89300        6.460100e-05        5.134471e-27
               89400        6.512700e-05        5.134471e-27
               89500        6.357600e-05        6.620830e-27
               89600        6.362200e-05        6.618316e-27
               89700        6.242000e-05        5.483799e-27
               89800        6.186800e-05        5.483799e-27
               89900        6.336900e-05        5.017929e-27
               90000        4.835500e-05        5.017929e-27
               90100        5.068500e-05        6.337127e-27
               90200        6.321600e-05        6.337127e-27
               90300        6.351000e-05        5.624640e-27
               90400        6.257200e-05        5.623528e-27
               90500        6.321200e-05        4.640582e-27
               90600        6.196000e-05        4.640582e-27
               90700        6.375800e-05        5.447775e-27
               90800        6.227000e-05        5.430690e-27
               90900        6.339600e-05        5.129427e-27
               91000        4.804700e-05        5.129427e-27
               91100        5.100400e-05        4.941204e-27
               91200        6.260900e-05        4.941204e-27
               91300        6.310100e-05        6.116107e-27
               91400        6.310700e-05        6.117158e-27
               91500        6.268800e-05        6.227130e-27
               91600        6.303400e-05        6.227130e-27
               91700        6.317300e-05        5.159109e-27
               91800        6.215600e-05        5.159109e-27
               91900        6.279100e-05        5.372460e-27
               92000        6.303600e-05        5.372460e-27
               92100        6.470400e-05        5.312695e-27
               92200        6.154600e-05        5.312695e-27
               92300        6.276600e-05        6.018435e-27
               92400        6.256600e-05        6.018435e-27
               92500        6.442200e-05        5.970840e-27
               92600        6.596000e-05        5.970840e-27
               92700        6.472300e-05        6.599044e-27
               92800        6.580100e-05        6.599044e-27
               92900        6.362900e-05        4.850092e-27
               93000        6.319000e-05        4.850092e-27
               93100        6.335300e-05        4.167396e-27
               93200        6.262600e-05        4.167396e-27
               93300        6.208500e-05        4.573323e-27
               93400        6.263800e-05        4.573323e-27
               93500        6.457200e-05        4.896730e-27
               93600        6.225900e-05        4.891180e-27
               93700        6.287800e-05        5.380618e-27
               93800        6.360800e-05        5.385043e-27
               93900        6.501400e-05        5.458927e-27
               94000        6.248900e-05        5.458927e-27
               94100        6.431000e-05        5.249157e-27
               94200        6.223600e-05        5.248368e-27
               94300        6.165200e-05        4.224534e-27
               94400        6.542900e-05        4.224534e-27
               94500        6.231200e-05        5.376947e-27
               94600        4.913400e-05        5.376947e-27
               94700        4.925700e-05        5.091355e-27
               94800        4.960300e-05        5.093081e-27
               94900        5.322900e-05        5.563448e-27
               95000        5.993900e-05        5.562240e-27
               95100        4.965000e-05        4.972546e-27
               95200        5.002900e-05        4.972546e-27
               95300        5.084200e-05        5.095233e-27
               95400        5.017600e-05        5.095233e-27
               95500        5.000800e-05        6.040761e-27
               95600        7.006100e-05        6.040761e-27
               95700        6.869900e-05        6.178214e-27
               95800        6.857400e-05        6.178214e-27
               95900        5.906800e-05        6.313521e-27
               96000        6.854300e-05        5.609911e-27
               96100        6.841800e-05        5.609911e-27
               96200        6.898600e-05        5.737914e-27
               96300        5.878800e-05        5.737914e-27
               96400        5.871000e-05        4.512326e-27
               96500        5.894800e-05        4.512326e-27
               96600        6.908000e-05        5.028338e-27
               96700        6.978800e-05        5.028338e-27
               96800        6.887400e-05        4.941779e-27
               96900        6.968200e-05        4.941779e-27
               97000        6.877500e-05        5.872180e-27
               97100        6.813700e-05        5.552093e-27
               97200        6.915500e-05        5.552093e-27
               97300        6.877000e-05        5.552093e-27
               97400        5.903800e-05        5.701001e-27
               97500        4.978400e-05        5.481009e-27
               97600        4.911700e-05        5.481009e-27
               97700        4.892800e-05        4.653808e-27
               97800        4.934600e-05        4.653808e-27
               97900        4.900300e-05        5.692519e-27
               98000        4.942500e-05        5.692519e-27
               98100        4.997400e-05        5.624006e-27
               98200        5.044900e-05        5.630317e-27
               98300        4.940800e-05        4.016913e-27
               98400        5.015200e-05        4.016913e-27
               98500        4.869700e-05        5.986957e-27
               98600        4.995800e-05        5.986957e-27
               98700        4.867100e-05        5.785742e-27
               98800        4.933900e-05        5.786630e-27
               98900        4.874400e-05        4.543377e-27
               99000        4.945600e-05        4.543377e-27
               99100        5.021100e-05        5.721426e-27
               99200        4.972800e-05        5.721426e-27
               99300        4.923400e-05        5.981166e-27
               99400        5.016000e-05        5.981166e-27
               99500        5.030200e-05        3.910583e-27
               99600        4.957400e-05        3.910583e-27
               99700        4.947200e-05        5.268231e-27
               99800        4.902100e-05        5.268231e-27
               99900        4.893300e-05        4.849920e-27
              100000        4.887800e-05        4.849920e-27
