Period: 100
               Epoch           Time cost                Loss
                 100        1.351500e-04        2.120891e+04
                 200        1.936900e-04        1.030976e+04
                 300        1.687740e-04        1.030976e+04
                 400        1.681980e-04        3.647470e+03
                 500        1.191650e-04        3.646387e+03
                 600        1.119920e-04        1.419468e+03
                 700        1.121980e-04        1.419373e+03
                 800        1.302590e-04        5.161029e+02
                 900        1.524800e-04        5.161029e+02
                1000        1.708770e-04        2.084094e+02
                1100        1.779300e-04        2.084094e+02
                1200        1.806340e-04        7.001086e+01
                1300        1.584390e-04        7.001086e+01
                1400        1.590550e-04        3.164339e+01
                1500        1.600320e-04        3.164339e+01
                1600        1.608350e-04        1.462796e+01
                1700        1.223690e-04        1.462805e+01
                1800        1.607180e-04        5.003403e+00
                1900        1.652190e-04        5.003403e+00
                2000        1.597680e-04        2.635642e+00
                2100        1.799770e-04        2.635647e+00
                2200        1.702460e-04        1.020703e+00
                2300        1.610020e-04        1.020703e+00
                2400        1.615500e-04        5.419118e-01
                2500        1.615560e-04        5.419118e-01
                2600        1.616110e-04        2.664927e-01
                2700        1.700270e-04        2.664927e-01
                2800        1.880440e-04        1.302251e-01
                2900        1.796870e-04        1.302251e-01
                3000        1.608150e-04        5.118936e-02
                3100        1.832890e-04        5.118936e-02
                3200        1.793980e-04        2.003881e-02
                3300        1.701240e-04        2.003881e-02
                3400        1.760610e-04        7.924561e-03
                3500        1.727720e-04        7.924561e-03
                3600        1.818080e-04        3.412574e-03
                3700        1.792860e-04        3.412574e-03
                3800        1.702770e-04        1.204491e-03
                3900        1.606150e-04        1.204491e-03
                4000        1.565140e-04        5.024947e-04
                4100        1.579390e-04        1.676492e-04
                4200        1.423110e-04        1.676333e-04
                4300        1.416140e-04        6.615381e-05
                4400        1.518770e-04        6.614948e-05
                4500        1.246210e-04        2.679196e-05
                4600        1.255880e-04        2.679196e-05
                4700        1.529820e-04        1.380068e-05
                4800        1.525770e-04        1.380071e-05
                4900        1.388000e-04        5.612246e-06
                5000        1.238460e-04        5.612856e-06
                5100        1.257570e-04        2.569389e-06
                5200        1.353240e-04        2.569441e-06
                5300        1.409990e-04        1.189668e-06
                5400        1.572200e-04        1.189660e-06
                5500        1.562590e-04        4.246216e-07
                5600        1.416430e-04        4.246314e-07
                5700        1.574450e-04        2.169185e-07
                5800        1.489840e-04        2.169185e-07
                5900        1.578910e-04        9.909309e-08
                6000        1.432940e-04        9.909765e-08
                6100        1.658400e-04        3.989672e-08
                6200        1.216260e-04        3.989545e-08
                6300        1.581160e-04        1.631798e-08
                6400        1.401810e-04        1.631893e-08
                6500        1.534150e-04        6.285041e-09
                6600        1.381420e-04        6.285041e-09
                6700        1.406520e-04        2.337124e-09
                6800        1.980050e-04        2.337257e-09
                6900        1.480810e-04        8.561177e-10
                7000        1.214680e-04        8.561177e-10
                7100        1.121760e-04        2.497161e-10
                7200        1.535860e-04        2.496731e-10
                7300        1.408790e-04        1.229989e-10
                7400        1.520160e-04        1.230202e-10
                7500        1.524990e-04        5.620425e-11
                7600        1.531270e-04        5.620345e-11
                7700        1.540200e-04        2.707905e-11
                7800        1.542910e-04        2.707927e-11
                7900        1.538330e-04        1.252805e-11
                8000        1.528930e-04        1.252805e-11
                8100        1.539380e-04        3.887873e-12
                8200        1.545520e-04        3.888119e-12
                8300        1.585120e-04        1.544496e-12
                8400        1.598310e-04        1.544496e-12
                8500        1.612130e-04        1.544496e-12
                8600        1.603630e-04        4.498207e-13
                8700        1.592940e-04        1.734782e-13
                8800        1.482520e-04        1.734782e-13
                8900        1.599270e-04        6.683695e-14
                9000        1.598030e-04        6.683695e-14
                9100        1.587430e-04        3.239750e-14
                9200        1.590250e-04        3.239750e-14
                9300        1.479760e-04        3.239750e-14
                9400        1.472540e-04        8.388893e-15
                9500        1.496390e-04        1.945532e-15
                9600        1.580430e-04        1.945374e-15
                9700        1.602250e-04        8.198557e-16
                9800        1.574740e-04        8.200694e-16
                9900        1.465220e-04        3.379256e-16
               10000        1.588100e-04        3.379242e-16
               10100        1.478950e-04        1.216463e-16
               10200        1.465240e-04        1.216744e-16
               10300        1.594000e-04        4.351231e-17
               10400        1.491810e-04        4.351231e-17
               10500        1.460950e-04        1.314455e-17
               10600        1.565940e-04        1.314455e-17
               10700        1.494040e-04        4.325079e-18
               10800        1.471560e-04        4.325079e-18
               10900        1.587780e-04        1.464375e-18
               11000        1.177650e-04        1.464375e-18
               11100        1.349940e-04        6.665025e-19
               11200        1.591090e-04        6.665025e-19
               11300        1.606690e-04        2.513925e-19
               11400        1.581760e-04        2.513925e-19
               11500        1.490180e-04        9.941123e-20
               11600        1.580290e-04        9.941123e-20
               11700        1.587460e-04        3.875087e-20
               11800        1.481240e-04        3.875087e-20
               11900        1.588730e-04        1.431732e-20
               12000        1.605030e-04        1.431719e-20
               12100        1.586860e-04        6.339743e-21
               12200        1.593070e-04        6.339743e-21
               12300        1.597940e-04        2.738933e-21
               12400        1.398830e-04        2.738933e-21
               12500        1.570330e-04        1.222086e-21
               12600        1.595460e-04        1.222086e-21
               12700        1.578950e-04        1.222086e-21
               12800        1.592220e-04        3.159465e-22
               12900        1.587540e-04        9.925726e-23
               13000        1.578050e-04        9.925726e-23
               13100        1.582180e-04        3.902788e-23
               13200        1.660010e-04        3.902702e-23
               13300        1.593040e-04        1.751488e-23
               13400        1.596500e-04        1.751637e-23
               13500        1.593690e-04        7.279217e-24
               13600        1.262530e-04        7.279582e-24
               13700        1.341170e-04        3.080470e-24
               13800        1.583810e-04        3.080108e-24
               13900        1.478430e-04        1.337295e-24
               14000        1.595980e-04        1.337307e-24
               14100        1.579170e-04        4.155769e-25
               14200        1.589280e-04        4.156682e-25
               14300        1.571500e-04        1.942417e-25
               14400        1.593210e-04        1.941756e-25
               14500        1.589550e-04        1.029259e-25
               14600        1.579130e-04        1.029259e-25
               14700        1.578900e-04        5.835168e-26
               14800        1.980040e-04        5.835325e-26
               14900        1.607720e-04        2.928695e-26
               15000        1.471950e-04        2.928300e-26
               15100        1.593860e-04        1.635089e-26
               15200        1.590450e-04        1.635089e-26
               15300        1.593060e-04        1.352403e-26
               15400        1.403270e-04        1.352403e-26
               15500        1.577260e-04        1.106883e-26
               15600        1.599040e-04        1.106883e-26
               15700        1.477150e-04        9.079550e-27
               15800        1.598580e-04        9.079550e-27
               15900        1.588040e-04        8.697727e-27
               16000        1.579230e-04        8.697727e-27
               16100        1.579170e-04        9.218487e-27
               16200        1.571030e-04        9.218487e-27
               16300        1.583530e-04        9.368266e-27
               16400        1.616930e-04        9.368266e-27
               16500        1.597560e-04        1.029409e-26
               16600        1.594080e-04        1.029409e-26
               16700        1.584570e-04        1.112395e-26
               16800        1.485330e-04        1.111290e-26
               16900        1.478330e-04        9.692216e-27
               17000        1.340090e-04        9.692216e-27
               17100        1.278180e-04        8.440170e-27
               17200        1.330580e-04        8.440170e-27
               17300        1.157600e-04        9.957847e-27
               17400        1.360630e-04        9.957847e-27
               17500        1.254820e-04        8.752308e-27
               17600        1.236310e-04        8.752308e-27
               17700        1.269240e-04        8.472738e-27
               17800        1.234470e-04        8.472738e-27
               17900        1.256930e-04        8.806521e-27
               18000        1.346100e-04        8.808099e-27
               18100        1.279060e-04        9.485130e-27
               18200        1.335740e-04        9.485130e-27
               18300        1.281050e-04        8.635684e-27
               18400        1.342450e-04        8.635684e-27
               18500        1.270860e-04        1.178425e-26
               18600        1.352450e-04        1.178425e-26
               18700        1.270000e-04        1.039949e-26
               18800        1.430520e-04        1.039949e-26
               18900        1.261480e-04        1.117500e-26
               19000        1.352300e-04        1.117895e-26
               19100        1.261880e-04        1.044092e-26
               19200        1.217680e-04        1.044092e-26
               19300        1.256730e-04        1.055327e-26
               19400        1.338120e-04        1.055327e-26
               19500        1.260020e-04        1.155578e-26
               19600        1.318350e-04        1.155578e-26
               19700        1.142980e-04        1.229722e-26
               19800        1.354070e-04        1.229722e-26
               19900        1.261220e-04        1.113422e-26
               20000        1.346840e-04        1.113422e-26
               20100        1.267390e-04        1.145141e-26
               20200        1.352870e-04        1.146798e-26
               20300        1.258670e-04        9.980602e-27
               20400        1.235970e-04        9.975080e-27
               20500        1.165390e-04        6.804919e-27
               20600        1.334830e-04        6.804919e-27
               20700        1.257890e-04        1.110646e-26
               20800        1.354220e-04        1.110646e-26
               20900        1.142640e-04        1.110646e-26
               21000        1.337370e-04        1.024754e-26
               21100        1.461000e-04        1.039016e-26
               21200        1.377220e-04        1.039016e-26
               21300        1.503070e-04        1.032614e-26
               21400        1.525060e-04        1.032614e-26
               21500        1.610380e-04        1.004115e-26
               21600        1.514730e-04        1.004115e-26
               21700        1.618610e-04        1.190452e-26
               21800        1.624040e-04        1.190452e-26
               21900        1.617890e-04        1.109426e-26
               22000        1.495910e-04        1.109426e-26
               22100        1.618230e-04        9.601033e-27
               22200        1.607620e-04        9.601033e-27
               22300        1.607890e-04        9.873499e-27
               22400        1.487540e-04        9.873499e-27
               22500        1.630030e-04        1.065002e-26
               22600        1.356860e-04        1.065002e-26
               22700        1.275730e-04        1.031344e-26
               22800        1.354390e-04        1.031344e-26
               22900        1.256880e-04        1.042765e-26
               23000        1.348790e-04        1.042765e-26
               23100        1.151860e-04        9.987369e-27
               23200        1.365400e-04        9.987369e-27
               23300        1.265310e-04        1.413344e-26
               23400        1.323170e-04        1.416657e-26
               23500        1.156030e-04        1.043916e-26
               23600        1.361640e-04        1.043916e-26
               23700        1.341850e-04        9.753094e-27
               23800        1.369420e-04        9.753094e-27
               23900        1.262920e-04        1.052971e-26
               24000        1.348460e-04        1.052971e-26
               24100        1.287160e-04        1.072707e-26
               24200        1.351280e-04        1.072707e-26
               24300        1.272980e-04        1.088910e-26
               24400        1.360510e-04        1.088910e-26
               24500        1.270540e-04        7.366796e-27
               24600        1.357560e-04        7.366796e-27
               24700        1.262980e-04        1.001212e-26
               24800        1.239480e-04        1.001212e-26
               24900        1.264640e-04        1.096814e-26
               25000        1.332020e-04        1.096341e-26
               25100        1.251850e-04        1.085452e-26
               25200        1.335460e-04        1.085452e-26
               25300        1.246040e-04        1.224342e-26
               25400        1.321930e-04        1.224342e-26
               25500        1.254190e-04        1.168011e-26
               25600        1.339150e-04        1.168011e-26
               25700        1.278790e-04        1.027041e-26
               25800        1.338280e-04        1.027041e-26
               25900        1.202880e-04        1.027041e-26
               26000        1.246500e-04        1.072755e-26
               26100        1.261280e-04        9.476337e-27
               26200        1.199690e-04        9.479493e-27
               26300        1.182190e-04        1.079958e-26
               26400        1.181220e-04        1.079958e-26
               26500        1.202820e-04        1.007793e-26
               26600        1.190250e-04        1.007793e-26
               26700        1.189410e-04        1.151476e-26
               26800        1.185130e-04        1.151476e-26
               26900        1.182610e-04        1.153766e-26
               27000        1.180330e-04        1.153766e-26
               27100        1.189760e-04        1.002426e-26
               27200        1.377430e-04        1.002426e-26
               27300        1.175930e-04        1.019990e-26
               27400        1.201730e-04        1.019990e-26
               27500        1.176010e-04        1.125010e-26
               27600        1.471890e-04        1.125010e-26
               27700        1.378940e-04        1.052527e-26
               27800        1.479050e-04        1.052527e-26
               27900        1.269400e-04        1.007871e-26
               28000        1.371010e-04        1.007871e-26
               28100        1.475400e-04        9.949077e-27
               28200        1.510130e-04        9.944344e-27
               28300        1.480370e-04        1.276338e-26
               28400        1.482940e-04        1.276732e-26
               28500        1.487140e-04        1.003252e-26
               28600        1.469210e-04        1.003252e-26
               28700        1.474040e-04        9.862506e-27
               28800        1.471850e-04        9.862506e-27
               28900        1.213870e-04        9.543814e-27
               29000        1.457860e-04        9.551900e-27
               29100        1.458850e-04        1.084180e-26
               29200        1.468050e-04        1.084180e-26
               29300        1.185710e-04        8.780628e-27
               29400        1.230490e-04        8.764851e-27
               29500        1.214790e-04        9.482286e-27
               29600        1.210130e-04        9.482286e-27
               29700        1.190340e-04        9.250242e-27
               29800        1.055050e-04        9.251031e-27
               29900        1.174040e-04        9.755718e-27
               30000        1.187950e-04        9.755718e-27
               30100        1.179480e-04        1.127352e-26
               30200        1.194510e-04        1.127352e-26
               30300        1.228440e-04        9.960111e-27
               30400        1.237100e-04        9.960111e-27
               30500        1.223780e-04        8.848250e-27
               30600        1.228870e-04        8.848250e-27
               30700        1.232190e-04        1.265298e-26
               30800        1.228090e-04        1.265298e-26
               30900        1.205610e-04        8.876471e-27
               31000        1.241280e-04        8.876471e-27
               31100        1.221880e-04        1.042061e-26
               31200        1.208290e-04        1.042061e-26
               31300        1.215910e-04        1.173458e-26
               31400        1.219340e-04        1.173458e-26
               31500        1.231330e-04        1.111850e-26
               31600        1.233280e-04        1.111850e-26
               31700        1.237960e-04        1.136082e-26
               31800        1.401880e-04        1.136082e-26
               31900        1.136700e-04        1.178480e-26
               32000        1.176490e-04        1.178776e-26
               32100        1.227050e-04        1.223997e-26
               32200        1.223560e-04        1.223523e-26
               32300        1.221270e-04        1.197662e-26
               32400        1.227080e-04        1.197662e-26
               32500        1.218980e-04        1.197662e-26
               32600        1.222500e-04        1.057664e-26
               32700        1.211560e-04        1.011690e-26
               32800        1.227510e-04        1.109088e-26
               32900        1.636820e-04        1.119111e-26
               33000        1.234780e-04        1.232700e-26
               33100        1.229140e-04        1.393347e-26
               33200        1.228180e-04        1.543406e-26
               33300        1.231630e-04        1.439135e-26
               33400        1.217320e-04        1.345585e-26
               33500        1.240150e-04        1.078198e-26
               33600        1.214550e-04        1.060659e-26
               33700        1.222140e-04        1.255076e-26
               33800        1.233550e-04        1.238245e-26
               33900        1.237070e-04        9.494927e-27
               34000        1.220180e-04        1.046992e-26
               34100        1.231160e-04        1.098496e-26
               34200        1.225040e-04        1.174106e-26
               34300        1.307690e-04        1.305020e-26
               34400        1.216840e-04        1.355539e-26
               34500        1.208330e-04        1.278551e-26
               34600        1.218130e-04        1.124010e-26
               34700        1.231350e-04        1.077067e-26
               34800        1.232630e-04        1.074032e-26
               34900        1.223320e-04        1.010782e-26
               35000        1.213990e-04        1.051723e-26
               35100        1.220600e-04        1.124158e-26
               35200        1.229340e-04        1.203780e-26
               35300        1.218710e-04        9.532618e-27
               35400        1.220690e-04        9.188570e-27
               35500        1.217950e-04        1.200170e-26
               35600        1.227300e-04        1.235822e-26
               35700        1.231490e-04        9.441247e-27
               35800        1.218640e-04        8.955444e-27
               35900        1.222740e-04        1.010563e-26
               36000        1.228580e-04        9.922235e-27
               36100        1.230730e-04        1.087783e-26
               36200        1.221830e-04        1.092536e-26
               36300        1.224880e-04        1.064557e-26
               36400        1.223270e-04        1.077929e-26
               36500        1.225160e-04        9.767547e-27
               36600        1.220930e-04        1.102496e-26
               36700        1.138770e-04        1.102496e-26
               36800        1.191160e-04        1.106565e-26
               36900        1.233290e-04        1.106565e-26
               37000        1.215620e-04        1.258934e-26
               37100        1.217760e-04        1.258934e-26
               37200        1.220560e-04        1.012542e-26
               37300        1.225210e-04        1.012542e-26
               37400        1.231190e-04        1.032499e-26
               37500        1.216830e-04        1.032499e-26
               37600        1.223360e-04        9.679283e-27
               37700        1.260190e-04        9.679283e-27
               37800        1.223030e-04        1.091889e-26
               37900        1.226640e-04        1.091889e-26
               38000        1.226040e-04        1.085059e-26
               38100        1.233220e-04        1.085059e-26
               38200        1.343250e-04        9.006269e-27
               38300        1.249200e-04        9.006269e-27
               38400        1.240820e-04        1.096456e-26
               38500        1.236690e-04        1.096456e-26
               38600        1.233640e-04        8.790663e-27
               38700        1.245230e-04        8.790663e-27
               38800        1.224460e-04        1.063402e-26
               38900        1.235830e-04        1.063067e-26
               39000        1.220720e-04        1.209902e-26
               39100        1.226380e-04        1.209902e-26
               39200        1.227160e-04        1.341759e-26
               39300        1.270620e-04        1.341857e-26
               39400        1.197160e-04        1.161872e-26
               39500        1.224750e-04        1.161872e-26
               39600        1.211150e-04        1.161872e-26
               39700        1.222660e-04        1.147044e-26
               39800        1.216890e-04        1.206258e-26
               39900        1.232500e-04        1.015725e-26
               40000        1.234280e-04        1.037343e-26
               40100        1.223390e-04        1.026142e-26
               40200        1.228540e-04        8.745338e-27
               40300        1.239970e-04        8.902096e-27
               40400        1.513340e-04        9.891305e-27
               40500        1.387860e-04        9.336393e-27
               40600        1.430080e-04        9.312699e-27
               40700        1.216690e-04        1.034279e-26
               40800        1.252690e-04        1.190661e-26
               40900        1.308700e-04        1.129523e-26
               41000        1.350700e-04        1.060607e-26
               41100        1.212080e-04        1.172101e-26
               41200        1.342140e-04        1.017496e-26
               41300        1.319800e-04        1.020214e-26
               41400        1.351230e-04        1.007851e-26
               41500        1.320380e-04        8.689937e-27
               41600        1.639690e-04        1.055950e-26
               41700        1.622990e-04        1.101712e-26
               41800        1.366000e-04        1.162659e-26
               41900        1.300510e-04        1.225443e-26
               42000        1.329730e-04        9.768820e-27
               42100        1.220940e-04        1.020150e-26
               42200        1.350740e-04        1.055112e-26
               42300        1.236200e-04        1.145182e-26
               42400        1.342630e-04        1.064526e-26
               42500        1.230720e-04        1.122024e-26
               42600        1.627210e-04        1.145524e-26
               42700        1.635110e-04        1.118909e-26
               42800        1.629520e-04        1.016482e-26
               42900        1.625750e-04        1.152853e-26
               43000        1.648160e-04        1.152853e-26
               43100        1.618960e-04        1.316062e-26
               43200        1.617410e-04        1.316259e-26
               43300        1.615750e-04        1.211731e-26
               43400        1.614700e-04        1.211731e-26
               43500        1.637750e-04        1.244036e-26
               43600        1.624040e-04        1.244036e-26
               43700        1.607730e-04        1.267289e-26
               43800        1.633010e-04        1.267289e-26
               43900        1.623900e-04        1.109125e-26
               44000        1.643100e-04        1.109125e-26
               44100        1.533000e-04        1.092947e-26
               44200        1.617920e-04        1.092947e-26
               44300        1.624830e-04        1.219093e-26
               44400        1.632910e-04        1.219093e-26
               44500        1.617450e-04        9.844877e-27
               44600        1.523700e-04        9.844877e-27
               44700        1.608530e-04        1.161631e-26
               44800        1.771320e-04        1.161631e-26
               44900        1.632950e-04        9.663962e-27
               45000        1.611280e-04        9.663962e-27
               45100        1.427640e-04        1.084359e-26
               45200        1.615790e-04        1.084359e-26
               45300        1.618130e-04        1.392156e-26
               45400        1.619570e-04        1.392156e-26
               45500        1.616740e-04        1.094317e-26
               45600        1.515230e-04        1.094554e-26
               45700        1.503970e-04        8.894243e-27
               45800        1.613390e-04        8.894243e-27
               45900        1.636660e-04        9.961647e-27
               46000        1.764130e-04        9.961647e-27
               46100        2.060620e-04        9.739975e-27
               46200        1.512660e-04        9.739975e-27
               46300        1.609150e-04        1.019904e-26
               46400        1.612620e-04        1.019904e-26
               46500        1.613580e-04        1.078536e-26
               46600        1.632410e-04        1.078536e-26
               46700        1.409510e-04        1.086024e-26
               46800        1.631130e-04        1.086024e-26
               46900        1.620630e-04        1.086024e-26
               47000        1.617370e-04        8.617783e-27
               47100        1.619720e-04        1.301075e-26
               47200        1.618880e-04        1.301075e-26
               47300        1.601660e-04        1.348531e-26
               47400        1.617940e-04        1.349084e-26
               47500        1.615940e-04        1.327588e-26
               47600        1.422060e-04        1.327588e-26
               47700        1.614880e-04        1.025553e-26
               47800        1.607100e-04        1.022713e-26
               47900        1.615520e-04        8.796467e-27
               48000        1.510760e-04        8.801989e-27
               48100        1.449140e-04        8.501837e-27
               48200        1.619250e-04        8.501837e-27
               48300        1.623410e-04        1.038055e-26
               48400        1.248060e-04        1.038055e-26
               48500        1.325710e-04        1.199616e-26
               48600        1.373900e-04        1.199616e-26
               48700        1.386890e-04        1.126760e-26
               48800        1.347670e-04        1.126760e-26
               48900        1.325010e-04        9.879289e-27
               49000        1.303890e-04        9.879289e-27
               49100        1.316700e-04        1.107050e-26
               49200        1.298800e-04        1.107050e-26
               49300        1.345900e-04        1.227416e-26
               49400        1.661960e-04        1.227416e-26
               49500        1.515220e-04        1.210814e-26
               49600        1.643290e-04        1.210814e-26
               49700        1.657470e-04        1.021613e-26
               49800        1.517440e-04        1.021613e-26
               49900        1.643190e-04        1.164759e-26
               50000        1.630680e-04        1.164759e-26
               50100        1.637730e-04        1.077410e-26
               50200        1.649990e-04        1.077410e-26
               50300        1.329370e-04        9.353671e-27
               50400        9.804200e-05        9.353671e-27
               50500        1.230050e-04        9.353671e-27
               50600        7.474100e-05        9.031732e-27
               50700        9.316700e-05        1.267862e-26
               50800        1.034220e-04        1.267862e-26
               50900        1.006430e-04        1.212045e-26
               51000        1.012510e-04        1.212045e-26
               51100        1.031540e-04        9.189845e-27
               51200        1.012400e-04        9.178999e-27
               51300        1.104650e-04        9.081852e-27
               51400        1.037140e-04        9.081852e-27
               51500        1.043510e-04        9.877300e-27
               51600        1.217600e-04        9.877300e-27
               51700        1.118590e-04        1.193116e-26
               51800        1.107390e-04        1.193116e-26
               51900        1.010960e-04        1.108496e-26
               52000        1.171660e-04        1.108496e-26
               52100        1.020490e-04        9.974545e-27
               52200        1.155220e-04        9.974545e-27
               52300        1.005870e-04        9.593634e-27
               52400        1.218320e-04        9.593634e-27
               52500        9.482000e-05        9.367324e-27
               52600        1.252180e-04        9.367324e-27
               52700        1.222600e-04        1.088914e-26
               52800        1.313640e-04        1.088914e-26
               52900        1.037780e-04        1.161374e-26
               53000        1.140820e-04        1.161374e-26
               53100        9.125200e-05        8.869865e-27
               53200        9.610800e-05        8.869865e-27
               53300        1.165970e-04        8.483932e-27
               53400        9.314800e-05        8.485312e-27
               53500        9.407500e-05        9.422042e-27
               53600        1.114000e-04        9.422042e-27
               53700        9.360300e-05        8.994398e-27
               53800        9.122500e-05        9.009583e-27
               53900        9.178800e-05        9.183927e-27
               54000        9.566100e-05        9.183927e-27
               54100        9.769000e-05        1.047720e-26
               54200        9.450700e-05        1.047720e-26
               54300        9.591400e-05        9.626443e-27
               54400        9.364200e-05        9.626443e-27
               54500        9.435700e-05        9.626443e-27
               54600        9.669900e-05        9.898141e-27
               54700        9.504900e-05        9.038685e-27
               54800        9.494000e-05        9.038685e-27
               54900        9.350500e-05        1.044691e-26
               55000        9.495300e-05        1.044691e-26
               55100        9.373500e-05        9.471752e-27
               55200        9.374900e-05        9.464060e-27
               55300        9.486400e-05        1.051116e-26
               55400        9.232900e-05        1.051116e-26
               55500        9.419400e-05        9.204444e-27
               55600        9.256100e-05        9.204444e-27
               55700        9.057000e-05        9.830301e-27
               55800        9.300500e-05        9.830301e-27
               55900        9.072300e-05        8.770749e-27
               56000        8.888900e-05        8.770749e-27
               56100        9.330500e-05        1.029489e-26
               56200        9.355000e-05        1.029489e-26
               56300        9.224900e-05        9.844542e-27
               56400        9.568300e-05        9.844542e-27
               56500        9.378200e-05        9.621605e-27
               56600        9.630900e-05        9.621605e-27
               56700        9.162200e-05        1.168962e-26
               56800        9.380700e-05        1.168962e-26
               56900        9.450600e-05        1.032238e-26
               57000        9.212000e-05        1.032238e-26
               57100        9.357000e-05        1.018102e-26
               57200        9.370000e-05        1.018102e-26
               57300        8.911700e-05        1.044483e-26
               57400        8.953100e-05        1.044483e-26
               57500        8.779300e-05        1.011721e-26
               57600        1.112010e-04        1.011721e-26
               57700        1.183470e-04        8.717313e-27
               57800        8.690900e-05        8.716721e-27
               57900        8.759000e-05        1.074038e-26
               58000        1.212220e-04        1.074038e-26
               58100        1.284620e-04        8.849243e-27
               58200        1.271300e-04        8.849243e-27
               58300        1.181970e-04        9.590157e-27
               58400        1.175430e-04        9.590157e-27
               58500        1.118760e-04        1.056174e-26
               58600        1.181220e-04        1.056174e-26
               58700        1.181590e-04        1.271911e-26
               58800        1.263500e-04        1.271911e-26
               58900        1.197820e-04        1.092457e-26
               59000        9.906300e-05        1.092457e-26
               59100        1.082330e-04        1.175521e-26
               59200        1.191780e-04        1.175521e-26
               59300        1.179370e-04        1.128048e-26
               59400        9.790600e-05        1.128048e-26
               59500        1.192860e-04        1.342415e-26
               59600        1.183830e-04        1.342415e-26
               59700        1.205890e-04        1.094839e-26
               59800        1.178610e-04        1.094839e-26
               59900        1.172190e-04        1.213497e-26
               60000        1.087840e-04        1.213497e-26
               60100        1.297620e-04        1.012466e-26
               60200        1.056000e-04        1.012466e-26
               60300        1.346230e-04        1.010254e-26
               60400        1.189110e-04        1.010254e-26
               60500        9.717100e-05        8.782894e-27
               60600        9.632100e-05        8.782894e-27
               60700        9.501900e-05        1.084508e-26
               60800        9.100800e-05        1.084508e-26
               60900        8.852800e-05        9.532432e-27
               61000        1.100300e-04        9.532630e-27
               61100        1.047790e-04        1.107181e-26
               61200        9.859600e-05        1.107477e-26
               61300        9.991100e-05        1.097987e-26
               61400        9.926200e-05        1.097987e-26
               61500        1.310450e-04        1.141344e-26
               61600        9.217600e-05        1.141344e-26
               61700        1.014950e-04        9.974742e-27
               61800        8.020500e-05        9.974742e-27
               61900        9.692300e-05        9.319447e-27
               62000        1.086260e-04        9.319447e-27
               62100        1.207030e-04        9.364505e-27
               62200        1.193270e-04        9.364505e-27
               62300        1.194830e-04        1.191131e-26
               62400        1.173390e-04        1.191131e-26
               62500        1.172750e-04        9.195833e-27
               62600        1.189290e-04        9.195833e-27
               62700        1.195350e-04        9.981853e-27
               62800        1.196770e-04        9.981853e-27
               62900        1.192840e-04        1.112707e-26
               63000        9.906800e-05        1.112313e-26
               63100        1.186230e-04        1.591014e-26
               63200        1.208190e-04        1.590462e-26
               63300        1.017230e-04        1.718737e-26
               63400        1.128090e-04        1.718737e-26
               63500        9.874000e-05        1.288992e-26
               63600        9.685100e-05        1.288933e-26
               63700        9.809800e-05        1.103173e-26
               63800        1.079960e-04        1.103173e-26
               63900        1.219800e-04        1.103173e-26
               64000        1.086810e-04        9.861551e-27
               64100        1.208730e-04        8.065363e-27
               64200        1.205070e-04        8.065363e-27
               64300        1.187940e-04        7.595308e-27
               64400        1.174850e-04        7.595308e-27
               64500        1.086970e-04        9.960501e-27
               64600        1.202150e-04        9.960501e-27
               64700        1.180700e-04        1.123670e-26
               64800        9.116200e-05        1.123670e-26
               64900        9.185600e-05        9.573634e-27
               65000        9.248500e-05        9.573634e-27
               65100        1.005690e-04        1.101854e-26
               65200        1.090100e-04        1.102662e-26
               65300        1.315510e-04        9.115722e-27
               65400        1.066810e-04        9.115722e-27
               65500        1.187310e-04        9.774100e-27
               65600        9.848900e-05        9.774100e-27
               65700        1.165210e-04        1.327750e-26
               65800        1.150300e-04        1.327750e-26
               65900        9.514300e-05        1.108545e-26
               66000        1.154900e-04        1.108545e-26
               66100        1.249510e-04        1.056115e-26
               66200        1.167230e-04        1.056115e-26
               66300        1.058660e-04        9.261928e-27
               66400        1.161630e-04        9.260351e-27
               66500        1.055370e-04        1.011241e-26
               66600        1.154550e-04        1.011241e-26
               66700        1.161910e-04        9.858387e-27
               66800        1.074140e-04        9.858387e-27
               66900        9.571400e-05        1.214270e-26
               67000        1.148620e-04        1.214427e-26
               67100        1.139170e-04        1.175727e-26
               67200        1.187760e-04        1.175727e-26
               67300        1.146920e-04        1.202467e-26
               67400        1.042740e-04        1.202467e-26
               67500        1.135180e-04        1.375480e-26
               67600        1.148880e-04        1.375480e-26
               67700        1.144090e-04        1.100712e-26
               67800        9.676900e-05        1.100712e-26
               67900        1.058050e-04        7.802206e-27
               68000        1.064550e-04        7.802206e-27
               68100        1.157980e-04        8.747497e-27
               68200        1.166400e-04        8.747497e-27
               68300        1.023250e-04        9.388016e-27
               68400        1.052500e-04        9.388016e-27
               68500        1.148180e-04        8.080372e-27
               68600        1.171260e-04        8.092205e-27
               68700        9.367100e-05        7.610341e-27
               68800        1.062380e-04        7.610341e-27
               68900        1.080250e-04        7.610341e-27
               69000        1.163490e-04        1.065284e-26
               69100        1.062270e-04        1.153272e-26
               69200        1.056320e-04        1.153272e-26
               69300        1.057710e-04        9.032660e-27
               69400        1.055260e-04        9.032660e-27
               69500        1.191460e-04        1.067509e-26
               69600        1.130080e-04        1.067509e-26
               69700        1.067230e-04        1.029173e-26
               69800        1.138990e-04        1.029173e-26
               69900        1.039220e-04        1.038966e-26
               70000        9.622600e-05        1.039202e-26
               70100        1.178260e-04        9.029168e-27
               70200        1.149700e-04        9.029168e-27
               70300        1.136730e-04        1.165613e-26
               70400        1.138480e-04        1.165553e-26
               70500        1.175760e-04        9.484100e-27
               70600        1.183340e-04        9.484100e-27
               70700        1.164620e-04        1.083017e-26
               70800        9.576700e-05        1.083017e-26
               70900        9.010000e-05        1.150430e-26
               71000        9.674900e-05        1.150746e-26
               71100        1.048920e-04        1.159818e-26
               71200        1.201550e-04        1.159818e-26
               71300        9.686200e-05        1.159818e-26
               71400        8.602000e-05        1.317205e-26
               71500        8.779900e-05        1.112862e-26
               71600        9.370100e-05        9.794243e-27
               71700        1.019530e-04        1.309162e-26
               71800        9.994500e-05        1.141084e-26
               71900        9.952100e-05        1.085380e-26
               72000        9.904600e-05        1.088968e-26
               72100        9.890700e-05        1.074479e-26
               72200        8.483400e-05        9.843367e-27
               72300        9.693900e-05        1.335577e-26
               72400        9.650900e-05        1.335755e-26
               72500        9.582400e-05        1.055504e-26
               72600        9.958400e-05        1.055504e-26
               72700        9.730800e-05        1.055504e-26
               72800        9.617400e-05        1.095025e-26
               72900        9.531900e-05        1.049727e-26
               73000        9.519300e-05        1.000307e-26
               73100        8.523900e-05        9.117868e-27
               73200        1.073760e-04        9.150222e-27
               73300        9.559000e-05        1.023517e-26
               73400        8.525300e-05        1.098680e-26
               73500        8.634200e-05        9.171541e-27
               73600        8.634100e-05        9.171541e-27
               73700        8.623800e-05        1.002764e-26
               73800        8.545000e-05        1.002764e-26
               73900        8.626300e-05        1.102251e-26
               74000        8.597900e-05        1.102251e-26
               74100        8.509200e-05        9.872203e-27
               74200        8.448000e-05        9.872203e-27
               74300        8.748600e-05        1.308883e-26
               74400        8.574700e-05        1.308883e-26
               74500        8.596500e-05        1.299154e-26
               74600        8.561000e-05        1.299154e-26
               74700        8.715400e-05        9.786851e-27
               74800        8.761100e-05        9.786851e-27
               74900        8.590700e-05        9.697933e-27
               75000        8.727200e-05        9.697933e-27
               75100        8.539300e-05        1.114913e-26
               75200        8.687100e-05        1.114913e-26
               75300        8.556900e-05        1.099666e-26
               75400        8.747800e-05        1.099666e-26
               75500        8.509400e-05        1.030549e-26
               75600        8.335100e-05        1.030549e-26
               75700        8.331200e-05        1.054421e-26
               75800        8.371600e-05        1.054421e-26
               75900        8.610700e-05        1.286589e-26
               76000        8.713600e-05        1.286589e-26
               76100        8.379100e-05        1.056282e-26
               76200        8.540000e-05        1.056282e-26
               76300        8.416500e-05        1.012949e-26
               76400        8.522300e-05        1.012949e-26
               76500        8.665000e-05        9.407012e-27
               76600        8.640100e-05        9.407012e-27
               76700        8.774500e-05        8.537293e-27
               76800        8.558600e-05        8.537293e-27
               76900        8.625700e-05        1.260231e-26
               77000        8.634500e-05        1.259757e-26
               77100        8.454000e-05        1.113030e-26
               77200        8.519300e-05        1.113030e-26
               77300        8.614400e-05        1.041008e-26
               77400        8.566700e-05        1.041008e-26
               77500        8.655200e-05        8.611675e-27
               77600        8.728400e-05        8.611478e-27
               77700        8.774000e-05        1.034590e-26
               77800        8.935500e-05        1.034590e-26
               77900        8.712500e-05        1.006685e-26
               78000        8.552800e-05        1.006685e-26
               78100        8.487700e-05        1.264832e-26
               78200        8.655000e-05        1.264832e-26
               78300        8.609800e-05        1.089455e-26
               78400        8.376800e-05        1.089455e-26
               78500        1.030800e-04        9.990150e-27
               78600        7.304300e-05        9.990150e-27
               78700        8.326000e-05        1.160875e-26
               78800        8.559100e-05        1.159396e-26
               78900        8.524300e-05        1.130355e-26
               79000        8.547000e-05        1.130355e-26
               79100        8.560100e-05        1.036767e-26
               79200        8.281000e-05        1.037023e-26
               79300        8.629400e-05        1.056570e-26
               79400        8.348000e-05        1.056570e-26
               79500        8.459200e-05        1.332961e-26
               79600        8.675300e-05        1.332961e-26
               79700        8.451600e-05        9.716509e-27
               79800        8.627800e-05        9.716509e-27
               79900        8.592700e-05        1.145670e-26
               80000        8.464900e-05        1.145591e-26
               80100        8.785300e-05        1.065792e-26
               80200        8.489400e-05        1.065082e-26
               80300        8.550800e-05        1.047185e-26
               80400        8.904200e-05        1.047106e-26
               80500        8.616000e-05        9.811538e-27
               80600        8.301900e-05        9.811538e-27
               80700        8.569000e-05        8.478687e-27
               80800        8.743200e-05        8.478687e-27
               80900        8.617200e-05        9.822900e-27
               81000        8.532100e-05        9.822900e-27
               81100        8.387700e-05        1.126823e-26
               81200        8.811400e-05        1.126823e-26
               81300        8.539500e-05        1.153853e-26
               81400        8.682700e-05        1.153853e-26
               81500        8.756000e-05        1.280534e-26
               81600        8.502100e-05        1.280534e-26
               81700        8.650400e-05        9.525421e-27
               81800        8.376300e-05        9.525421e-27
               81900        8.736800e-05        1.182773e-26
               82000        8.409900e-05        1.182773e-26
               82100        8.665700e-05        1.044749e-26
               82200        8.516300e-05        1.044749e-26
               82300        8.603200e-05        9.296769e-27
               82400        8.510400e-05        9.296769e-27
               82500        8.553500e-05        1.103970e-26
               82600        8.792700e-05        1.103023e-26
               82700        8.535600e-05        1.145759e-26
               82800        8.777100e-05        1.145759e-26
               82900        8.649100e-05        1.183673e-26
               83000        8.541400e-05        1.184225e-26
               83100        8.667500e-05        1.036077e-26
               83200        8.563000e-05        1.035840e-26
               83300        8.451200e-05        8.980458e-27
               83400        8.391700e-05        8.977894e-27
               83500        8.341200e-05        8.507388e-27
               83600        8.611900e-05        8.497330e-27
               83700        8.513000e-05        8.276346e-27
               83800        8.344800e-05        8.276346e-27
               83900        8.693900e-05        8.880040e-27
               84000        8.409600e-05        8.880040e-27
               84100        8.847700e-05        8.433963e-27
               84200        8.788700e-05        8.433963e-27
               84300        8.625600e-05        8.954089e-27
               84400        8.854600e-05        8.955667e-27
               84500        8.786100e-05        7.416617e-27
               84600        8.513800e-05        7.416617e-27
               84700        8.623800e-05        8.707288e-27
               84800        8.548700e-05        8.707288e-27
               84900        8.710900e-05        8.632305e-27
               85000        8.699000e-05        8.632305e-27
               85100        8.826000e-05        8.171294e-27
               85200        8.451800e-05        8.174450e-27
               85300        8.696700e-05        1.010736e-26
               85400        8.436700e-05        1.009474e-26
               85500        8.389500e-05        1.088860e-26
               85600        8.664600e-05        1.088860e-26
               85700        8.829800e-05        1.092293e-26
               85800        8.704200e-05        1.092293e-26
               85900        8.598700e-05        1.095114e-26
               86000        8.587900e-05        1.093773e-26
               86100        8.612100e-05        1.106083e-26
               86200        8.627800e-05        1.106083e-26
               86300        8.850700e-05        1.069482e-26
               86400        8.660300e-05        1.069482e-26
               86500        8.453600e-05        9.896131e-27
               86600        9.714300e-05        9.896131e-27
               86700        8.602700e-05        9.074039e-27
               86800        8.516600e-05        9.074039e-27
               86900        6.886500e-05        9.111556e-27
               87000        6.865500e-05        9.111556e-27
               87100        8.384000e-05        1.136920e-26
               87200        8.649600e-05        1.136762e-26
               87300        8.590200e-05        1.077353e-26
               87400        8.877100e-05        1.077353e-26
               87500        8.827200e-05        1.165624e-26
               87600        8.512400e-05        1.165624e-26
               87700        8.657900e-05        1.008425e-26
               87800        8.566900e-05        1.008504e-26
               87900        8.447300e-05        1.271921e-26
               88000        8.558800e-05        1.271783e-26
               88100        8.746100e-05        1.289064e-26
               88200        8.777400e-05        1.289064e-26
               88300        8.490100e-05        1.241019e-26
               88400        8.383600e-05        1.241019e-26
               88500        8.470200e-05        1.164478e-26
               88600        8.474100e-05        1.164478e-26
               88700        8.443600e-05        9.476183e-27
               88800        9.167600e-05        9.495313e-27
               88900        8.592200e-05        1.009736e-26
               89000        8.576800e-05        1.009736e-26
               89100        8.734100e-05        1.144334e-26
               89200        8.664900e-05        1.192273e-26
               89300        8.414200e-05        1.312934e-26
               89400        8.727800e-05        1.213099e-26
               89500        8.577000e-05        9.433847e-27
               89600        8.324400e-05        9.433847e-27
               89700        8.528800e-05        8.057525e-27
               89800        9.294500e-05        8.057525e-27
               89900        8.382200e-05        8.613661e-27
               90000        8.557000e-05        8.613661e-27
               90100        8.622100e-05        9.085231e-27
               90200        8.804200e-05        9.085231e-27
               90300        8.787600e-05        1.362021e-26
               90400        9.088200e-05        1.362021e-26
               90500        8.638900e-05        1.275374e-26
               90600        9.579300e-05        1.276222e-26
               90700        9.072700e-05        1.140450e-26
               90800        8.936700e-05        1.140450e-26
               90900        8.783300e-05        1.029348e-26
               91000        8.736900e-05        1.029348e-26
               91100        8.748500e-05        1.245940e-26
               91200        8.774400e-05        1.245940e-26
               91300        8.724700e-05        1.302835e-26
               91400        8.875700e-05        1.303150e-26
               91500        9.012100e-05        1.275323e-26
               91600        8.957700e-05        1.275244e-26
               91700        8.903600e-05        1.371981e-26
               91800        8.915500e-05        1.371981e-26
               91900        8.994600e-05        1.151375e-26
               92000        9.142800e-05        1.151375e-26
               92100        9.171600e-05        1.139885e-26
               92200        9.216300e-05        1.139885e-26
               92300        8.873900e-05        1.135302e-26
               92400        9.178500e-05        1.135302e-26
               92500        1.013490e-04        1.312673e-26
               92600        8.976500e-05        1.312673e-26
               92700        8.980600e-05        9.116201e-27
               92800        9.411200e-05        9.119160e-27
               92900        9.077700e-05        1.178258e-26
               93000        9.217600e-05        1.178258e-26
               93100        8.974600e-05        1.143688e-26
               93200        8.952700e-05        1.143688e-26
               93300        9.369100e-05        1.317240e-26
               93400        9.105200e-05        1.316688e-26
               93500        8.671600e-05        1.275914e-26
               93600        9.067400e-05        1.275914e-26
               93700        8.918600e-05        1.140414e-26
               93800        8.979000e-05        1.140414e-26
               93900        9.272100e-05        1.108080e-26
               94000        9.168800e-05        1.108080e-26
               94100        9.673800e-05        1.178035e-26
               94200        9.022500e-05        1.178035e-26
               94300        9.098000e-05        1.099845e-26
               94400        9.075900e-05        1.099845e-26
               94500        9.116100e-05        9.576922e-27
               94600        8.977900e-05        9.576922e-27
               94700        9.221900e-05        1.113275e-26
               94800        9.165400e-05        1.113275e-26
               94900        9.308700e-05        1.055895e-26
               95000        9.118000e-05        1.055895e-26
               95100        9.048500e-05        1.064843e-26
               95200        9.120500e-05        1.064843e-26
               95300        9.581800e-05        1.156046e-26
               95400        9.078000e-05        1.156361e-26
               95500        9.038700e-05        9.134445e-27
               95600        9.034400e-05        9.134445e-27
               95700        9.030100e-05        1.040713e-26
               95800        9.232800e-05        1.040713e-26
               95900        9.409300e-05        1.201788e-26
               96000        9.061800e-05        1.201788e-26
               96100        9.483600e-05        1.360985e-26
               96200        9.375800e-05        1.360985e-26
               96300        9.368400e-05        1.403978e-26
               96400        9.175200e-05        1.403978e-26
               96500        9.407900e-05        1.278900e-26
               96600        9.335900e-05        1.278900e-26
               96700        9.449900e-05        1.362591e-26
               96800        9.345600e-05        1.362591e-26
               96900        8.574000e-05        1.197957e-26
               97000        7.249300e-05        1.197957e-26
               97100        7.274600e-05        1.016862e-26
               97200        7.263900e-05        1.016862e-26
               97300        7.327200e-05        1.100774e-26
               97400        7.251800e-05        1.100774e-26
               97500        7.260500e-05        9.873116e-27
               97600        7.402900e-05        9.873116e-27
               97700        7.893900e-05        8.462372e-27
               97800        7.234200e-05        8.462372e-27
               97900        7.281300e-05        8.460592e-27
               98000        7.120000e-05        8.460592e-27
               98100        7.277700e-05        1.107401e-26
               98200        7.145500e-05        1.107401e-26
               98300        7.194500e-05        9.165849e-27
               98400        7.060900e-05        9.165849e-27
               98500        7.032600e-05        8.913657e-27
               98600        7.147400e-05        8.913657e-27
               98700        7.091300e-05        1.509883e-26
               98800        7.140100e-05        1.509725e-26
               98900        7.122900e-05        1.205085e-26
               99000        7.086700e-05        1.205085e-26
               99100        7.022100e-05        1.168331e-26
               99200        7.071700e-05        1.168726e-26
               99300        7.046100e-05        1.231378e-26
               99400        7.091500e-05        1.232010e-26
               99500        7.028800e-05        1.534259e-26
               99600        7.146500e-05        1.534259e-26
               99700        7.022200e-05        1.426784e-26
               99800        7.094000e-05        1.426784e-26
               99900        7.126000e-05        1.187387e-26
              100000        7.062400e-05        1.187387e-26
