Period: 100
               Epoch           Time cost                Loss
                 100        1.057220e-04        1.174291e+04
                 200        6.714900e-05        8.681461e+03
                 300        6.585000e-05        6.649038e+03
                 400        5.542000e-05        5.600611e+03
                 500        6.530000e-05        5.019237e+03
                 600        6.627400e-05        4.730986e+03
                 700        6.550700e-05        4.591328e+03
                 800        6.611100e-05        4.517303e+03
                 900        6.561400e-05        4.434984e+03
                1000        6.526500e-05        4.226674e+03
                1100        6.559100e-05        4.176034e+03
                1200        6.570200e-05        3.832312e+03
                1300        6.560400e-05        3.740657e+03
                1400        6.565700e-05        3.526809e+03
                1500        6.575000e-05        3.467041e+03
                1600        6.547000e-05        3.329708e+03
                1700        6.559100e-05        3.211858e+03
                1800        6.596200e-05        2.915387e+03
                1900        6.593600e-05        2.825890e+03
                2000        1.034040e-04        1.881345e+03
                2100        7.890900e-05        1.879095e+03
                2200        8.530100e-05        1.455015e+03
                2300        5.969000e-05        5.624765e+02
                2400        5.184600e-05        5.427813e+02
                2500        5.868500e-05        2.983813e+02
                2600        5.442500e-05        2.944709e+02
                2700        5.802800e-05        2.283191e+02
                2800        5.313200e-05        2.248251e+02
                2900        6.270200e-05        1.100959e+02
                3000        5.477700e-05        1.068021e+02
                3100        5.331400e-05        9.752182e+01
                3200        5.329100e-05        9.309821e+01
                3300        5.216900e-05        2.238640e+01
                3400        8.575800e-05        2.034298e+01
                3500        4.639200e-05        2.189322e+01
                3600        6.204600e-05        1.374064e+01
                3700        7.971800e-05        5.434594e+00
                3800        8.182100e-05        5.010883e+00
                3900        7.766000e-05        5.434594e+00
                4000        5.020900e-05        1.845963e+00
                4100        8.538400e-05        3.250368e-01
                4200        9.254400e-05        3.080427e-01
                4300        8.060000e-05        3.080469e-01
                4400        5.378200e-05        1.011919e-01
                4500        8.533500e-05        9.975112e-02
                4600        5.929200e-05        7.289749e-02
                4700        9.119800e-05        7.289732e-02
                4800        5.841800e-05        6.394776e-02
                4900        8.966500e-05        3.068917e-02
                5000        5.915000e-05        3.068921e-02
                5100        8.970800e-05        3.165133e-02
                5200        8.360000e-05        2.089945e-02
                5300        5.946200e-05        2.086297e-02
                5400        8.475300e-05        2.060650e-02
                5500        4.868400e-05        5.758195e-03
                5600        5.546000e-05        4.465682e-03
                5700        4.859900e-05        3.873616e-03
                5800        5.408200e-05        3.083452e-03
                5900        4.825700e-05        2.691714e-03
                6000        5.370400e-05        2.420508e-03
                6100        7.807600e-05        2.393357e-03
                6200        5.550100e-05        1.798306e-03
                6300        5.734000e-05        1.433723e-03
                6400        5.306600e-05        1.322892e-03
                6500        5.805700e-05        9.895291e-04
                6600        5.477300e-05        9.319170e-04
                6700        8.447700e-05        2.297955e-04
                6800        6.072000e-05        2.158934e-04
                6900        8.915200e-05        2.158997e-04
                7000        6.041500e-05        9.353514e-05
                7100        8.936200e-05        7.131794e-05
                7200        5.965500e-05        7.131762e-05
                7300        9.228500e-05        4.016300e-05
                7400        5.827400e-05        3.885031e-05
                7500        8.861800e-05        3.885435e-05
                7600        6.195300e-05        1.590093e-05
                7700        1.070290e-04        1.320212e-05
                7800        6.014100e-05        1.320229e-05
                7900        9.847400e-05        4.703699e-06
                8000        6.070200e-05        4.645706e-06
                8100        9.293600e-05        4.645789e-06
                8200        6.333200e-05        2.070751e-06
                8300        6.806700e-05        1.593473e-06
                8400        4.882300e-05        1.593500e-06
                8500        6.133100e-05        1.036076e-06
                8600        8.151800e-05        9.867961e-07
                8700        6.039000e-05        9.868086e-07
                8800        8.019300e-05        3.744390e-07
                8900        4.814400e-05        3.744390e-07
                9000        6.049800e-05        2.576363e-07
                9100        5.170600e-05        2.387578e-07
                9200        8.906400e-05        1.989719e-07
                9300        6.162100e-05        1.964137e-07
                9400        9.307100e-05        8.177963e-08
                9500        6.503800e-05        8.177963e-08
                9600        8.537900e-05        5.795158e-08
                9700        7.207300e-05        5.679165e-08
                9800        9.239800e-05        5.679143e-08
                9900        6.291400e-05        2.513123e-08
               10000        9.148400e-05        2.462131e-08
               10100        6.025100e-05        1.886747e-08
               10200        9.779500e-05        1.886284e-08
               10300        6.097400e-05        1.287588e-08
               10400        9.262900e-05        1.287588e-08
               10500        6.753600e-05        1.122852e-08
               10600        9.490100e-05        1.123336e-08
               10700        6.395300e-05        9.394514e-09
               10800        9.062700e-05        9.518398e-09
               10900        6.564100e-05        9.518398e-09
               11000        9.290000e-05        7.117382e-09
               11100        6.439300e-05        7.117382e-09
               11200        9.370100e-05        7.084868e-09
               11300        6.490600e-05        7.085711e-09
               11400        9.431200e-05        2.929611e-09
               11500        6.322200e-05        2.929086e-09
               11600        9.212600e-05        2.648515e-09
               11700        6.614500e-05        2.648604e-09
               11800        9.164300e-05        1.437349e-09
               11900        6.219600e-05        1.428202e-09
               12000        9.188100e-05        1.428243e-09
               12100        6.136500e-05        6.535754e-10
               12200        9.154400e-05        6.530929e-10
               12300        6.376800e-05        5.971370e-10
               12400        9.150300e-05        5.970891e-10
               12500        5.957700e-05        2.566431e-10
               12600        9.007900e-05        2.488758e-10
               12700        6.399200e-05        2.488616e-10
               12800        9.205400e-05        9.989042e-11
               12900        6.198100e-05        9.990925e-11
               13000        9.209400e-05        9.229281e-11
               13100        6.570000e-05        9.229711e-11
               13200        9.309200e-05        3.985829e-11
               13300        6.553600e-05        3.928399e-11
               13400        9.516000e-05        3.928132e-11
               13500        6.394800e-05        1.790153e-11
               13600        9.012200e-05        1.792721e-11
               13700        6.189900e-05        1.539361e-11
               13800        8.919700e-05        1.539270e-11
               13900        6.548200e-05        5.770648e-12
               14000        8.698900e-05        5.660152e-12
               14100        6.977000e-05        5.660141e-12
               14200        9.440700e-05        1.755809e-12
               14300        9.043100e-05        1.764960e-12
               14400        6.715400e-05        1.503482e-12
               14500        8.983100e-05        1.503648e-12
               14600        5.608200e-05        5.381898e-13
               14700        9.139600e-05        5.143058e-13
               14800        6.477300e-05        5.142552e-13
               14900        9.395200e-05        2.155948e-13
               15000        6.366500e-05        2.163867e-13
               15100        4.720200e-05        1.725485e-13
               15200        9.432800e-05        1.725513e-13
               15300        4.860700e-05        8.040252e-14
               15400        6.960900e-05        7.685229e-14
               15500        9.283500e-05        7.684453e-14
               15600        6.312700e-05        3.594891e-14
               15700        9.351400e-05        3.586936e-14
               15800        6.781100e-05        2.906646e-14
               15900        9.272400e-05        2.906591e-14
               16000        4.885100e-05        1.781590e-14
               16100        6.518900e-05        1.781597e-14
               16200        8.548400e-05        1.711339e-14
               16300        5.646400e-05        1.710619e-14
               16400        8.842500e-05        6.221341e-15
               16500        8.619300e-05        6.213769e-15
               16600        6.539900e-05        4.972808e-15
               16700        7.882800e-05        4.972767e-15
               16800        8.077600e-05        2.185658e-15
               16900        5.688300e-05        2.185654e-15
               17000        7.060400e-05        2.116108e-15
               17100        5.545700e-05        2.116051e-15
               17200        8.099800e-05        8.870050e-16
               17300        7.876700e-05        8.927425e-16
               17400        6.296000e-05        7.536405e-16
               17500        5.623000e-05        7.536581e-16
               17600        6.114700e-05        3.557073e-16
               17700        5.734800e-05        3.557072e-16
               17800        5.895100e-05        3.434272e-16
               17900        5.651500e-05        3.432317e-16
               18000        6.138800e-05        1.527045e-16
               18100        5.673700e-05        1.530097e-16
               18200        6.129200e-05        1.337081e-16
               18300        8.686000e-05        1.337089e-16
               18400        8.644400e-05        5.154286e-17
               18500        8.900800e-05        5.153913e-17
               18600        8.049600e-05        3.817703e-17
               18700        8.508700e-05        3.816017e-17
               18800        1.015080e-04        3.197958e-17
               18900        6.620500e-05        3.160461e-17
               19000        9.423200e-05        3.160461e-17
               19100        5.220400e-05        3.197958e-17
               19200        6.278600e-05        1.455384e-17
               19300        5.281300e-05        1.274410e-17
               19400        6.138900e-05        1.274318e-17
               19500        5.330300e-05        3.502106e-18
               19600        6.318800e-05        2.511250e-18
               19700        5.322600e-05        2.511609e-18
               19800        6.290400e-05        1.285802e-18
               19900        5.303100e-05        1.285821e-18
               20000        6.325600e-05        1.255704e-18
               20100        5.251000e-05        1.255773e-18
               20200        9.692300e-05        3.913880e-19
               20300        7.030500e-05        2.915310e-19
               20400        9.300800e-05        2.915405e-19
               20500        6.440100e-05        1.111074e-19
               20600        9.289600e-05        1.030837e-19
               20700        6.528400e-05        1.001960e-19
               20800        9.388700e-05        1.001976e-19
               20900        6.568100e-05        2.857094e-20
               21000        9.356800e-05        2.463408e-20
               21100        8.041000e-05        2.463385e-20
               21200        8.410700e-05        1.374516e-20
               21300        8.215000e-05        1.359317e-20
               21400        6.396000e-05        1.049938e-20
               21500        6.160400e-05        1.050050e-20
               21600        8.298100e-05        1.013895e-20
               21700        8.439700e-05        1.013895e-20
               21800        6.736800e-05        5.373469e-21
               21900        6.264100e-05        5.373469e-21
               22000        6.388600e-05        5.373469e-21
               22100        6.145000e-05        3.573415e-21
               22200        6.290700e-05        3.573415e-21
               22300        6.369600e-05        3.519084e-22
               22400        5.546800e-05        3.471824e-22
               22500        9.052200e-05        3.519084e-22
               22600        8.963500e-05        1.322484e-22
               22700        6.821000e-05        6.829534e-23
               22800        9.442000e-05        5.107256e-23
               22900        5.234000e-05        4.413751e-23
               23000        6.520400e-05        3.712328e-23
               23100        5.404500e-05        3.611924e-23
               23200        6.190700e-05        1.289689e-23
               23300        5.239100e-05        1.226713e-23
               23400        6.215600e-05        9.107018e-24
               23500        5.269100e-05        8.475847e-24
               23600        6.520400e-05        7.222717e-24
               23700        6.259900e-05        7.047678e-24
               23800        9.760500e-05        5.669345e-24
               23900        8.418000e-05        5.716527e-24
               24000        6.181600e-05        4.458791e-24
               24100        6.570800e-05        4.372293e-24
               24200        6.219300e-05        1.627675e-24
               24300        6.543300e-05        1.374653e-24
               24400        8.669600e-05        5.865014e-25
               24500        8.457700e-05        6.117709e-25
               24600        6.575400e-05        3.711837e-25
               24700        6.436100e-05        3.711837e-25
               24800        6.195200e-05        3.142245e-25
               24900        8.313100e-05        1.137820e-25
               25000        5.784500e-05        1.133385e-25
               25100        9.118000e-05        8.641190e-26
               25200        5.244400e-05        8.641048e-26
               25300        6.429200e-05        5.684663e-26
               25400        5.274600e-05        2.759567e-26
               25500        6.181400e-05        2.547960e-26
               25600        8.283500e-05        1.735430e-26
               25700        6.032200e-05        1.621395e-26
               25800        6.358500e-05        1.432269e-26
               25900        5.933500e-05        1.196438e-26
               26000        6.349600e-05        1.086867e-26
               26100        5.893400e-05        8.678609e-27
               26200        8.923600e-05        8.402261e-27
               26300        6.397600e-05        8.402261e-27
               26400        9.495300e-05        6.274886e-27
               26500        6.473700e-05        6.274886e-27
               26600        9.770700e-05        4.949527e-27
               26700        6.460300e-05        4.950513e-27
               26800        9.592800e-05        4.874239e-27
               26900        6.650700e-05        4.874239e-27
               27000        9.290500e-05        3.407762e-27
               27100        8.369400e-05        3.539677e-27
               27200        6.203400e-05        3.543424e-27
               27300        6.245800e-05        2.698102e-27
               27400        5.870400e-05        2.698102e-27
               27500        6.286600e-05        2.663224e-27
               27600        5.927300e-05        2.666527e-27
               27700        6.510100e-05        2.221612e-27
               27800        5.896700e-05        2.152405e-27
               27900        6.418600e-05        2.152405e-27
               28000        5.872000e-05        1.864206e-27
               28100        6.438000e-05        2.152405e-27
               28200        5.688800e-05        1.725352e-27
               28300        8.504000e-05        1.734521e-27
               28400        5.277200e-05        1.682978e-27
               28500        9.538500e-05        1.717651e-27
               28600        7.480000e-05        1.653737e-27
               28700        9.146000e-05        1.541672e-27
               28800        9.017800e-05        1.502719e-27
               28900        6.896000e-05        1.634117e-27
               29000        9.013500e-05        1.792969e-27
               29100        5.338300e-05        1.797704e-27
               29200        6.283600e-05        1.861726e-27
               29300        5.227500e-05        1.849270e-27
               29400        6.965100e-05        1.461922e-27
               29500        8.592600e-05        1.446194e-27
               29600        5.891500e-05        1.592954e-27
               29700        9.318300e-05        1.592954e-27
               29800        6.680500e-05        1.288967e-27
               29900        9.522000e-05        1.298516e-27
               30000        7.682000e-05        1.306148e-27
               30100        9.119400e-05        1.398690e-27
               30200        6.502300e-05        1.649396e-27
               30300        9.551400e-05        1.635406e-27
               30400        6.675700e-05        1.587596e-27
               30500        9.436900e-05        1.550560e-27
               30600        6.377100e-05        1.583391e-27
               30700        9.235900e-05        1.583391e-27
               30800        6.549600e-05        1.583391e-27
               30900        5.162800e-05        1.592599e-27
               31000        9.037500e-05        1.770602e-27
               31100        5.244100e-05        1.650264e-27
               31200        9.564100e-05        1.871419e-27
               31300        6.784000e-05        1.747382e-27
               31400        1.016020e-04        1.671500e-27
               31500        5.083900e-05        1.649894e-27
               31600        6.632400e-05        1.644698e-27
               31700        5.060100e-05        1.539918e-27
               31800        6.628400e-05        1.632580e-27
               31900        5.008300e-05        1.578643e-27
               32000        6.831500e-05        1.657682e-27
               32100        5.024000e-05        1.653852e-27
               32200        6.897500e-05        1.702888e-27
               32300        8.050000e-05        1.645503e-27
               32400        6.577800e-05        1.451166e-27
               32500        5.916700e-05        1.446969e-27
               32600        6.446800e-05        1.538332e-27
               32700        9.322900e-05        1.653310e-27
               32800        7.045100e-05        1.506214e-27
               32900        8.661500e-05        1.439100e-27
               33000        8.872500e-05        1.752052e-27
               33100        9.360200e-05        2.056928e-27
               33200        5.641700e-05        2.056928e-27
               33300        9.663200e-05        2.055310e-27
               33400        6.592600e-05        2.055310e-27
               33500        9.723300e-05        1.933919e-27
               33600        6.495200e-05        1.938824e-27
               33700        9.390200e-05        1.810901e-27
               33800        6.573700e-05        1.810901e-27
               33900        9.762500e-05        1.937729e-27
               34000        6.478400e-05        1.937729e-27
               34100        9.533900e-05        1.924181e-27
               34200        6.617200e-05        1.924181e-27
               34300        9.760000e-05        1.984601e-27
               34400        5.167000e-05        1.712846e-27
               34500        7.541300e-05        1.714719e-27
               34600        4.969900e-05        1.619625e-27
               34700        6.173600e-05        2.047641e-27
               34800        5.033800e-05        2.055828e-27
               34900        6.803500e-05        1.868218e-27
               35000        4.954000e-05        1.890425e-27
               35100        7.149500e-05        1.771358e-27
               35200        4.997600e-05        1.735384e-27
               35300        6.825200e-05        1.573989e-27
               35400        4.906200e-05        1.687414e-27
               35500        6.735100e-05        1.777070e-27
               35600        6.157000e-05        1.820239e-27
               35700        1.014410e-04        1.920794e-27
               35800        6.673400e-05        1.820718e-27
               35900        9.346400e-05        1.528182e-27
               36000        6.817400e-05        1.527383e-27
               36100        9.176600e-05        1.527383e-27
               36200        6.464100e-05        1.748839e-27
               36300        9.713600e-05        1.815615e-27
               36400        6.580200e-05        1.815615e-27
               36500        9.710200e-05        1.871958e-27
               36600        7.548400e-05        1.871958e-27
               36700        7.164200e-05        1.747790e-27
               36800        9.332300e-05        1.725538e-27
               36900        9.189900e-05        1.710272e-27
               37000        9.438200e-05        1.640540e-27
               37100        6.882200e-05        1.696162e-27
               37200        9.716400e-05        1.737689e-27
               37300        6.456200e-05        1.789167e-27
               37400        9.665000e-05        1.681699e-27
               37500        6.735900e-05        1.983250e-27
               37600        9.495600e-05        1.983250e-27
               37700        6.547700e-05        1.992025e-27
               37800        9.550800e-05        1.992025e-27
               37900        6.470000e-05        1.998098e-27
               38000        9.482800e-05        1.888286e-27
               38100        8.363300e-05        1.888286e-27
               38200        6.252900e-05        1.919628e-27
               38300        8.874100e-05        1.919628e-27
               38400        8.831000e-05        1.911011e-27
               38500        6.688900e-05        1.911011e-27
               38600        6.732300e-05        1.756220e-27
               38700        9.926100e-05        1.813225e-27
               38800        7.102500e-05        1.813225e-27
               38900        6.718300e-05        1.742530e-27
               39000        9.667700e-05        1.742530e-27
               39100        7.095900e-05        1.748811e-27
               39200        6.871100e-05        1.746444e-27
               39300        9.213800e-05        1.706707e-27
               39400        9.068100e-05        1.728477e-27
               39500        6.767300e-05        1.616390e-27
               39600        6.676300e-05        1.613875e-27
               39700        1.046970e-04        1.778609e-27
               39800        8.881100e-05        1.647305e-27
               39900        5.662100e-05        1.649475e-27
               40000        9.597400e-05        1.670144e-27
               40100        6.589000e-05        1.596576e-27
               40200        9.794300e-05        1.596576e-27
               40300        6.466300e-05        1.596576e-27
               40400        9.476400e-05        1.612338e-27
               40500        6.724000e-05        1.576452e-27
               40600        9.806400e-05        1.730045e-27
               40700        6.630800e-05        1.791998e-27
               40800        9.488400e-05        1.844511e-27
               40900        6.859600e-05        1.904876e-27
               41000        9.757500e-05        1.793853e-27
               41100        6.636700e-05        1.775888e-27
               41200        9.867700e-05        1.634936e-27
               41300        7.046300e-05        1.685070e-27
               41400        9.581400e-05        1.711646e-27
               41500        6.853500e-05        1.585511e-27
               41600        9.717800e-05        2.032008e-27
               41700        6.890000e-05        1.973624e-27
               41800        9.670900e-05        2.032008e-27
               41900        6.652500e-05        1.907759e-27
               42000        9.335400e-05        1.778599e-27
               42100        6.780900e-05        1.775512e-27
               42200        9.683800e-05        1.776301e-27
               42300        6.636700e-05        1.762573e-27
               42400        9.681800e-05        1.688898e-27
               42500        6.622400e-05        1.692645e-27
               42600        9.434700e-05        1.621741e-27
               42700        6.441200e-05        1.760692e-27
               42800        9.112000e-05        1.760692e-27
               42900        9.110000e-05        1.783991e-27
               43000        5.561400e-05        1.783991e-27
               43100        6.430600e-05        1.373902e-27
               43200        6.279000e-05        1.305116e-27
               43300        9.779600e-05        1.301911e-27
               43400        6.916600e-05        1.455228e-27
               43500        9.604500e-05        1.455228e-27
               43600        6.874200e-05        1.432741e-27
               43700        9.497600e-05        1.431952e-27
               43800        7.018100e-05        1.490270e-27
               43900        9.667400e-05        1.588027e-27
               44000        6.503500e-05        1.589407e-27
               44100        9.507200e-05        2.132827e-27
               44200        6.706600e-05        2.281082e-27
               44300        9.431800e-05        2.227599e-27
               44400        6.622700e-05        2.285056e-27
               44500        9.558000e-05        2.025367e-27
               44600        6.708700e-05        1.733885e-27
               44700        9.535100e-05        1.902574e-27
               44800        5.165200e-05        2.129802e-27
               44900        6.792300e-05        1.888461e-27
               45000        5.067800e-05        1.797300e-27
               45100        6.997300e-05        1.820054e-27
               45200        5.031900e-05        1.820054e-27
               45300        7.015600e-05        1.798375e-27
               45400        5.108500e-05        1.798967e-27
               45500        6.883000e-05        1.796265e-27
               45600        5.123600e-05        1.796265e-27
               45700        6.805800e-05        1.731041e-27
               45800        5.051400e-05        1.764013e-27
               45900        6.925600e-05        1.764013e-27
               46000        5.148000e-05        2.095647e-27
               46100        6.823500e-05        1.816439e-27
               46200        5.026500e-05        1.815897e-27
               46300        7.080900e-05        1.803681e-27
               46400        5.139500e-05        1.803681e-27
               46500        7.084500e-05        1.812891e-27
               46600        5.007000e-05        1.812891e-27
               46700        6.847800e-05        1.656551e-27
               46800        5.180300e-05        1.594665e-27
               46900        7.053100e-05        1.594665e-27
               47000        5.035400e-05        1.594665e-27
               47100        9.487200e-05        1.722856e-27
               47200        6.770600e-05        1.648571e-27
               47300        9.183000e-05        1.735887e-27
               47400        5.101000e-05        1.735887e-27
               47500        6.816100e-05        2.023471e-27
               47600        5.932300e-05        2.006243e-27
               47700        6.965600e-05        2.006243e-27
               47800        8.155900e-05        1.887030e-27
               47900        6.977400e-05        1.887030e-27
               48000        9.008600e-05        1.886626e-27
               48100        9.179200e-05        1.886626e-27
               48200        9.114900e-05        1.874113e-27
               48300        9.024500e-05        1.969409e-27
               48400        9.075100e-05        1.969409e-27
               48500        9.293800e-05        1.948382e-27
               48600        9.051900e-05        1.948382e-27
               48700        8.912500e-05        1.942688e-27
               48800        9.205900e-05        1.942688e-27
               48900        9.164500e-05        1.663540e-27
               49000        9.132200e-05        1.636535e-27
               49100        7.256200e-05        1.636535e-27
               49200        6.062500e-05        1.772734e-27
               49300        6.657200e-05        1.745179e-27
               49400        6.305100e-05        1.779048e-27
               49500        6.453700e-05        1.895037e-27
               49600        7.739200e-05        1.656608e-27
               49700        6.603300e-05        1.721243e-27
               49800        5.929000e-05        1.725092e-27
               49900        6.507000e-05        1.642565e-27
               50000        6.046900e-05        1.647549e-27
               50100        6.310600e-05        1.818608e-27
               50200        8.969500e-05        1.897143e-27
               50300        8.724300e-05        1.722352e-27
               50400        8.872600e-05        1.524277e-27
               50500        8.760200e-05        1.788744e-27
               50600        8.713000e-05        1.915226e-27
               50700        8.917600e-05        1.764532e-27
               50800        9.036600e-05        1.798810e-27
               50900        9.430400e-05        1.800191e-27
               51000        8.958700e-05        1.739707e-27
               51100        6.851200e-05        1.494448e-27
               51200        6.594700e-05        1.494448e-27
               51300        9.416600e-05        1.568338e-27
               51400        8.885000e-05        1.385673e-27
               51500        9.082700e-05        1.385673e-27
               51600        8.752800e-05        1.388518e-27
               51700        9.001700e-05        1.388518e-27
               51800        6.666900e-05        1.603850e-27
               51900        8.303100e-05        1.602273e-27
               52000        6.968400e-05        1.602273e-27
               52100        8.252100e-05        1.643683e-27
               52200        9.454700e-05        1.643683e-27
               52300        9.219600e-05        1.657210e-27
               52400        6.827300e-05        1.657210e-27
               52500        6.407500e-05        1.676092e-27
               52600        6.745500e-05        1.682329e-27
               52700        6.180600e-05        1.792343e-27
               52800        8.716500e-05        1.792688e-27
               52900        5.094200e-05        1.800430e-27
               53000        7.449800e-05        1.800430e-27
               53100        6.137800e-05        1.780678e-27
               53200        1.037760e-04        1.780678e-27
               53300        6.874300e-05        2.159648e-27
               53400        9.670000e-05        2.092259e-27
               53500        6.703200e-05        2.088931e-27
               53600        9.557000e-05        1.776640e-27
               53700        6.623500e-05        1.776640e-27
               53800        9.612300e-05        1.803718e-27
               53900        7.038300e-05        1.802732e-27
               54000        9.212700e-05        1.755894e-27
               54100        6.913200e-05        1.714809e-27
               54200        9.581800e-05        1.714809e-27
               54300        6.631700e-05        1.650477e-27
               54400        9.167100e-05        1.650477e-27
               54500        6.487700e-05        1.660658e-27
               54600        9.683100e-05        1.660658e-27
               54700        6.384500e-05        1.816411e-27
               54800        9.401700e-05        1.908485e-27
               54900        5.012700e-05        1.905330e-27
               55000        6.533500e-05        2.145045e-27
               55100        6.004800e-05        2.145045e-27
               55200        7.214700e-05        2.125315e-27
               55300        5.063700e-05        1.871482e-27
               55400        6.732400e-05        1.961826e-27
               55500        5.241200e-05        1.962751e-27
               55600        7.275400e-05        1.745988e-27
               55700        5.176900e-05        1.745988e-27
               55800        7.007900e-05        1.745988e-27
               55900        6.249700e-05        1.726037e-27
               56000        9.245900e-05        1.737783e-27
               56100        6.708900e-05        1.845590e-27
               56200        9.562000e-05        1.898038e-27
               56300        6.334500e-05        1.898038e-27
               56400        9.843800e-05        1.729324e-27
               56500        6.346100e-05        1.724461e-27
               56600        9.342400e-05        1.724461e-27
               56700        6.495200e-05        1.800965e-27
               56800        9.614000e-05        1.800965e-27
               56900        6.548600e-05        1.861165e-27
               57000        9.743200e-05        1.859784e-27
               57100        6.623900e-05        1.812589e-27
               57200        9.196300e-05        1.859675e-27
               57300        6.780400e-05        1.859675e-27
               57400        9.212000e-05        1.911081e-27
               57500        7.965600e-05        1.911081e-27
               57600        5.188000e-05        1.909956e-27
               57700        8.483500e-05        1.909956e-27
               57800        5.185800e-05        1.990250e-27
               57900        6.444300e-05        1.864975e-27
               58000        5.486100e-05        1.865123e-27
               58100        9.510800e-05        1.653014e-27
               58200        6.559300e-05        1.653014e-27
               58300        9.475200e-05        1.693685e-27
               58400        8.268200e-05        1.693685e-27
               58500        9.409300e-05        1.797587e-27
               58600        6.864800e-05        1.766722e-27
               58700        8.874800e-05        1.769200e-27
               58800        8.789100e-05        1.823596e-27
               58900        6.380000e-05        1.717660e-27
               59000        6.566600e-05        1.536813e-27
               59100        6.450000e-05        1.534911e-27
               59200        9.424700e-05        1.657926e-27
               59300        6.721400e-05        1.623481e-27
               59400        9.527000e-05        1.599765e-27
               59500        5.774800e-05        1.641306e-27
               59600        9.699100e-05        1.732810e-27
               59700        6.490200e-05        1.842830e-27
               59800        9.760700e-05        1.817219e-27
               59900        6.497600e-05        1.658530e-27
               60000        9.618500e-05        1.701871e-27
               60100        6.770300e-05        1.526447e-27
               60200        9.587400e-05        1.559523e-27
               60300        6.439300e-05        1.722543e-27
               60400        9.495200e-05        1.817869e-27
               60500        6.463400e-05        1.919093e-27
               60600        9.020800e-05        1.785490e-27
               60700        7.845300e-05        1.765815e-27
               60800        9.120400e-05        1.684288e-27
               60900        9.541700e-05        1.690435e-27
               61000        5.866700e-05        1.759274e-27
               61100        9.224800e-05        1.630094e-27
               61200        6.367000e-05        1.629502e-27
               61300        1.047150e-04        1.673832e-27
               61400        6.683600e-05        1.666557e-27
               61500        9.669800e-05        1.695464e-27
               61600        6.443400e-05        1.695957e-27
               61700        1.190020e-04        1.666557e-27
               61800        9.551900e-05        1.542287e-27
               61900        6.659000e-05        1.539547e-27
               62000        9.900000e-05        1.629971e-27
               62100        6.642100e-05        1.656973e-27
               62200        9.899800e-05        1.617148e-27
               62300        6.682100e-05        1.727443e-27
               62400        9.994300e-05        2.111686e-27
               62500        9.658800e-05        1.877799e-27
               62600        5.583300e-05        1.816650e-27
               62700        8.510900e-05        2.088955e-27
               62800        8.830400e-05        2.007565e-27
               62900        7.263900e-05        1.964488e-27
               63000        6.110700e-05        1.942756e-27
               63100        5.957700e-05        2.300916e-27
               63200        6.147200e-05        2.236687e-27
               63300        5.730500e-05        2.237189e-27
               63400        8.989900e-05        2.015103e-27
               63500        6.656900e-05        2.055881e-27
               63600        9.217300e-05        2.151571e-27
               63700        6.604800e-05        2.144034e-27
               63800        9.943000e-05        1.694950e-27
               63900        5.155900e-05        1.757104e-27
               64000        6.103600e-05        1.756633e-27
               64100        1.212650e-04        1.771429e-27
               64200        5.909600e-05        1.619146e-27
               64300        9.793300e-05        1.655671e-27
               64400        6.760200e-05        1.761015e-27
               64500        9.444100e-05        1.675111e-27
               64600        5.306900e-05        1.684003e-27
               64700        6.682700e-05        1.687118e-27
               64800        5.428900e-05        1.676829e-27
               64900        6.450300e-05        1.536674e-27
               65000        5.458100e-05        1.516197e-27
               65100        6.690700e-05        1.615200e-27
               65200        9.474800e-05        1.673243e-27
               65300        6.538000e-05        1.441684e-27
               65400        9.694700e-05        1.627560e-27
               65500        7.297300e-05        1.694083e-27
               65600        1.008160e-04        1.741569e-27
               65700        6.524800e-05        1.954113e-27
               65800        9.838100e-05        1.846917e-27
               65900        6.411200e-05        1.804699e-27
               66000        1.015780e-04        1.804699e-27
               66100        6.730800e-05        1.870634e-27
               66200        9.254500e-05        1.756340e-27
               66300        8.581900e-05        1.756340e-27
               66400        6.163300e-05        1.863099e-27
               66500        9.236600e-05        1.756340e-27
               66600        6.194300e-05        1.863099e-27
               66700        9.022200e-05        1.802468e-27
               66800        8.635400e-05        1.863099e-27
               66900        6.256200e-05        1.661881e-27
               67000        8.124800e-05        1.605090e-27
               67100        8.673700e-05        1.682007e-27
               67200        8.689200e-05        1.661343e-27
               67300        1.138100e-04        1.601857e-27
               67400        5.598800e-05        1.586022e-27
               67500        9.311000e-05        1.581835e-27
               67600        6.361100e-05        1.487789e-27
               67700        9.691200e-05        1.487789e-27
               67800        6.273300e-05        1.481077e-27
               67900        9.395000e-05        1.442799e-27
               68000        5.687800e-05        1.442799e-27
               68100        9.527200e-05        1.468579e-27
               68200        6.314900e-05        1.468579e-27
               68300        1.027580e-04        1.693693e-27
               68400        6.729000e-05        1.711436e-27
               68500        9.831400e-05        1.561286e-27
               68600        6.799000e-05        1.560497e-27
               68700        9.991100e-05        1.619017e-27
               68800        6.985100e-05        1.619017e-27
               68900        9.724900e-05        1.627009e-27
               69000        6.636000e-05        1.627012e-27
               69100        9.413600e-05        1.760742e-27
               69200        8.837300e-05        1.756600e-27
               69300        9.073200e-05        1.587415e-27
               69400        6.877500e-05        1.589732e-27
               69500        9.128800e-05        1.596089e-27
               69600        6.404300e-05        1.596089e-27
               69700        9.635600e-05        1.576245e-27
               69800        6.595900e-05        1.575801e-27
               69900        9.111900e-05        1.876992e-27
               70000        6.656700e-05        1.872358e-27
               70100        9.591500e-05        2.023752e-27
               70200        6.481100e-05        2.023752e-27
               70300        9.182700e-05        1.909874e-27
               70400        6.961300e-05        1.909874e-27
               70500        9.757100e-05        1.922769e-27
               70600        6.197100e-05        1.922769e-27
               70700        9.364200e-05        2.073340e-27
               70800        6.117100e-05        2.063010e-27
               70900        5.802300e-05        2.131961e-27
               71000        6.387000e-05        2.131961e-27
               71100        8.869200e-05        1.815059e-27
               71200        6.731000e-05        1.780381e-27
               71300        8.661900e-05        1.859821e-27
               71400        7.229100e-05        1.837524e-27
               71500        7.900300e-05        1.684404e-27
               71600        5.783100e-05        1.778816e-27
               71700        5.926800e-05        1.852613e-27
               71800        5.859600e-05        1.943120e-27
               71900        5.997600e-05        2.014878e-27
               72000        5.856600e-05        2.014878e-27
               72100        4.940100e-05        1.870077e-27
               72200        8.727800e-05        1.870077e-27
               72300        8.353400e-05        1.869139e-27
               72400        6.184600e-05        1.869286e-27
               72500        7.904100e-05        1.634434e-27
               72600        5.610600e-05        1.634434e-27
               72700        8.350600e-05        1.637668e-27
               72800        5.863600e-05        1.637668e-27
               72900        7.865900e-05        1.722235e-27
               73000        5.973900e-05        1.730419e-27
               73100        5.874600e-05        1.786442e-27
               73200        6.406100e-05        1.786442e-27
               73300        5.912500e-05        1.943813e-27
               73400        4.946200e-05        1.943813e-27
               73500        8.544000e-05        1.953720e-27
               73600        5.609000e-05        1.953720e-27
               73700        4.831100e-05        2.074616e-27
               73800        8.963400e-05        2.070466e-27
               73900        5.569600e-05        2.087654e-27
               74000        6.140000e-05        2.087654e-27
               74100        5.663600e-05        1.565426e-27
               74200        8.483800e-05        1.565426e-27
               74300        5.823300e-05        1.554997e-27
               74400        8.041000e-05        1.553616e-27
               74500        5.999200e-05        1.542660e-27
               74600        4.985100e-05        1.544102e-27
               74700        9.085100e-05        1.523725e-27
               74800        8.511300e-05        1.523725e-27
               74900        6.041000e-05        1.511019e-27
               75000        7.908900e-05        1.511019e-27
               75100        6.076000e-05        1.511019e-27
               75200        5.869700e-05        1.524834e-27
               75300        6.146800e-05        1.452050e-27
               75400        5.892500e-05        1.525391e-27
               75500        6.078600e-05        1.495156e-27
               75600        4.886900e-05        1.569899e-27
               75700        8.436300e-05        2.136595e-27
               75800        8.511900e-05        2.135646e-27
               75900        8.498200e-05        2.318602e-27
               76000        8.443600e-05        2.318602e-27
               76100        8.386700e-05        2.310997e-27
               76200        8.458800e-05        2.310800e-27
               76300        9.634800e-05        1.969540e-27
               76400        8.556100e-05        1.968274e-27
               76500        8.525800e-05        2.025779e-27
               76600        8.558800e-05        2.027406e-27
               76700        8.531300e-05        2.185929e-27
               76800        8.514000e-05        2.185929e-27
               76900        8.465200e-05        2.185929e-27
               77000        8.400000e-05        2.166398e-27
               77100        8.564200e-05        2.166398e-27
               77200        8.401000e-05        2.166398e-27
               77300        8.427100e-05        1.895812e-27
               77400        8.386500e-05        1.962931e-27
               77500        8.426700e-05        1.962931e-27
               77600        8.572500e-05        1.728361e-27
               77700        8.514900e-05        1.768681e-27
               77800        8.458000e-05        1.768681e-27
               77900        8.489400e-05        1.618839e-27
               78000        8.419300e-05        1.631942e-27
               78100        8.484500e-05        1.632533e-27
               78200        8.486800e-05        1.644864e-27
               78300        8.449700e-05        1.627596e-27
               78400        8.488600e-05        1.865790e-27
               78500        7.970900e-05        1.865790e-27
               78600        8.722500e-05        1.822275e-27
               78700        8.464200e-05        1.822275e-27
               78800        8.505900e-05        1.801371e-27
               78900        8.520200e-05        1.801371e-27
               79000        8.555300e-05        1.504376e-27
               79100        8.537200e-05        1.511102e-27
               79200        8.436900e-05        1.627049e-27
               79300        8.487100e-05        1.627049e-27
               79400        8.460800e-05        1.783931e-27
               79500        8.455600e-05        1.783931e-27
               79600        8.578500e-05        1.798945e-27
               79700        8.448900e-05        1.798945e-27
               79800        8.468500e-05        1.871390e-27
               79900        8.460700e-05        1.873670e-27
               80000        8.539400e-05        1.972308e-27
               80100        8.492900e-05        1.972505e-27
               80200        8.476900e-05        1.972505e-27
               80300        8.482000e-05        1.972505e-27
               80400        8.578100e-05        1.972505e-27
               80500        8.546100e-05        1.790392e-27
               80600        8.459500e-05        1.564110e-27
               80700        8.332300e-05        1.671426e-27
               80800        8.478800e-05        1.670637e-27
               80900        8.460200e-05        1.758466e-27
               81000        8.508700e-05        1.762989e-27
               81100        8.378400e-05        1.768669e-27
               81200        8.522000e-05        1.765058e-27
               81300        7.889700e-05        1.963563e-27
               81400        8.002600e-05        1.963563e-27
               81500        8.389200e-05        1.989126e-27
               81600        8.297500e-05        1.989133e-27
               81700        8.462100e-05        1.792067e-27
               81800        8.438400e-05        1.799118e-27
               81900        8.513100e-05        1.987137e-27
               82000        8.548400e-05        1.987137e-27
               82100        8.406500e-05        2.120689e-27
               82200        8.531300e-05        2.120689e-27
               82300        8.403800e-05        2.138207e-27
               82400        8.422100e-05        2.138204e-27
               82500        8.354400e-05        1.900409e-27
               82600        8.393000e-05        1.903465e-27
               82700        7.841800e-05        1.763986e-27
               82800        7.907600e-05        1.760819e-27
               82900        7.916800e-05        1.710198e-27
               83000        8.056500e-05        1.710198e-27
               83100        7.967300e-05        1.703372e-27
               83200        8.078500e-05        1.703372e-27
               83300        9.839500e-05        1.703372e-27
               83400        8.437300e-05        1.484194e-27
               83500        8.502800e-05        1.564417e-27
               83600        8.365800e-05        1.532744e-27
               83700        8.611200e-05        1.801879e-27
               83800        8.476900e-05        1.856814e-27
               83900        8.369600e-05        1.953504e-27
               84000        8.452900e-05        1.960649e-27
               84100        8.506900e-05        1.960649e-27
               84200        8.467300e-05        1.698366e-27
               84300        8.417900e-05        1.799310e-27
               84400        8.436200e-05        1.799310e-27
               84500        8.434000e-05        1.773126e-27
               84600        8.468400e-05        1.773311e-27
               84700        8.263500e-05        1.883381e-27
               84800        8.425200e-05        1.873963e-27
               84900        8.427300e-05        1.816707e-27
               85000        8.420200e-05        1.815327e-27
               85100        8.390200e-05        1.723444e-27
               85200        8.507300e-05        1.966846e-27
               85300        8.448200e-05        1.937076e-27
               85400        9.461900e-05        1.745154e-27
               85500        9.826300e-05        1.832833e-27
               85600        9.858500e-05        1.831256e-27
               85700        8.492600e-05        1.939149e-27
               85800        8.584800e-05        1.950410e-27
               85900        8.437800e-05        1.904592e-27
               86000        8.408400e-05        1.904592e-27
               86100        8.363600e-05        1.953477e-27
               86200        8.450200e-05        1.953477e-27
               86300        8.329300e-05        1.670797e-27
               86400        8.342600e-05        1.645392e-27
               86500        8.380000e-05        1.601429e-27
               86600        8.464700e-05        1.570616e-27
               86700        8.377500e-05        1.922310e-27
               86800        8.531100e-05        1.750777e-27
               86900        8.461300e-05        1.750777e-27
               87000        8.529000e-05        1.739458e-27
               87100        8.510000e-05        1.738669e-27
               87200        8.429900e-05        1.550490e-27
               87300        8.456400e-05        1.561882e-27
               87400        8.379500e-05        1.562849e-27
               87500        8.481700e-05        1.562849e-27
               87600        8.460800e-05        1.346003e-27
               87700        8.449700e-05        1.346003e-27
               87800        8.309300e-05        1.379383e-27
               87900        8.423800e-05        1.665595e-27
               88000        8.392800e-05        1.673832e-27
               88100        8.451500e-05        1.618466e-27
               88200        8.460600e-05        1.620586e-27
               88300        8.501000e-05        1.637429e-27
               88400        8.586200e-05        2.055008e-27
               88500        8.371400e-05        2.055008e-27
               88600        8.413900e-05        2.215643e-27
               88700        8.416800e-05        2.215643e-27
               88800        8.435800e-05        2.221918e-27
               88900        8.394100e-05        2.221918e-27
               89000        8.341600e-05        2.227734e-27
               89100        8.412100e-05        2.228526e-27
               89200        8.499700e-05        2.156469e-27
               89300        8.489000e-05        2.156469e-27
               89400        8.410200e-05        2.156469e-27
               89500        8.464700e-05        2.308332e-27
               89600        8.239100e-05        2.307223e-27
               89700        8.451000e-05        2.090253e-27
               89800        8.464200e-05        2.090253e-27
               89900        8.423200e-05        2.104970e-27
               90000        8.560800e-05        2.168164e-27
               90100        8.384100e-05        2.023734e-27
               90200        8.432300e-05        2.078499e-27
               90300        8.395100e-05        1.895490e-27
               90400        8.501600e-05        1.895415e-27
               90500        8.476300e-05        1.690116e-27
               90600        7.882500e-05        1.717593e-27
               90700        7.972600e-05        1.658052e-27
               90800        8.528300e-05        1.658052e-27
               90900        8.485300e-05        1.689857e-27
               91000        8.527900e-05        1.689857e-27
               91100        8.464700e-05        1.836691e-27
               91200        8.471700e-05        1.766147e-27
               91300        8.451200e-05        1.765161e-27
               91400        8.473200e-05        1.787359e-27
               91500        8.485300e-05        1.776523e-27
               91600        8.397700e-05        1.630036e-27
               91700        8.540600e-05        1.629774e-27
               91800        8.444000e-05        1.443167e-27
               91900        8.557200e-05        1.443167e-27
               92000        8.438100e-05        1.416038e-27
               92100        8.683700e-05        1.416038e-27
               92200        9.215200e-05        1.418030e-27
               92300        8.439200e-05        1.427003e-27
               92400        8.535500e-05        1.431996e-27
               92500        8.472900e-05        1.431996e-27
               92600        8.518200e-05        1.431962e-27
               92700        8.372600e-05        1.431962e-27
               92800        8.444200e-05        1.454310e-27
               92900        8.447900e-05        1.454310e-27
               93000        8.452900e-05        1.362308e-27
               93100        8.330000e-05        1.360632e-27
               93200        8.492000e-05        1.420567e-27
               93300        8.372800e-05        1.420567e-27
               93400        8.537500e-05        1.361146e-27
               93500        8.440300e-05        1.364868e-27
               93600        8.427300e-05        1.629911e-27
               93700        7.953900e-05        1.641212e-27
               93800        8.028200e-05        1.526607e-27
               93900        8.435200e-05        1.526607e-27
               94000        8.530000e-05        1.451258e-27
               94100        8.418600e-05        1.451258e-27
               94200        8.462100e-05        1.452899e-27
               94300        8.393000e-05        1.452899e-27
               94400        8.454900e-05        1.458410e-27
               94500        8.598300e-05        1.456388e-27
               94600        8.532200e-05        1.670597e-27
               94700        8.422300e-05        1.664992e-27
               94800        8.437000e-05        1.683928e-27
               94900        8.541700e-05        1.683928e-27
               95000        8.425100e-05        1.628219e-27
               95100        8.521100e-05        1.630055e-27
               95200        8.375300e-05        1.637405e-27
               95300        8.490200e-05        1.634989e-27
               95400        8.378600e-05        1.522062e-27
               95500        8.556300e-05        1.519190e-27
               95600        8.478200e-05        1.529931e-27
               95700        7.957100e-05        1.529931e-27
               95800        7.981200e-05        1.670643e-27
               95900        8.429700e-05        1.670643e-27
               96000        8.072100e-05        1.683649e-27
               96100        7.876400e-05        1.683649e-27
               96200        7.958600e-05        1.637391e-27
               96300        7.923800e-05        1.631805e-27
               96400        8.086700e-05        1.668546e-27
               96500        7.968600e-05        1.671258e-27
               96600        8.053900e-05        1.578005e-27
               96700        7.989900e-05        1.661130e-27
               96800        8.078600e-05        1.834917e-27
               96900        7.992700e-05        1.820763e-27
               97000        8.056400e-05        1.648619e-27
               97100        8.048600e-05        1.680701e-27
               97200        8.007600e-05        1.719759e-27
               97300        8.102200e-05        1.721444e-27
               97400        8.817200e-05        1.625254e-27
               97500        8.075200e-05        1.593402e-27
               97600        8.114300e-05        1.767762e-27
               97700        8.029900e-05        1.533685e-27
               97800        7.957000e-05        1.666857e-27
               97900        7.904300e-05        1.511760e-27
               98000        7.970000e-05        1.511760e-27
               98100        7.988100e-05        1.511760e-27
               98200        8.047600e-05        1.665516e-27
               98300        7.975400e-05        1.518138e-27
               98400        7.912200e-05        1.652887e-27
               98500        7.968200e-05        1.649029e-27
               98600        7.968800e-05        1.722468e-27
               98700        8.045000e-05        1.925386e-27
               98800        8.079900e-05        2.110732e-27
               98900        7.952500e-05        2.080983e-27
               99000        7.936100e-05        1.831714e-27
               99100        8.092500e-05        2.134747e-27
               99200        8.055300e-05        2.134747e-27
               99300        8.020900e-05        2.111185e-27
               99400        8.026300e-05        2.122312e-27
               99500        7.619800e-05        1.836016e-27
               99600        4.586200e-05        1.836016e-27
               99700        4.689700e-05        1.897800e-27
               99800        4.657800e-05        1.898589e-27
               99900        4.528400e-05        2.109469e-27
              100000        4.621700e-05        2.232936e-27
