Period: 100
               Epoch           Time cost                Loss
                 100        1.055100e-04        6.243043e+03
                 200        6.748500e-05        3.956498e+03
                 300        7.584500e-05        3.348086e+03
                 400        7.784800e-05        3.028307e+03
                 500        5.886400e-05        2.792110e+03
                 600        5.939100e-05        2.712301e+03
                 700        5.951200e-05        2.665494e+03
                 800        5.959500e-05        2.645340e+03
                 900        5.944100e-05        2.621585e+03
                1000        5.895600e-05        2.608912e+03
                1100        5.942700e-05        2.606466e+03
                1200        5.972900e-05        2.604949e+03
                1300        6.754600e-05        2.603203e+03
                1400        4.876200e-05        2.603269e+03
                1500        9.325700e-05        2.605566e+03
                1600        6.010200e-05        2.570654e+03
                1700        1.062800e-04        2.570653e+03
                1800        8.736100e-05        0.000000e+00
                1900        9.415400e-05        2.570654e+03
                2000        1.013450e-04        0.000000e+00
                2100        9.823800e-05        1.040158e+03
                2200        8.857900e-05        4.284944e+02
                2300        7.961400e-05        4.284809e+02
                2400        6.905200e-05        4.284809e+02
                2500        7.521700e-05        4.284809e+02
                2600        6.398300e-05        2.966979e+02
                2700        6.000200e-05        2.113136e+02
                2800        8.013400e-05        1.851325e+02
                2900        6.164400e-05        1.768881e+02
                3000        6.262200e-05        1.743713e+02
                3100        6.305300e-05        1.747159e+02
                3200        6.371500e-05        1.730955e+02
                3300        6.689300e-05        1.725785e+02
                3400        7.769800e-05        1.724991e+02
                3500        8.085900e-05        1.723990e+02
                3600        6.820900e-05        1.724119e+02
                3700        6.578100e-05        1.615147e+02
                3800        6.632500e-05        1.615147e+02
                3900        6.585900e-05        6.532107e+01
                4000        6.631200e-05        6.531564e+01
                4100        6.570900e-05        6.531599e+01
                4200        8.901200e-05        4.559563e+01
                4300        6.679900e-05        4.559570e+01
                4400        7.194500e-05        3.088961e+01
                4500        6.685800e-05        3.089378e+01
                4600        6.778600e-05        2.885360e+01
                4700        5.085000e-05        2.885354e+01
                4800        9.127400e-05        2.666690e+01
                4900        7.380000e-05        2.666690e+01
                5000        7.197800e-05        2.467754e+01
                5100        6.848600e-05        2.467756e+01
                5200        5.049800e-05        2.314301e+01
                5300        8.607700e-05        2.314271e+01
                5400        7.138400e-05        2.314301e+01
                5500        4.957700e-05        2.314271e+01
                5600        9.203200e-05        2.308274e+01
                5700        6.667900e-05        1.321041e+01
                5800        6.524900e-05        1.053813e+01
                5900        7.085400e-05        7.990054e+00
                6000        6.402400e-05        6.685934e+00
                6100        6.808700e-05        6.685934e+00
                6200        6.666700e-05        6.439826e+00
                6300        5.832500e-05        6.439874e+00
                6400        8.643700e-05        3.646565e+00
                6500        6.860200e-05        3.018736e+00
                6600        6.760600e-05        2.347031e+00
                6700        8.609800e-05        2.203868e+00
                6800        5.095500e-05        2.203634e+00
                6900        8.863900e-05        1.013577e+00
                7000        6.154300e-05        8.757443e-01
                7100        8.798800e-05        8.757573e-01
                7200        7.172300e-05        5.105492e-01
                7300        6.599400e-05        4.518469e-01
                7400        6.685000e-05        4.184167e-01
                7500        6.725100e-05        3.261311e-01
                7600        6.520300e-05        2.831421e-01
                7700        6.040700e-05        2.378393e-01
                7800        8.951600e-05        2.378393e-01
                7900        6.707200e-05        1.977067e-01
                8000        7.095300e-05        1.977069e-01
                8100        7.159100e-05        1.191293e-01
                8200        6.665600e-05        1.008404e-01
                8300        8.782700e-05        8.676933e-02
                8400        7.072100e-05        7.477772e-02
                8500        9.059000e-05        7.477579e-02
                8600        6.653600e-05        6.853520e-02
                8700        6.424900e-05        4.597065e-02
                8800        7.298900e-05        4.597200e-02
                8900        8.774000e-05        2.593797e-02
                9000        7.563100e-05        2.146392e-02
                9100        6.751500e-05        1.811880e-02
                9200        6.750600e-05        1.525487e-02
                9300        7.530600e-05        1.412422e-02
                9400        8.718500e-05        1.412420e-02
                9500        6.947000e-05        1.233638e-02
                9600        6.779000e-05        1.233679e-02
                9700        9.411100e-05        7.746938e-03
                9800        5.265100e-05        7.141660e-03
                9900        8.887200e-05        6.384667e-03
               10000        8.945800e-05        5.121644e-03
               10100        8.741200e-05        5.109370e-03
               10200        5.235200e-05        5.108624e-03
               10300        8.676000e-05        2.343355e-03
               10400        6.752100e-05        2.340248e-03
               10500        6.973300e-05        8.792592e-04
               10600        6.611500e-05        8.049134e-04
               10700        5.303600e-05        7.573809e-04
               10800        9.003300e-05        7.471771e-04
               10900        5.126200e-05        4.139500e-04
               11000        8.719400e-05        3.484806e-04
               11100        8.718600e-05        3.331316e-04
               11200        6.590900e-05        3.321466e-04
               11300        5.099800e-05        2.217436e-04
               11400        9.376800e-05        1.831766e-04
               11500        7.049900e-05        1.491558e-04
               11600        8.416500e-05        1.469289e-04
               11700        8.447600e-05        8.131362e-05
               11800        6.873000e-05        5.946584e-05
               11900        6.747100e-05        5.946705e-05
               12000        6.834200e-05        5.946705e-05
               12100        5.236300e-05        3.303068e-05
               12200        8.840500e-05        1.815412e-05
               12300        6.660400e-05        1.779146e-05
               12400        6.942400e-05        1.779242e-05
               12500        6.510900e-05        1.063069e-05
               12600        8.401100e-05        1.015599e-05
               12700        8.808300e-05        8.237530e-06
               12800        6.750900e-05        8.237530e-06
               12900        6.547400e-05        7.779476e-06
               13000        8.354400e-05        7.780241e-06
               13100        7.329800e-05        6.879437e-06
               13200        6.691300e-05        3.916151e-06
               13300        6.773700e-05        3.916096e-06
               13400        8.616800e-05        3.916151e-06
               13500        5.067700e-05        1.027542e-06
               13600        8.710800e-05        1.027486e-06
               13700        5.146400e-05        8.495667e-07
               13800        9.218500e-05        8.495948e-07
               13900        8.420600e-05        4.019731e-07
               14000        8.951500e-05        4.019731e-07
               14100        8.404500e-05        4.019807e-07
               14200        5.218000e-05        3.541460e-07
               14300        8.771000e-05        1.954742e-07
               14400        7.352100e-05        1.954768e-07
               14500        5.161100e-05        1.499398e-07
               14600        8.530600e-05        1.095835e-07
               14700        6.916600e-05        8.793063e-08
               14800        6.963800e-05        8.793129e-08
               14900        6.680300e-05        5.273633e-08
               15000        6.887900e-05        4.678534e-08
               15100        6.462300e-05        4.531039e-08
               15200        6.819200e-05        1.738234e-08
               15300        5.271700e-05        1.270095e-08
               15400        8.754300e-05        1.133515e-08
               15500        7.633000e-05        1.061880e-08
               15600        5.330500e-05        9.583523e-09
               15700        9.116500e-05        8.669119e-09
               15800        7.075900e-05        7.096021e-09
               15900        5.382700e-05        7.051376e-09
               16000        9.140500e-05        3.514220e-09
               16100        6.943500e-05        3.514114e-09
               16200        8.860600e-05        2.929889e-09
               16300        7.171200e-05        2.205979e-09
               16400        6.772700e-05        2.206035e-09
               16500        5.205400e-05        2.205979e-09
               16600        9.318500e-05        2.205979e-09
               16700        7.611800e-05        1.052531e-09
               16800        7.102200e-05        2.205979e-09
               16900        7.113500e-05        6.860704e-10
               17000        6.607200e-05        3.159461e-10
               17100        6.498100e-05        2.479361e-10
               17200        6.904500e-05        2.488056e-10
               17300        4.977500e-05        1.504493e-10
               17400        8.673100e-05        1.504493e-10
               17500        6.725200e-05        1.133015e-10
               17600        8.094100e-05        1.134056e-10
               17700        8.385000e-05        7.102010e-11
               17800        6.373100e-05        4.455261e-11
               17900        7.752700e-05        3.593164e-11
               18000        8.278400e-05        3.189824e-11
               18100        5.114200e-05        2.834936e-11
               18200        8.343400e-05        2.662052e-11
               18300        6.610200e-05        2.662052e-11
               18400        6.640000e-05        1.969976e-11
               18500        8.412400e-05        1.969097e-11
               18600        6.943000e-05        1.196660e-11
               18700        7.713800e-05        1.196703e-11
               18800        9.101600e-05        9.510416e-12
               18900        7.015200e-05        9.509182e-12
               19000        7.292200e-05        6.965808e-12
               19100        6.788700e-05        6.965808e-12
               19200        6.659700e-05        6.544307e-12
               19300        6.886000e-05        6.544413e-12
               19400        8.330100e-05        5.012482e-12
               19500        6.901500e-05        4.975706e-12
               19600        6.804200e-05        2.362294e-12
               19700        6.378800e-05        2.065703e-12
               19800        9.097600e-05        1.878937e-12
               19900        6.977100e-05        1.877498e-12
               20000        6.816600e-05        1.178652e-12
               20100        5.264100e-05        1.057589e-12
               20200        8.787700e-05        9.824721e-13
               20300        6.797500e-05        8.661492e-13
               20400        8.587900e-05        8.090500e-13
               20500        9.386500e-05        7.567481e-13
               20600        6.229100e-05        7.221797e-13
               20700        9.257600e-05        7.221716e-13
               20800        5.233100e-05        5.289956e-13
               20900        8.790900e-05        5.232155e-13
               21000        8.192900e-05        2.836560e-13
               21100        8.599200e-05        1.397263e-13
               21200        6.744500e-05        1.367075e-13
               21300        8.461400e-05        1.397263e-13
               21400        1.015920e-04        8.744131e-14
               21500        8.735300e-05        7.990762e-14
               21600        7.362100e-05        5.765732e-14
               21700        6.248300e-05        5.765706e-14
               21800        9.142700e-05        2.826811e-14
               21900        7.092700e-05        2.419552e-14
               22000        7.025600e-05        2.187423e-14
               22100        8.823500e-05        1.967662e-14
               22200        6.851600e-05        1.975224e-14
               22300        8.123800e-05        1.408075e-14
               22400        8.558600e-05        1.037572e-14
               22500        8.592700e-05        8.983462e-15
               22600        8.657100e-05        7.073355e-15
               22700        7.011900e-05        6.543839e-15
               22800        7.278600e-05        6.307035e-15
               22900        6.553800e-05        5.914497e-15
               23000        6.918500e-05        5.914561e-15
               23100        6.753300e-05        5.189465e-15
               23200        8.206800e-05        4.814516e-15
               23300        8.702000e-05        4.293370e-15
               23400        6.940900e-05        4.260849e-15
               23500        6.223500e-05        2.455080e-15
               23600        8.617000e-05        1.917503e-15
               23700        6.782200e-05        1.917503e-15
               23800        5.114200e-05        1.478523e-15
               23900        9.061700e-05        1.477740e-15
               24000        6.768600e-05        8.824419e-16
               24100        6.826100e-05        8.563729e-16
               24200        6.905100e-05        6.648570e-16
               24300        7.254900e-05        3.777977e-16
               24400        9.606100e-05        2.412337e-16
               24500        9.145900e-05        2.411058e-16
               24600        5.439500e-05        2.368508e-16
               24700        9.428700e-05        1.630134e-16
               24800        5.279900e-05        1.629629e-16
               24900        1.083950e-04        1.629629e-16
               25000        8.038200e-05        8.035565e-17
               25100        8.697800e-05        5.634909e-17
               25200        8.983000e-05        2.312332e-17
               25300        3.046670e-04        1.713574e-17
               25400        9.770500e-05        1.713574e-17
               25500        6.654400e-05        1.394528e-17
               25600        6.585800e-05        1.394594e-17
               25700        8.678900e-05        1.094803e-17
               25800        8.446400e-05        1.094763e-17
               25900        8.816900e-05        8.873599e-18
               26000        8.757800e-05        8.882197e-18
               26100        9.150900e-05        6.266836e-18
               26200        5.435700e-05        5.516346e-18
               26300        9.063200e-05        3.746352e-18
               26400        5.279500e-05        1.973486e-18
               26500        9.872800e-05        1.224680e-18
               26600        7.914900e-05        1.091999e-18
               26700        8.505100e-05        1.018720e-18
               26800        6.645800e-05        9.561597e-19
               26900        7.662200e-05        9.178778e-19
               27000        8.659400e-05        6.166205e-19
               27100        6.880300e-05        2.558083e-19
               27200        7.108300e-05        2.558398e-19
               27300        9.479900e-05        2.117156e-19
               27400        8.682700e-05        2.117236e-19
               27500        8.518200e-05        1.391787e-19
               27600        8.207500e-05        1.235281e-19
               27700        7.880500e-05        1.235256e-19
               27800        8.284700e-05        6.809988e-20
               27900        8.265900e-05        6.004848e-20
               28000        9.050400e-05        5.459073e-20
               28100        8.998100e-05        5.110530e-20
               28200        8.435600e-05        5.110530e-20
               28300        8.786500e-05        5.082462e-20
               28400        7.466000e-05        3.404012e-20
               28500        2.872240e-04        2.181154e-20
               28600        9.210300e-05        2.181057e-20
               28700        4.976700e-05        1.035982e-20
               28800        1.064490e-04        1.035849e-20
               28900        8.570300e-05        1.035849e-20
               29000        9.928200e-05        5.301855e-21
               29100        8.315100e-05        3.810254e-21
               29200        8.758100e-05        2.705380e-21
               29300        9.061000e-05        2.705412e-21
               29400        9.047000e-05        1.959552e-21
               29500        7.273100e-05        1.611102e-21
               29600        9.370500e-05        1.507968e-21
               29700        7.159300e-05        1.497192e-21
               29800        1.380250e-04        1.153175e-21
               29900        2.233160e-04        8.222208e-22
               30000        1.594280e-04        5.517948e-22
               30100        9.654600e-05        4.259384e-22
               30200        7.918900e-05        4.259220e-22
               30300        1.283350e-04        3.851235e-22
               30400        8.842500e-05        2.613972e-22
               30500        8.179700e-05        2.613454e-22
               30600        9.561200e-05        2.380194e-22
               30700        7.322300e-05        1.640440e-22
               30800        7.303500e-05        1.637051e-22
               30900        7.457900e-05        1.640440e-22
               31000        8.279000e-05        1.564363e-22
               31100        7.177400e-05        1.103957e-22
               31200        1.606050e-04        7.755666e-23
               31300        9.610900e-05        7.754891e-23
               31400        8.796000e-05        7.754891e-23
               31500        8.637100e-05        7.695655e-23
               31600        8.682300e-05        6.788105e-23
               31700        9.576300e-05        5.214140e-23
               31800        5.364700e-05        5.214062e-23
               31900        1.062620e-04        4.975761e-23
               32000        9.139700e-05        4.975813e-23
               32100        8.454500e-05        4.952472e-23
               32200        8.788000e-05        4.975813e-23
               32300        9.820000e-05        4.045986e-23
               32400        8.872100e-05        3.342990e-23
               32500        8.329000e-05        3.342990e-23
               32600        8.496300e-05        2.757239e-23
               32700        9.575600e-05        2.291241e-23
               32800        7.386500e-05        2.292409e-23
               32900        7.737100e-05        2.049509e-23
               33000        7.873200e-05        1.819564e-23
               33100        9.792300e-05        1.819537e-23
               33200        8.775900e-05        1.577155e-23
               33300        7.413000e-05        1.523781e-23
               33400        5.707800e-05        1.004623e-23
               33500        9.801800e-05        1.004166e-23
               33600        9.570900e-05        4.979258e-24
               33700        8.371800e-05        4.957127e-24
               33800        7.039600e-05        3.293712e-24
               33900        7.386700e-05        1.567689e-24
               34000        7.487300e-05        1.558623e-24
               34100        8.061800e-05        9.107857e-25
               34200        7.575600e-05        8.981406e-25
               34300        8.659900e-05        4.990740e-25
               34400        8.637000e-05        4.742284e-25
               34500        5.535800e-05        4.742284e-25
               34600        8.974100e-05        3.363082e-25
               34700        7.297400e-05        1.608407e-25
               34800        8.530200e-05        1.608407e-25
               34900        8.887800e-05        1.380034e-25
               35000        7.398700e-05        1.191000e-25
               35100        5.560400e-05        1.191002e-25
               35200        1.048440e-04        1.012411e-25
               35300        7.815600e-05        1.012369e-25
               35400        8.286300e-05        8.532090e-26
               35500        9.459800e-05        6.173870e-26
               35600        8.113700e-05        6.173418e-26
               35700        8.813800e-05        6.173418e-26
               35800        8.685800e-05        6.173870e-26
               35900        7.908900e-05        3.754919e-26
               36000        7.811600e-05        3.754594e-26
               36100        7.786700e-05        2.659196e-26
               36200        7.806600e-05        2.597970e-26
               36300        9.936500e-05        1.671685e-26
               36400        6.655100e-05        1.671685e-26
               36500        9.552800e-05        1.473795e-26
               36600        7.647800e-05        1.473808e-26
               36700        7.509000e-05        1.268913e-26
               36800        7.640100e-05        1.269865e-26
               36900        9.269100e-05        1.173409e-26
               37000        8.248900e-05        1.173347e-26
               37100        8.090200e-05        1.003824e-26
               37200        8.351900e-05        1.003824e-26
               37300        8.790200e-05        9.746939e-27
               37400        8.231500e-05        7.158931e-27
               37500        8.772600e-05        7.158931e-27
               37600        8.862500e-05        6.495206e-27
               37700        9.447100e-05        5.345865e-27
               37800        7.545900e-05        4.537369e-27
               37900        7.312800e-05        4.500879e-27
               38000        9.002900e-05        3.751772e-27
               38100        9.022900e-05        3.400491e-27
               38200        5.655800e-05        2.673140e-27
               38300        1.031010e-04        2.528452e-27
               38400        7.447900e-05        2.528452e-27
               38500        8.160400e-05        2.344858e-27
               38600        9.528200e-05        2.357674e-27
               38700        7.867600e-05        2.039890e-27
               38800        7.607300e-05        1.895742e-27
               38900        5.727000e-05        1.935761e-27
               39000        9.650800e-05        1.933619e-27
               39100        8.482700e-05        1.581101e-27
               39200        9.245200e-05        1.689654e-27
               39300        7.324800e-05        1.555205e-27
               39400        7.267800e-05        1.555205e-27
               39500        5.614000e-05        1.585524e-27
               39600        9.447900e-05        1.555205e-27
               39700        7.342000e-05        1.555205e-27
               39800        7.994800e-05        1.456859e-27
               39900        7.538700e-05        1.412111e-27
               40000        5.617400e-05        1.412078e-27
               40100        9.164700e-05        1.198161e-27
               40200        7.399900e-05        1.198161e-27
               40300        5.560300e-05        1.285849e-27
               40400        9.450600e-05        1.392113e-27
               40500        7.051900e-05        1.191305e-27
               40600        7.051900e-05        1.191700e-27
               40700        7.547300e-05        1.158493e-27
               40800        8.810500e-05        1.158493e-27
               40900        7.409300e-05        1.210475e-27
               41000        5.695300e-05        1.210475e-27
               41100        9.554400e-05        1.305771e-27
               41200        7.481400e-05        1.305805e-27
               41300        7.789600e-05        1.222084e-27
               41400        5.627800e-05        1.223114e-27
               41500        9.359300e-05        1.194968e-27
               41600        7.202500e-05        1.146521e-27
               41700        5.818500e-05        1.290407e-27
               41800        9.230100e-05        1.285969e-27
               41900        7.242300e-05        9.243067e-28
               42000        7.155300e-05        9.243067e-28
               42100        8.493800e-05        9.470851e-28
               42200        8.500400e-05        9.243067e-28
               42300        7.611900e-05        9.247902e-28
               42400        7.249000e-05        8.875319e-28
               42500        7.379700e-05        8.875319e-28
               42600        7.557600e-05        8.875319e-28
               42700        7.036700e-05        8.796256e-28
               42800        7.293500e-05        8.796256e-28
               42900        8.749900e-05        9.112444e-28
               43000        9.258300e-05        9.112444e-28
               43100        7.357800e-05        9.112444e-28
               43200        8.943600e-05        9.117559e-28
               43300        8.402600e-05        1.021513e-27
               43400        9.418200e-05        8.947490e-28
               43500        9.374800e-05        8.947859e-28
               43600        5.716300e-05        7.621943e-28
               43700        9.618100e-05        7.621943e-28
               43800        9.102300e-05        7.822676e-28
               43900        7.597500e-05        7.822676e-28
               44000        7.506100e-05        8.261534e-28
               44100        7.746400e-05        8.261534e-28
               44200        5.725600e-05        8.618936e-28
               44300        9.749800e-05        8.621832e-28
               44400        5.714600e-05        8.057111e-28
               44500        1.021880e-04        8.057111e-28
               44600        8.624400e-05        9.093822e-28
               44700        7.937000e-05        9.093822e-28
               44800        9.868500e-05        9.130238e-28
               44900        7.711000e-05        9.330653e-28
               45000        7.381400e-05        9.806429e-28
               45100        7.436300e-05        9.806429e-28
               45200        5.634600e-05        9.447659e-28
               45300        9.493000e-05        9.447659e-28
               45400        7.573800e-05        8.552060e-28
               45500        7.841900e-05        8.552090e-28
               45600        9.178300e-05        8.789186e-28
               45700        7.454700e-05        8.789186e-28
               45800        5.752100e-05        8.776952e-28
               45900        8.479100e-05        9.080302e-28
               46000        7.869600e-05        1.010159e-27
               46100        6.009100e-05        1.013078e-27
               46200        9.534200e-05        1.014956e-27
               46300        7.667100e-05        1.032471e-27
               46400        7.894800e-05        1.085439e-27
               46500        7.772200e-05        1.015530e-27
               46600        7.311600e-05        9.881231e-28
               46700        7.538500e-05        8.317327e-28
               46800        8.634200e-05        9.918478e-28
               46900        8.177400e-05        9.918478e-28
               47000        9.569100e-05        9.557946e-28
               47100        7.684000e-05        9.581612e-28
               47200        8.263500e-05        9.778919e-28
               47300        7.518200e-05        8.971913e-28
               47400        9.400100e-05        9.320321e-28
               47500        7.501600e-05        9.384337e-28
               47600        5.997400e-05        9.388435e-28
               47700        9.959800e-05        1.002154e-27
               47800        5.790100e-05        1.002154e-27
               47900        9.482600e-05        1.002154e-27
               48000        7.460700e-05        7.686202e-28
               48100        5.820200e-05        8.111495e-28
               48200        9.500700e-05        8.111495e-28
               48300        7.134300e-05        7.793072e-28
               48400        8.822300e-05        7.793072e-28
               48500        5.568900e-05        7.793072e-28
               48600        9.560000e-05        8.452549e-28
               48700        6.438600e-05        8.445647e-28
               48800        9.518600e-05        8.445647e-28
               48900        7.291800e-05        7.876767e-28
               49000        8.589200e-05        7.873160e-28
               49100        7.383400e-05        7.958985e-28
               49200        6.959300e-05        7.958523e-28
               49300        7.355500e-05        9.427944e-28
               49400        8.546600e-05        9.427204e-28
               49500        7.162100e-05        1.005076e-27
               49600        9.392800e-05        1.006309e-27
               49700        7.567700e-05        9.594199e-28
               49800        7.260000e-05        9.594199e-28
               49900        7.206300e-05        8.507855e-28
               50000        8.912500e-05        8.507855e-28
               50100        7.582400e-05        8.751299e-28
               50200        9.777600e-05        8.751299e-28
               50300        8.003400e-05        8.751299e-28
               50400        9.173600e-05        9.048114e-28
               50500        9.270500e-05        9.073752e-28
               50600        9.151200e-05        1.012882e-27
               50700        8.983500e-05        1.011899e-27
               50800        8.783800e-05        9.258724e-28
               50900        8.979500e-05        9.259240e-28
               51000        5.823300e-05        9.822719e-28
               51100        9.970000e-05        9.822719e-28
               51200        7.287600e-05        9.172021e-28
               51300        6.452900e-05        9.172021e-28
               51400        9.406000e-05        8.152179e-28
               51500        7.253100e-05        8.224340e-28
               51600        7.531500e-05        8.299719e-28
               51700        7.151100e-05        8.299719e-28
               51800        5.497600e-05        8.923948e-28
               51900        9.450100e-05        8.903610e-28
               52000        7.838300e-05        9.935267e-28
               52100        7.452100e-05        9.935267e-28
               52200        7.327000e-05        1.026710e-27
               52300        7.511200e-05        1.026307e-27
               52400        7.741400e-05        1.026307e-27
               52500        8.505800e-05        9.242766e-28
               52600        9.785700e-05        9.329687e-28
               52700        8.929300e-05        9.348201e-28
               52800        8.290800e-05        9.348201e-28
               52900        9.655000e-05        9.348201e-28
               53000        6.690500e-05        8.169944e-28
               53100        1.166180e-04        8.155892e-28
               53200        7.746900e-05        8.338855e-28
               53300        7.553600e-05        8.338855e-28
               53400        7.605400e-05        8.107266e-28
               53500        7.618900e-05        8.107266e-28
               53600        6.654200e-05        8.011802e-28
               53700        9.685100e-05        8.107266e-28
               53800        7.438600e-05        8.501342e-28
               53900        7.749800e-05        9.531278e-28
               54000        1.098410e-04        9.531278e-28
               54100        7.012300e-05        9.416066e-28
               54200        7.462500e-05        9.416221e-28
               54300        5.684000e-05        1.022788e-27
               54400        9.614100e-05        1.022788e-27
               54500        7.439000e-05        1.118600e-27
               54600        9.274200e-05        1.116662e-27
               54700        7.638100e-05        1.188150e-27
               54800        7.431100e-05        1.185065e-27
               54900        7.411800e-05        1.139771e-27
               55000        7.399700e-05        1.135515e-27
               55100        5.628100e-05        1.110245e-27
               55200        9.711800e-05        1.106142e-27
               55300        7.466400e-05        1.106536e-27
               55400        6.537000e-05        1.106142e-27
               55500        1.290240e-04        1.034431e-27
               55600        7.664600e-05        1.009665e-27
               55700        7.440700e-05        1.009369e-27
               55800        6.863700e-05        9.199463e-28
               55900        1.035000e-04        9.199463e-28
               56000        8.987800e-05        9.199463e-28
               56100        8.992500e-05        8.922582e-28
               56200        7.485400e-05        8.922582e-28
               56300        7.528000e-05        8.972706e-28
               56400        7.433500e-05        8.972706e-28
               56500        7.608700e-05        8.577004e-28
               56600        7.789000e-05        8.577004e-28
               56700        9.365100e-05        8.611931e-28
               56800        5.903600e-05        8.639757e-28
               56900        1.050920e-04        1.013698e-27
               57000        7.694900e-05        1.013230e-27
               57100        7.784500e-05        1.081102e-27
               57200        9.049100e-05        1.070847e-27
               57300        9.225700e-05        9.842175e-28
               57400        8.923200e-05        9.041373e-28
               57500        8.968500e-05        9.041373e-28
               57600        9.262400e-05        8.655845e-28
               57700        8.916900e-05        8.655845e-28
               57800        8.999300e-05        9.814954e-28
               57900        9.516300e-05        9.814954e-28
               58000        8.826900e-05        9.814954e-28
               58100        8.697200e-05        1.001002e-27
               58200        7.541500e-05        1.001002e-27
               58300        5.745100e-05        9.915743e-28
               58400        9.581900e-05        9.896761e-28
               58500        9.968200e-05        9.915743e-28
               58600        7.165000e-05        9.468280e-28
               58700        8.711900e-05        9.299548e-28
               58800        7.803800e-05        9.448058e-28
               58900        8.852000e-05        9.448058e-28
               59000        7.244100e-05        9.448058e-28
               59100        7.366400e-05        8.284769e-28
               59200        7.581900e-05        8.284769e-28
               59300        7.231600e-05        7.528871e-28
               59400        7.265200e-05        7.529734e-28
               59500        7.214800e-05        8.552356e-28
               59600        7.613700e-05        8.552356e-28
               59700        7.337600e-05        9.037810e-28
               59800        7.513700e-05        9.037810e-28
               59900        6.618000e-05        9.030415e-28
               60000        9.729400e-05        9.030415e-28
               60100        8.367300e-05        9.414022e-28
               60200        9.437700e-05        9.414022e-28
               60300        9.825400e-05        9.864248e-28
               60400        7.192600e-05        9.857122e-28
               60500        5.989200e-05        9.691485e-28
               60600        9.675700e-05        9.857122e-28
               60700        7.561900e-05        8.484182e-28
               60800        7.631300e-05        8.553627e-28
               60900        5.827700e-05        8.553627e-28
               61000        9.468000e-05        9.900367e-28
               61100        7.820600e-05        9.900367e-28
               61200        7.871600e-05        9.694159e-28
               61300        6.239300e-05        9.694159e-28
               61400        9.440300e-05        9.814692e-28
               61500        7.219700e-05        9.029209e-28
               61600        7.270300e-05        9.029209e-28
               61700        7.310300e-05        9.029209e-28
               61800        7.145100e-05        9.570201e-28
               61900        5.597100e-05        9.570201e-28
               62000        9.366300e-05        9.885626e-28
               62100        7.672700e-05        9.262331e-28
               62200        7.630300e-05        9.262331e-28
               62300        7.385900e-05        9.642600e-28
               62400        7.463200e-05        9.642600e-28
               62500        8.606300e-05        9.135971e-28
               62600        9.068400e-05        9.135971e-28
               62700        8.909700e-05        8.745232e-28
               62800        1.019990e-04        8.759530e-28
               62900        8.070500e-05        9.422470e-28
               63000        9.543000e-05        9.137336e-28
               63100        8.124200e-05        9.145225e-28
               63200        6.560900e-05        8.525046e-28
               63300        9.273100e-05        9.517301e-28
               63400        7.979200e-05        9.534188e-28
               63500        7.342700e-05        9.614501e-28
               63600        9.153000e-05        9.614501e-28
               63700        7.641900e-05        9.560124e-28
               63800        7.608500e-05        9.845204e-28
               63900        7.790900e-05        9.845204e-28
               64000        7.511100e-05        9.239701e-28
               64100        7.511800e-05        8.338451e-28
               64200        8.328000e-05        8.338451e-28
               64300        7.423400e-05        9.366566e-28
               64400        7.509900e-05        9.366566e-28
               64500        7.577100e-05        8.592777e-28
               64600        1.121400e-04        8.592877e-28
               64700        7.197900e-05        9.804515e-28
               64800        5.539900e-05        9.804515e-28
               64900        9.718200e-05        8.376582e-28
               65000        7.419400e-05        8.376582e-28
               65100        8.172700e-05        8.793313e-28
               65200        8.552200e-05        8.793313e-28
               65300        7.672100e-05        8.852033e-28
               65400        6.660000e-05        8.852033e-28
               65500        8.713800e-05        9.041760e-28
               65600        7.714300e-05        8.756000e-28
               65700        7.619700e-05        8.756000e-28
               65800        7.317300e-05        8.879907e-28
               65900        6.844000e-05        8.602165e-28
               66000        7.007700e-05        8.654088e-28
               66100        8.655300e-05        8.393178e-28
               66200        7.357700e-05        9.399613e-28
               66300        7.380200e-05        9.856798e-28
               66400        7.040900e-05        1.021581e-27
               66500        8.507200e-05        1.138665e-27
               66600        8.550500e-05        9.690750e-28
               66700        6.924600e-05        9.567483e-28
               66800        6.359700e-05        8.663145e-28
               66900        7.595800e-05        8.663145e-28
               67000        1.081520e-04        9.618037e-28
               67100        4.766900e-05        9.618931e-28
               67200        8.570300e-05        9.618037e-28
               67300        8.137700e-05        9.508829e-28
               67400        6.811100e-05        9.524315e-28
               67500        4.730100e-05        9.047268e-28
               67600        8.970000e-05        9.047268e-28
               67700        6.812300e-05        9.711641e-28
               67800        6.855900e-05        9.711641e-28
               67900        4.702000e-05        8.895907e-28
               68000        8.992000e-05        8.895907e-28
               68100        4.845700e-05        8.895907e-28
               68200        9.773700e-05        9.463662e-28
               68300        9.948000e-05        9.463662e-28
               68400        5.130100e-05        8.908085e-28
               68500        9.814500e-05        8.908085e-28
               68600        9.595300e-05        8.493746e-28
               68700        5.063500e-05        8.494856e-28
               68800        9.555300e-05        1.035877e-27
               68900        7.490100e-05        1.036863e-27
               69000        7.257000e-05        1.014625e-27
               69100        7.017500e-05        1.014675e-27
               69200        5.002100e-05        1.014675e-27
               69300        9.368000e-05        1.069685e-27
               69400        7.884900e-05        1.074076e-27
               69500        8.434600e-05        1.073470e-27
               69600        6.865400e-05        1.010811e-27
               69700        1.472190e-04        9.140289e-28
               69800        7.276600e-05        8.266804e-28
               69900        7.029400e-05        9.347619e-28
               70000        6.898700e-05        9.226919e-28
               70100        7.000000e-05        9.310163e-28
               70200        7.035100e-05        9.526232e-28
               70300        7.549300e-05        9.523767e-28
               70400        6.967400e-05        1.021178e-27
               70500        8.221200e-05        1.021178e-27
               70600        6.060000e-05        9.350920e-28
               70700        9.399300e-05        9.350920e-28
               70800        6.816300e-05        9.407583e-28
               70900        6.720100e-05        9.407583e-28
               71000        7.868100e-05        9.407583e-28
               71100        6.993600e-05        9.625525e-28
               71200        7.990100e-05        9.624293e-28
               71300        8.646600e-05        1.173592e-27
               71400        7.158700e-05        1.173592e-27
               71500        8.685900e-05        1.099461e-27
               71600        7.018200e-05        1.099461e-27
               71700        8.601900e-05        9.810039e-28
               71800        6.929700e-05        9.810039e-28
               71900        8.191500e-05        9.618374e-28
               72000        8.023300e-05        9.618374e-28
               72100        7.100100e-05        9.332913e-28
               72200        7.464800e-05        9.330694e-28
               72300        7.611100e-05        9.332913e-28
               72400        7.222600e-05        8.740067e-28
               72500        7.325400e-05        8.740067e-28
               72600        7.165300e-05        9.364671e-28
               72700        7.238500e-05        9.364671e-28
               72800        8.499800e-05        9.545061e-28
               72900        8.783700e-05        8.273815e-28
               73000        1.050800e-04        8.277266e-28
               73100        4.918400e-05        8.370849e-28
               73200        9.107300e-05        8.370849e-28
               73300        7.553300e-05        8.531430e-28
               73400        6.992100e-05        8.535374e-28
               73500        7.229100e-05        8.867839e-28
               73600        8.279500e-05        8.867839e-28
               73700        6.665500e-05        1.112065e-27
               73800        6.937400e-05        1.112065e-27
               73900        6.675600e-05        1.072042e-27
               74000        6.454400e-05        1.072042e-27
               74100        7.006900e-05        1.072042e-27
               74200        6.659300e-05        9.782442e-28
               74300        6.871700e-05        9.728670e-28
               74400        6.633100e-05        8.983443e-28
               74500        6.691000e-05        8.983443e-28
               74600        9.965200e-05        1.022465e-27
               74700        6.657300e-05        1.022465e-27
               74800        6.614000e-05        1.022465e-27
               74900        6.551800e-05        1.077953e-27
               75000        8.376500e-05        1.076573e-27
               75100        6.725300e-05        1.077953e-27
               75200        6.812300e-05        9.246685e-28
               75300        8.341400e-05        1.002501e-27
               75400        6.868100e-05        1.002501e-27
               75500        7.024100e-05        8.778363e-28
               75600        7.999700e-05        8.780828e-28
               75700        6.576200e-05        1.004813e-27
               75800        6.869700e-05        1.004813e-27
               75900        7.320400e-05        9.587128e-28
               76000        8.375100e-05        9.587128e-28
               76100        8.503600e-05        9.455922e-28
               76200        6.806300e-05        9.455922e-28
               76300        6.754400e-05        9.498924e-28
               76400        6.743700e-05        8.699245e-28
               76500        4.750300e-05        8.699245e-28
               76600        8.972900e-05        8.965636e-28
               76700        6.751500e-05        8.977469e-28
               76800        6.655700e-05        9.730927e-28
               76900        6.637000e-05        9.730927e-28
               77000        6.576000e-05        9.801031e-28
               77100        5.000500e-05        9.924215e-28
               77200        6.223000e-05        8.838732e-28
               77300        6.042400e-05        9.078287e-28
               77400        6.047000e-05        9.704062e-28
               77500        6.288400e-05        8.676078e-28
               77600        6.131300e-05        7.954532e-28
               77700        6.198800e-05        9.036595e-28
               77800        5.964200e-05        8.620410e-28
               77900        6.135800e-05        8.601754e-28
               78000        6.062100e-05        8.843626e-28
               78100        6.217800e-05        8.843626e-28
               78200        6.118200e-05        8.843626e-28
               78300        6.176000e-05        9.592986e-28
               78400        6.101500e-05        9.577209e-28
               78500        6.232500e-05        1.019502e-27
               78600        6.339800e-05        1.019502e-27
               78700        6.367100e-05        1.002688e-27
               78800        6.130700e-05        1.002688e-27
               78900        6.269100e-05        9.598239e-28
               79000        6.173800e-05        9.583571e-28
               79100        6.194600e-05        1.002688e-27
               79200        6.280000e-05        9.039954e-28
               79300        6.200900e-05        9.039707e-28
               79400        6.273400e-05        8.769065e-28
               79500        6.348100e-05        8.769065e-28
               79600        6.229300e-05        9.427741e-28
               79700        6.148900e-05        9.427741e-28
               79800        6.350800e-05        9.318030e-28
               79900        6.256000e-05        9.318030e-28
               80000        6.384600e-05        9.559265e-28
               80100        6.098700e-05        9.559265e-28
               80200        6.071900e-05        9.434064e-28
               80300        6.206200e-05        9.437338e-28
               80400        6.120700e-05        1.044097e-27
               80500        6.188600e-05        1.044097e-27
               80600        6.192000e-05        1.179361e-27
               80700        6.205100e-05        1.179361e-27
               80800        6.338600e-05        1.222369e-27
               80900        6.203700e-05        1.222369e-27
               81000        6.143600e-05        1.069575e-27
               81100        6.380400e-05        1.069575e-27
               81200        6.228700e-05        8.494285e-28
               81300        6.131700e-05        8.494285e-28
               81400        6.339000e-05        8.494285e-28
               81500        6.246400e-05        8.820001e-28
               81600        6.326600e-05        8.820001e-28
               81700        6.101900e-05        8.820001e-28
               81800        6.118000e-05        1.003346e-27
               81900        6.205300e-05        9.628468e-28
               82000        6.388600e-05        1.039742e-27
               82100        6.145400e-05        1.044697e-27
               82200        6.163500e-05        1.046558e-27
               82300        6.063000e-05        1.041035e-27
               82400        6.197000e-05        8.068423e-28
               82500        6.178400e-05        8.068423e-28
               82600        6.218700e-05        8.053265e-28
               82700        6.224200e-05        8.053265e-28
               82800        6.056400e-05        8.475580e-28
               82900        6.270000e-05        8.473607e-28
               83000        6.224700e-05        7.659397e-28
               83100        6.198000e-05        7.659367e-28
               83200        6.216600e-05        8.415169e-28
               83300        6.066400e-05        8.415169e-28
               83400        6.427500e-05        8.415169e-28
               83500        6.530000e-05        7.128575e-28
               83600        6.375800e-05        7.127219e-28
               83700        6.168100e-05        7.578284e-28
               83800        6.236200e-05        7.594062e-28
               83900        6.301300e-05        8.458598e-28
               84000        6.361600e-05        8.458598e-28
               84100        6.138300e-05        9.559010e-28
               84200        6.133300e-05        9.559010e-28
               84300        6.132500e-05        8.372953e-28
               84400        6.151500e-05        8.367530e-28
               84500        6.464900e-05        8.372953e-28
               84600        6.277800e-05        8.038352e-28
               84700        6.079700e-05        8.032929e-28
               84800        5.998700e-05        8.457922e-28
               84900        6.154100e-05        8.457922e-28
               85000        6.203200e-05        9.687291e-28
               85100        6.117500e-05        9.694656e-28
               85200        6.204200e-05        9.938842e-28
               85300        6.123200e-05        9.938842e-28
               85400        6.194400e-05        9.700232e-28
               85500        6.145400e-05        9.700232e-28
               85600        6.230600e-05        9.905544e-28
               85700        6.136100e-05        9.905544e-28
               85800        6.444200e-05        9.248606e-28
               85900        6.084300e-05        9.995457e-28
               86000        6.023600e-05        9.248606e-28
               86100        6.170300e-05        7.863459e-28
               86200        6.187900e-05        7.978853e-28
               86300        6.286700e-05        7.978853e-28
               86400        6.232700e-05        7.978853e-28
               86500        6.129800e-05        8.766790e-28
               86600        6.173800e-05        8.766790e-28
               86700        6.345600e-05        9.231553e-28
               86800        6.214800e-05        9.231553e-28
               86900        6.205300e-05        9.901553e-28
               87000        6.184800e-05        9.901553e-28
               87100        6.432100e-05        8.275230e-28
               87200        6.200400e-05        8.275230e-28
               87300        6.222900e-05        8.678268e-28
               87400        6.196100e-05        8.678268e-28
               87500        6.256400e-05        7.618629e-28
               87600        6.175300e-05        7.618629e-28
               87700        6.392600e-05        8.064250e-28
               87800        6.249300e-05        8.078056e-28
               87900        5.978000e-05        7.433819e-28
               88000        6.318700e-05        7.433819e-28
               88100        6.215900e-05        8.182075e-28
               88200        6.276100e-05        8.181728e-28
               88300        6.262600e-05        8.592764e-28
               88400        6.273400e-05        8.590915e-28
               88500        6.270200e-05        8.023690e-28
               88600        6.084600e-05        8.023690e-28
               88700        6.347500e-05        7.918821e-28
               88800        6.225600e-05        7.950930e-28
               88900        6.187200e-05        7.918821e-28
               89000        6.280800e-05        8.711128e-28
               89100        6.189000e-05        8.711128e-28
               89200        6.436600e-05        8.711128e-28
               89300        6.257500e-05        8.415134e-28
               89400        6.243300e-05        8.415134e-28
               89500        6.276100e-05        9.280755e-28
               89600        6.230900e-05        9.280755e-28
               89700        6.461400e-05        9.280755e-28
               89800        6.188400e-05        9.803097e-28
               89900        6.236000e-05        1.004290e-27
               90000        6.244100e-05        1.076416e-27
               90100        6.381300e-05        1.054620e-27
               90200        7.566500e-05        9.360237e-28
               90300        6.179500e-05        8.614502e-28
               90400        6.308800e-05        8.744958e-28
               90500        6.460500e-05        9.089560e-28
               90600        6.153800e-05        9.286272e-28
               90700        6.105200e-05        9.476469e-28
               90800        6.211800e-05        1.015985e-27
               90900        6.298800e-05        9.667160e-28
               91000        6.261900e-05        9.748667e-28
               91100        6.291100e-05        9.928387e-28
               91200        6.251100e-05        7.663686e-28
               91300        6.280500e-05        9.437422e-28
               91400        6.293000e-05        8.495523e-28
               91500        6.319000e-05        8.458552e-28
               91600        6.302000e-05        8.713195e-28
               91700        6.599800e-05        8.713195e-28
               91800        6.322200e-05        8.833973e-28
               91900        6.282300e-05        8.722683e-28
               92000        6.197200e-05        8.833973e-28
               92100        6.223500e-05        9.284918e-28
               92200        6.334900e-05        9.226314e-28
               92300        6.172500e-05        9.197102e-28
               92400        6.123200e-05        1.067684e-27
               92500        6.398800e-05        1.025807e-27
               92600        6.185300e-05        1.025807e-27
               92700        6.293300e-05        1.085810e-27
               92800        6.321000e-05        1.084102e-27
               92900        6.186900e-05        1.131789e-27
               93000        6.344400e-05        9.384941e-28
               93100        6.468000e-05        9.384941e-28
               93200        6.338100e-05        9.079938e-28
               93300        6.332700e-05        8.081948e-28
               93400        6.155300e-05        8.081948e-28
               93500        6.254700e-05        8.880748e-28
               93600        6.174300e-05        8.880748e-28
               93700        6.351400e-05        8.102763e-28
               93800        6.136800e-05        7.747427e-28
               93900        6.023900e-05        7.424601e-28
               94000        6.195400e-05        7.717639e-28
               94100        6.200900e-05        7.717639e-28
               94200        6.368200e-05        7.712859e-28
               94300        6.163800e-05        8.689509e-28
               94400        6.324200e-05        7.959362e-28
               94500        6.338800e-05        8.619575e-28
               94600        6.366400e-05        8.491466e-28
               94700        6.214200e-05        8.596786e-28
               94800        6.238300e-05        8.689463e-28
               94900        6.290100e-05        9.093541e-28
               95000        6.195800e-05        9.247430e-28
               95100        6.183700e-05        9.074760e-28
               95200        6.183600e-05        8.070477e-28
               95300        6.085500e-05        8.121626e-28
               95400        6.132000e-05        8.121626e-28
               95500        6.234900e-05        9.176758e-28
               95600        6.239700e-05        9.306868e-28
               95700        6.260700e-05        8.365258e-28
               95800        6.143900e-05        8.611457e-28
               95900        6.633600e-05        8.611457e-28
               96000        5.251700e-05        8.573039e-28
               96100        4.612900e-05        9.103270e-28
               96200        4.625800e-05        8.852824e-28
               96300        4.676900e-05        9.453984e-28
               96400        4.704800e-05        1.015974e-27
               96500        4.618800e-05        9.017561e-28
               96600        4.776800e-05        8.697972e-28
               96700        4.656000e-05        9.506304e-28
               96800        4.840700e-05        8.438590e-28
               96900        4.848900e-05        8.620958e-28
               97000        4.838500e-05        9.297096e-28
               97100        4.830900e-05        9.544923e-28
               97200        4.742600e-05        9.726303e-28
               97300        4.682200e-05        9.462219e-28
               97400        4.814800e-05        9.462219e-28
               97500        4.724900e-05        9.475535e-28
               97600        4.594100e-05        8.876001e-28
               97700        4.743300e-05        8.855649e-28
               97800        5.412600e-05        8.947043e-28
               97900        7.940700e-05        8.904682e-28
               98000        8.536200e-05        8.904682e-28
               98100        7.645400e-05        9.124908e-28
               98200        4.741600e-05        8.874857e-28
               98300        4.782800e-05        8.122105e-28
               98400        4.704000e-05        9.194610e-28
               98500        4.605400e-05        8.273869e-28
               98600        4.690900e-05        7.812637e-28
               98700        4.716800e-05        9.082528e-28
               98800        4.748500e-05        1.006761e-27
               98900        4.738500e-05        9.939028e-28
               99000        4.769100e-05        1.062222e-27
               99100        4.773600e-05        1.182882e-27
               99200        4.638400e-05        1.100027e-27
               99300        4.751800e-05        1.132935e-27
               99400        4.702900e-05        1.102701e-27
               99500        4.716100e-05        1.023075e-27
               99600        4.600000e-05        9.985117e-28
               99700        4.708100e-05        9.315797e-28
               99800        4.799900e-05        9.270957e-28
               99900        4.652700e-05        9.234010e-28
              100000        4.711900e-05        9.845910e-28
