Period: 100
               Epoch           Time cost                Loss
                 100        3.596290e-04        2.360313e+04
                 200        3.535060e-04        2.360226e+04
                 300        1.155330e-04        2.360414e+04
                 400        5.941940e-04        2.360302e+04
                 500        1.155220e-04        2.360376e+04
                 600        1.064580e-04        2.360414e+04
                 700        1.124480e-04        1.580727e+04
                 800        1.190100e-04        1.210759e+04
                 900        1.143920e-04        1.198795e+04
                1000        1.109180e-04        7.863555e+03
                1100        1.296390e-04        3.911507e+03
                1200        1.133960e-04        3.353730e+03
                1300        1.450790e-04        2.640839e+03
                1400        1.640880e-04        2.642001e+03
                1500        1.448860e-04        2.490303e+03
                1600        1.346540e-04        1.527952e+03
                1700        1.418860e-04        1.401783e+03
                1800        1.129570e-04        9.982555e+02
                1900        1.330360e-04        8.634018e+02
                2000        1.423680e-04        8.626502e+02
                2100        1.182190e-04        7.362645e+02
                2200        1.410490e-04        7.366711e+02
                2300        1.446860e-04        7.370920e+02
                2400        1.434900e-04        7.353205e+02
                2500        1.418740e-04        6.436694e+02
                2600        1.429590e-04        6.447564e+02
                2700        1.450890e-04        5.683879e+02
                2800        1.439910e-04        5.679629e+02
                2900        1.578200e-04        5.665471e+02
                3000        1.475970e-04        5.037355e+02
                3100        1.483720e-04        5.045329e+02
                3200        1.442590e-04        4.908469e+02
                3300        1.027720e-04        4.898981e+02
                3400        1.435070e-04        4.901107e+02
                3500        1.379570e-04        4.832287e+02
                3600        1.195620e-04        4.379842e+02
                3700        1.478710e-04        4.248409e+02
                3800        1.409300e-04        4.251613e+02
                3900        1.369160e-04        4.159920e+02
                4000        1.571850e-04        4.158987e+02
                4100        1.516140e-04        4.158862e+02
                4200        1.332860e-04        4.085139e+02
                4300        1.429310e-04        4.084445e+02
                4400        1.499490e-04        4.083070e+02
                4500        1.454810e-04        4.041453e+02
                4600        1.448670e-04        4.041383e+02
                4700        1.407520e-04        4.041412e+02
                4800        1.470230e-04        4.064877e+02
                4900        8.735170e-04        4.064790e+02
                5000        1.383440e-04        4.063025e+02
                5100        1.367360e-04        4.047206e+02
                5200        1.518090e-04        4.047225e+02
                5300        1.381010e-04        4.047037e+02
                5400        1.497690e-04        3.992569e+02
                5500        1.329420e-04        3.993556e+02
                5600        1.481230e-04        3.992574e+02
                5700        1.494720e-04        3.969344e+02
                5800        1.325770e-04        3.969240e+02
                5900        4.969340e-04        3.969351e+02
                6000        1.773290e-04        3.966375e+02
                6100        1.549110e-04        3.965736e+02
                6200        1.845720e-04        3.965929e+02
                6300        1.665010e-04        3.950255e+02
                6400        1.328320e-04        3.950121e+02
                6500        1.561890e-04        3.949966e+02
                6600        1.258370e-04        3.947121e+02
                6700        1.518030e-04        3.911468e+02
                6800        1.234120e-04        3.911562e+02
                6900        1.515080e-04        3.954216e+02
                7000        1.036000e-04        3.992431e+02
                7100        1.368120e-04        3.819605e+02
                7200        1.161530e-04        3.840718e+02
                7300        1.293390e-04        3.841742e+02
                7400        1.121080e-04        3.609257e+02
                7500        8.003000e-05        3.593179e+02
                7600        9.732300e-05        3.581710e+02
                7700        9.744400e-05        3.534681e+02
                7800        8.483200e-05        3.534658e+02
                7900        1.070010e-04        3.534155e+02
                8000        7.947200e-05        3.534104e+02
                8100        1.053730e-04        3.534658e+02
                8200        8.179500e-05        3.534681e+02
                8300        1.590490e-04        3.515290e+02
                8400        1.531190e-04        3.515246e+02
                8500        1.471130e-04        3.311728e+02
                8600        1.276160e-04        3.311807e+02
                8700        1.373080e-04        1.558835e+02
                8800        1.493790e-04        1.550803e+02
                8900        1.336270e-04        1.592658e+02
                9000        1.390220e-04        1.599053e+02
                9100        1.317060e-04        1.593767e+02
                9200        1.573240e-04        8.391506e+01
                9300        1.178680e-04        8.414774e+01
                9400        1.580900e-04        5.562219e+01
                9500        1.521250e-04        3.937844e+01
                9600        1.762750e-04        3.924175e+01
                9700        9.110300e-05        2.857667e+01
                9800        1.478800e-04        2.859152e+01
                9900        1.583420e-04        2.824933e+01
               10000        1.442300e-04        2.823743e+01
               10100        1.584330e-04        1.985460e+01
               10200        1.395540e-04        1.983500e+01
               10300        1.609030e-04        1.176823e+01
               10400        1.585100e-04        1.150980e+01
               10500        1.528040e-04        9.032648e+00
               10600        1.559830e-04        9.027347e+00
               10700        1.485340e-04        8.985730e+00
               10800        1.542740e-04        8.990093e+00
               10900        1.516550e-04        5.853604e+00
               11000        1.389840e-04        5.850830e+00
               11100        1.536390e-04        5.215312e+00
               11200        1.476400e-04        5.211933e+00
               11300        1.489540e-04        5.214209e+00
               11400        1.462760e-04        5.214438e+00
               11500        1.481210e-04        2.518018e+00
               11600        1.511080e-04        2.516859e+00
               11700        1.368160e-04        1.692256e+00
               11800        1.394460e-04        1.125443e+00
               11900        1.693860e-04        1.125089e+00
               12000        1.395840e-04        1.125573e+00
               12100        1.424420e-04        1.125567e+00
               12200        1.485290e-04        9.337450e-01
               12300        1.308990e-04        3.673470e-01
               12400        1.552900e-04        3.675661e-01
               12500        1.551740e-04        3.675229e-01
               12600        1.314370e-04        3.109972e-01
               12700        1.596530e-04        3.110584e-01
               12800        1.535460e-04        1.792298e-01
               12900        1.206710e-04        1.299432e-01
               13000        1.592940e-04        1.001194e-01
               13100        1.537630e-04        1.001099e-01
               13200        1.396490e-04        1.000047e-01
               13300        1.266150e-04        9.999365e-02
               13400        1.501920e-04        1.001042e-01
               13500        1.572280e-04        7.331247e-02
               13600        1.140580e-04        5.947110e-02
               13700        1.489280e-04        5.968306e-02
               13800        1.573840e-04        5.971709e-02
               13900        1.271680e-04        4.092082e-02
               14000        1.484210e-04        4.044179e-02
               14100        1.848800e-04        2.456155e-02
               14200        1.270210e-04        2.441732e-02
               14300        1.538800e-04        2.178130e-02
               14400        1.126010e-04        2.177021e-02
               14500        1.612000e-04        2.177318e-02
               14600        1.386290e-04        2.177735e-02
               14700        1.413950e-04        2.102495e-02
               14800        1.268050e-04        2.102495e-02
               14900        1.329830e-04        1.415782e-02
               15000        1.379340e-04        1.200727e-02
               15100        1.312240e-04        9.733266e-03
               15200        1.514590e-04        9.362003e-03
               15300        1.553780e-04        9.088002e-03
               15400        1.520570e-04        8.515882e-03
               15500        1.515720e-04        7.542485e-03
               15600        1.300580e-04        5.968306e-02
               15700        9.034400e-05        7.381883e-03
               15800        1.455900e-04        7.382527e-03
               15900        1.533620e-04        6.626783e-03
               16000        4.907110e-04        7.326419e-03
               16100        1.237660e-04        6.705734e-03
               16200        1.687250e-04        6.697002e-03
               16300        1.349860e-04        6.696825e-03
               16400        1.363660e-04        6.697002e-03
               16500        1.561070e-04        5.029696e-03
               16600        1.341430e-04        4.769204e-03
               16700        1.517120e-04        4.311143e-03
               16800        1.425160e-04        3.950489e-03
               16900        1.479630e-04        2.796397e-03
               17000        1.297760e-04        2.024370e-03
               17100        1.444830e-04        2.028623e-03
               17200        1.278350e-04        1.774067e-03
               17300        1.592370e-04        1.323041e-03
               17400        1.179460e-04        1.323713e-03
               17500        1.396720e-04        1.326651e-03
               17600        1.223450e-04        1.325986e-03
               17700        1.337630e-04        1.187920e-03
               17800        1.263190e-04        1.184723e-03
               17900        9.984200e-05        9.939102e-04
               18000        8.252300e-05        8.611727e-04
               18100        1.371740e-04        8.601925e-04
               18200        1.212910e-04        7.837046e-04
               18300        1.197530e-04        7.812749e-04
               18400        8.262500e-05        7.793684e-04
               18500        1.170020e-04        7.792518e-04
               18600        7.848700e-05        6.595577e-04
               18700        1.130510e-04        6.600510e-04
               18800        7.766000e-05        6.573512e-04
               18900        1.097120e-04        6.574123e-04
               19000        8.142700e-05        6.574148e-04
               19100        1.222250e-04        6.574195e-04
               19200        8.315200e-05        6.573512e-04
               19300        1.153120e-04        5.909781e-04
               19400        7.805300e-05        5.784629e-04
               19500        1.191490e-04        5.779612e-04
               19600        7.921100e-05        5.726129e-04
               19700        1.156020e-04        5.732533e-04
               19800        7.911700e-05        5.714626e-04
               19900        1.291870e-04        5.723753e-04
               20000        1.423590e-04        5.302416e-04
               20100        7.558800e-05        5.294776e-04
               20200        1.346140e-04        5.265933e-04
               20300        1.487030e-04        5.252899e-04
               20400        1.267320e-04        5.820598e-04
               20500        1.350060e-04        5.837368e-04
               20600        1.551400e-04        4.133494e-04
               20700        1.367250e-04        3.962448e-04
               20800        1.473380e-04        3.941606e-04
               20900        1.507850e-04        3.052963e-04
               21000        1.430570e-04        3.067347e-04
               21100        1.477640e-04        2.350404e-04
               21200        1.540770e-04        2.305570e-04
               21300        1.789730e-04        1.200151e-04
               21400        1.538340e-04        1.212464e-04
               21500        1.411680e-04        5.726129e-04
               21600        1.551490e-04        8.047697e-05
               21700        1.268020e-04        5.697134e-05
               21800        1.588470e-04        5.751746e-05
               21900        1.543230e-04        3.717990e-05
               22000        1.330070e-04        3.464216e-05
               22100        1.459190e-04        1.857374e-05
               22200        1.318320e-04        1.425278e-05
               22300        1.258040e-04        8.821324e-06
               22400        1.604370e-04        7.088024e-06
               22500        1.246980e-04        7.090899e-06
               22600        1.447610e-04        7.075446e-06
               22700        1.084970e-04        5.748825e-06
               22800        1.289780e-04        3.715510e-06
               22900        1.445440e-04        3.715567e-06
               23000        1.373440e-04        3.714821e-06
               23100        1.439370e-04        3.268976e-06
               23200        1.443260e-04        3.268550e-06
               23300        1.477750e-04        3.266777e-06
               23400        1.422650e-04        3.266777e-06
               23500        1.207000e-04        2.351949e-06
               23600        1.325140e-04        2.337968e-06
               23700        1.144160e-04        2.337992e-06
               23800        1.110020e-04        2.096548e-06
               23900        1.233070e-04        2.084211e-06
               24000        1.335470e-04        1.806914e-06
               24100        1.200840e-04        1.507745e-06
               24200        1.170690e-04        1.403700e-06
               24300        1.367690e-04        1.402615e-06
               24400        1.553580e-04        1.260578e-06
               24500        1.332880e-04        1.200852e-06
               24600        1.219050e-04        1.135812e-06
               24700        1.568860e-04        1.061641e-06
               24800        8.937200e-05        1.053408e-06
               24900        1.436860e-04        1.054725e-06
               25000        1.443090e-04        1.024678e-06
               25100        1.260540e-04        1.013688e-06
               25200        1.211940e-04        1.014776e-06
               25300        1.516330e-04        9.899005e-07
               25400        1.219580e-04        9.893624e-07
               25500        9.360800e-05        9.884337e-07
               25600        1.367580e-04        9.689863e-07
               25700        1.065000e-04        9.589680e-07
               25800        1.035300e-04        9.582305e-07
               25900        1.470930e-04        9.517455e-07
               26000        1.352640e-04        9.509862e-07
               26100        1.273030e-04        9.513819e-07
               26200        1.494110e-04        9.325871e-07
               26300        1.451150e-04        9.259055e-07
               26400        1.100130e-04        9.259547e-07
               26500        1.319530e-04        9.103743e-07
               26600        1.213610e-04        9.086045e-07
               26700        7.509120e-04        9.086554e-07
               26800        1.175500e-04        9.090316e-07
               26900        1.289580e-04        9.088355e-07
               27000        8.083000e-05        9.088468e-07
               27100        1.146050e-04        8.959638e-07
               27200        8.579500e-05        8.893478e-07
               27300        1.244240e-04        8.856963e-07
               27400        1.327560e-04        8.750138e-07
               27500        1.257120e-04        8.751139e-07
               27600        1.557000e-04        8.703268e-07
               27700        1.329730e-04        8.643707e-07
               27800        1.220230e-04        8.643273e-07
               27900        1.543500e-04        8.558178e-07
               28000        1.215260e-04        8.592709e-07
               28100        9.806100e-05        8.517403e-07
               28200        1.541980e-04        8.517376e-07
               28300        1.226410e-04        8.514877e-07
               28400        1.295780e-04        7.026955e-07
               28500        1.472170e-04        7.544499e-07
               28600        1.302620e-04        7.552098e-07
               28700        1.196140e-04        7.551716e-07
               28800        1.673510e-04        5.215247e-07
               28900        1.187630e-04        5.070513e-07
               29000        1.063750e-04        5.073234e-07
               29100        1.412160e-04        4.908470e-07
               29200        1.304560e-04        3.529412e-07
               29300        1.569220e-04        3.239414e-07
               29400        1.344320e-04        3.239261e-07
               29500        1.629840e-04        3.236063e-07
               29600        1.512700e-04        3.117666e-07
               29700        1.410200e-04        1.999278e-07
               29800        1.505730e-04        1.999335e-07
               29900        1.426510e-04        1.999658e-07
               30000        1.388220e-04        1.767793e-07
               30100        1.695600e-04        1.053387e-07
               30200        1.648650e-04        1.019095e-07
               30300        1.326210e-04        1.018863e-07
               30400        1.574870e-04        8.098499e-08
               30500        1.276350e-04        7.173184e-08
               30600        1.624440e-04        7.163971e-08
               30700        1.694050e-04        7.211345e-08
               30800        1.330430e-04        6.315565e-08
               30900        1.196910e-04        5.243458e-08
               31000        1.616560e-04        5.246199e-08
               31100        1.241550e-04        5.246503e-08
               31200        1.319740e-04        5.336761e-08
               31300        1.610780e-04        4.192848e-08
               31400        1.013960e-04        4.187249e-08
               31500        9.817400e-05        4.190268e-08
               31600        1.169300e-04        4.278180e-08
               31700        1.621410e-04        4.273117e-08
               31800        1.378760e-04        4.273122e-08
               31900        1.831990e-04        1.999335e-07
               32000        1.300450e-04        3.150184e-08
               32100        1.560400e-04        3.128496e-08
               32200        1.459620e-04        3.050006e-08
               32300        1.252940e-04        2.716328e-08
               32400        1.458490e-04        2.664363e-08
               32500        1.498540e-04        2.504039e-08
               32600        1.377750e-04        2.455151e-08
               32700        1.524870e-04        2.416581e-08
               32800        1.484510e-04        2.412912e-08
               32900        1.574780e-04        2.382132e-08
               33000        1.595660e-04        2.387043e-08
               33100        1.626490e-04        2.316576e-08
               33200        1.664190e-04        2.337353e-08
               33300        1.331250e-04        2.307095e-08
               33400        1.404060e-04        2.308015e-08
               33500        1.293640e-04        2.232485e-08
               33600        1.637740e-04        2.207787e-08
               33700        1.172940e-04        2.205355e-08
               33800        1.581370e-04        2.205258e-08
               33900        1.122260e-04        2.173267e-08
               34000        1.611780e-04        2.166714e-08
               34100        1.112660e-04        2.153715e-08
               34200        1.564080e-04        2.153369e-08
               34300        1.483950e-04        2.085735e-08
               34400        1.617230e-04        2.079014e-08
               34500        1.514610e-04        1.614262e-08
               34600        1.851040e-04        1.613638e-08
               34700        1.729502e-03        1.613662e-08
               34800        1.401690e-04        1.613638e-08
               34900        1.474020e-04        1.036228e-08
               35000        1.320420e-04        8.662440e-09
               35100        1.259690e-04        5.353515e-09
               35200        1.477930e-04        3.601391e-09
               35300        1.284040e-04        3.527347e-09
               35400        1.395920e-04        2.960203e-09
               35500        1.705340e-04        2.953028e-09
               35600        1.305170e-04        2.618567e-09
               35700        1.301320e-04        2.586526e-09
               35800        1.050800e-04        1.501536e-09
               35900        1.299100e-04        1.497551e-09
               36000        1.236550e-04        1.450717e-09
               36100        1.477900e-04        1.417385e-09
               36200        1.287270e-04        1.231633e-09
               36300        1.650260e-04        9.046012e-10
               36400        1.764880e-04        6.386591e-10
               36500        1.247720e-04        6.372418e-10
               36600        1.722670e-04        5.529549e-10
               36700        1.458770e-04        3.900656e-10
               36800        1.289980e-04        3.900748e-10
               36900        1.330010e-04        3.900471e-10
               37000        1.505780e-04        3.730133e-10
               37100        1.251390e-04        3.741184e-10
               37200        1.480330e-04        2.347347e-10
               37300        1.714020e-04        2.341156e-10
               37400        2.446080e-04        2.240391e-10
               37500        1.508880e-04        1.674533e-10
               37600        1.665360e-04        1.654794e-10
               37700        1.537130e-04        1.172002e-10
               37800        1.667730e-04        1.093585e-10
               37900        1.561270e-04        8.733887e-11
               38000        1.571850e-04        7.567239e-11
               38100        1.765430e-04        7.707500e-11
               38200        1.603150e-04        7.707500e-11
               38300        1.586550e-04        6.372158e-11
               38400        1.299830e-04        6.378557e-11
               38500        1.837220e-04        6.372104e-11
               38600        1.607690e-04        6.373355e-11
               38700        1.615960e-04        6.373723e-11
               38800        1.519060e-04        6.297606e-11
               38900        1.460470e-04        6.244290e-11
               39000        1.761900e-04        5.522280e-11
               39100        1.504320e-04        5.519678e-11
               39200        1.480710e-04        5.451354e-11
               39300        1.408810e-04        4.901994e-11
               39400        1.551160e-04        4.967157e-11
               39500        1.427410e-04        4.966584e-11
               39600        1.432100e-04        4.976573e-11
               39700        1.526780e-04        4.966794e-11
               39800        1.283910e-04        4.967157e-11
               39900        1.675930e-04        4.976573e-11
               40000        1.514230e-04        3.231064e-11
               40100        1.409840e-04        2.868574e-11
               40200        1.539720e-04        1.485448e-11
               40300        1.338620e-04        8.581855e-12
               40400        1.573550e-04        8.574360e-12
               40500        1.327220e-04        8.987753e-12
               40600        1.722740e-04        8.574360e-12
               40700        1.466100e-04        6.782251e-12
               40800        1.784950e-04        4.413375e-12
               40900        1.520590e-04        3.746954e-12
               41000        1.690910e-04        3.756905e-12
               41100        1.435890e-04        4.976573e-11
               41200        1.178000e-04        2.833833e-12
               41300        1.360570e-04        1.764747e-12
               41400        1.148420e-04        1.546954e-12
               41500        1.022330e-04        1.185311e-12
               41600        9.268800e-05        8.320736e-13
               41700        1.465690e-04        6.786685e-13
               41800        1.555460e-04        6.702977e-13
               41900        1.492220e-04        3.824660e-13
               42000        1.504890e-04        2.330498e-13
               42100        1.236840e-04        2.188103e-13
               42200        1.621910e-04        1.274841e-13
               42300        1.297800e-04        7.548442e-14
               42400        1.482130e-04        7.548955e-14
               42500        1.500860e-04        7.580389e-14
               42600        1.246850e-04        6.003165e-14
               42700        1.507530e-04        5.996083e-14
               42800        1.486860e-04        3.667540e-14
               42900        1.497880e-04        3.661472e-14
               43000        1.539750e-04        7.580389e-14
               43100        1.284100e-04        2.862441e-14
               43200        1.620290e-04        1.795099e-14
               43300        1.316390e-04        1.731087e-14
               43400        1.667190e-04        1.730706e-14
               43500        1.512360e-04        1.268125e-14
               43600        1.518790e-04        1.211242e-14
               43700        1.390300e-04        9.717249e-15
               43800        1.275590e-04        8.087865e-15
               43900        1.512470e-04        7.769498e-15
               44000        1.331480e-04        7.169096e-15
               44100        1.566210e-04        7.048648e-15
               44200        1.286460e-04        7.011970e-15
               44300        1.590070e-04        6.652321e-15
               44400        1.505350e-04        6.119807e-15
               44500        1.342510e-04        6.119206e-15
               44600        1.397690e-04        5.963983e-15
               44700        1.049590e-04        4.929392e-15
               44800        1.367050e-04        3.621657e-15
               44900        1.537420e-04        3.615713e-15
               45000        1.301710e-04        3.217724e-15
               45100        1.382580e-04        3.023263e-15
               45200        1.528610e-04        2.596621e-15
               45300        1.488880e-04        2.601821e-15
               45400        1.552370e-04        2.490014e-15
               45500        1.538230e-04        2.445078e-15
               45600        1.596220e-04        2.383655e-15
               45700        1.637520e-04        2.385702e-15
               45800        2.160160e-04        3.621657e-15
               45900        1.315350e-04        2.361549e-15
               46000        1.450650e-04        2.298922e-15
               46100        1.733160e-04        2.262877e-15
               46200        1.437980e-04        2.258896e-15
               46300        1.654870e-04        2.260557e-15
               46400        2.061960e-04        2.250689e-15
               46500        1.526520e-04        2.171916e-15
               46600        1.719750e-04        2.224810e-15
               46700        1.390140e-04        2.220421e-15
               46800        3.445700e-04        2.224839e-15
               46900        1.334080e-04        2.385631e-15
               47000        1.497830e-04        2.070387e-15
               47100        1.375000e-04        2.070508e-15
               47200        1.913930e-04        2.073229e-15
               47300        1.502110e-04        2.069587e-15
               47400        1.614480e-04        2.014867e-15
               47500        1.338180e-04        2.033045e-15
               47600        1.526180e-04        1.576950e-15
               47700        1.354410e-04        1.402323e-15
               47800        1.487250e-04        1.404813e-15
               47900        1.526250e-04        1.333134e-15
               48000        1.926200e-04        1.279474e-15
               48100        1.570480e-04        1.067155e-15
               48200        1.023410e-04        1.067280e-15
               48300        1.592880e-04        1.002341e-15
               48400        1.654590e-04        1.002237e-15
               48500        1.499860e-04        1.001480e-15
               48600        1.487970e-04        9.808921e-16
               48700        1.523100e-04        7.474224e-16
               48800        1.303700e-04        7.228103e-16
               48900        1.612550e-04        7.479784e-16
               49000        1.294580e-04        6.138355e-16
               49100        1.647780e-04        5.924801e-16
               49200        1.438500e-04        5.917436e-16
               49300        1.587720e-04        5.918421e-16
               49400        1.427090e-04        5.917687e-16
               49500        1.614850e-04        5.917693e-16
               49600        1.463320e-04        3.621657e-15
               49700        1.464320e-04        4.483124e-16
               49800        1.608550e-04        3.700346e-16
               49900        1.552590e-04        3.639368e-16
               50000        1.784950e-04        3.640145e-16
               50100        1.559730e-04        3.630103e-16
               50200        1.616160e-04        2.633627e-16
               50300        1.657820e-04        2.101248e-16
               50400        1.540570e-04        1.975268e-16
               50500        1.573060e-04        1.979788e-16
               50600        1.333060e-04        1.402718e-16
               50700        1.648700e-04        8.780717e-17
               50800        1.695480e-04        8.759451e-17
               50900        1.833840e-04        6.029141e-17
               51000        1.631490e-04        6.083957e-17
               51100        1.577660e-04        3.993266e-17
               51200        1.974540e-04        2.752985e-17
               51300        1.203470e-04        2.751287e-17
               51400        1.502130e-04        2.755289e-17
               51500        1.809350e-04        2.755049e-17
               51600        1.303920e-04        2.752985e-17
               51700        1.393640e-04        2.448461e-17
               51800        1.465960e-04        1.765290e-17
               51900        1.719980e-04        1.764839e-17
               52000        1.173860e-04        1.773323e-17
               52100        1.620580e-04        1.575828e-17
               52200        1.238840e-04        1.047250e-17
               52300        1.496790e-04        6.484051e-18
               52400        1.525870e-04        4.545221e-18
               52500        1.139180e-04        4.512516e-18
               52600        1.468970e-04        4.172976e-18
               52700        1.431360e-04        2.842090e-18
               52800        1.579440e-04        2.841954e-18
               52900        1.250070e-04        2.844674e-18
               53000        1.419370e-04        2.841954e-18
               53100        9.571000e-05        1.874245e-18
               53200        8.382400e-05        1.874243e-18
               53300        1.569670e-04        1.871959e-18
               53400        1.683120e-04        1.218356e-18
               53500        8.163600e-05        6.919835e-19
               53600        1.493390e-04        5.813756e-19
               53700        1.241990e-04        3.488297e-19
               53800        1.612250e-04        3.112660e-19
               53900        1.695840e-04        1.932614e-19
               54000        9.882400e-05        1.741867e-19
               54100        1.504830e-04        1.224362e-19
               54200        1.728020e-04        1.102538e-19
               54300        1.754750e-04        9.289496e-20
               54400        1.363500e-04        8.758922e-20
               54500        1.363660e-04        5.179210e-20
               54600        1.321570e-04        4.741984e-20
               54700        1.450540e-04        4.735581e-20
               54800        4.450720e-04        4.735568e-20
               54900        1.350960e-04        4.745475e-20
               55000        1.780500e-04        3.019040e-20
               55100        1.594070e-04        3.018090e-20
               55200        1.349380e-04        3.006766e-20
               55300        8.296400e-05        2.978627e-20
               55400        1.565550e-04        2.930484e-20
               55500        1.285680e-04        2.930484e-20
               55600        1.535300e-04        2.930484e-20
               55700        1.359520e-04        1.770183e-20
               55800        1.283180e-04        1.444774e-20
               55900        1.460000e-04        1.097853e-20
               56000        1.288100e-04        1.108595e-20
               56100        1.409840e-04        1.092452e-20
               56200        1.515190e-04        1.092261e-20
               56300        1.211060e-04        7.807966e-21
               56400        1.506280e-04        5.271283e-21
               56500        1.561870e-04        5.251199e-21
               56600        1.347090e-04        3.102740e-21
               56700        1.291980e-04        3.644923e-21
               56800        1.776600e-04        2.955755e-21
               56900        1.412510e-04        1.832842e-21
               57000        1.606250e-04        1.708672e-21
               57100        1.541330e-04        9.455839e-22
               57200        1.407170e-04        9.433529e-22
               57300        1.555240e-04        9.434195e-22
               57400        1.403980e-04        3.102740e-21
               57500        1.534870e-04        8.341864e-22
               57600        1.437310e-04        7.744130e-22
               57700        1.624580e-04        6.949838e-22
               57800        1.108080e-04        5.104822e-22
               57900        2.988400e-04        5.078344e-22
               58000        9.832100e-05        5.078042e-22
               58100        1.541320e-04        5.078114e-22
               58200        1.542440e-04        5.078037e-22
               58300        9.704700e-05        5.078114e-22
               58400        1.517690e-04        2.518534e-22
               58500        1.580910e-04        4.170204e-22
               58600        1.441410e-04        2.443054e-22
               58700        1.647500e-04        2.423465e-22
               58800        8.731300e-05        2.172269e-22
               58900        1.409160e-04        1.342883e-22
               59000        1.512780e-04        1.333930e-22
               59100        1.152630e-04        9.581201e-23
               59200        1.414320e-04        9.563489e-23
               59300        1.255560e-04        9.556950e-23
               59400        1.788120e-04        7.041409e-23
               59500        1.513080e-04        6.547654e-23
               59600        1.281890e-04        5.277766e-23
               59700        1.849260e-04        4.206674e-23
               59800        1.568640e-04        2.110106e-23
               59900        1.165340e-04        1.831319e-23
               60000        8.819600e-05        9.331451e-24
               60100        2.439090e-04        9.286304e-24
               60200        1.576060e-04        9.211123e-24
               60300        1.498040e-04        7.931106e-24
               60400        2.225600e-04        7.917570e-24
               60500        9.329800e-05        7.922239e-24
               60600        1.589780e-04        7.917225e-24
               60700        1.518440e-04        7.541046e-24
               60800        1.510730e-04        4.584326e-24
               60900        1.570230e-04        4.537155e-24
               61000        8.391200e-05        4.531579e-24
               61100        1.672710e-04        3.184755e-24
               61200        2.046650e-04        3.175439e-24
               61300        1.747100e-04        2.902303e-24
               61400        8.473600e-05        2.435387e-24
               61500        1.625980e-04        2.435387e-24
               61600        8.550800e-05        1.364379e-24
               61700        1.834270e-04        1.357900e-24
               61800        8.298300e-05        1.015598e-24
               61900        1.711310e-04        1.007915e-24
               62000        1.299020e-04        1.006887e-24
               62100        1.899660e-04        6.850426e-25
               62200        1.992910e-04        4.725956e-25
               62300        2.215080e-04        4.730874e-25
               62400        1.367080e-04        4.730874e-25
               62500        1.566170e-04        3.465100e-25
               62600        1.523700e-04        2.165874e-25
               62700        1.472620e-04        1.922286e-25
               62800        1.431700e-04        1.612211e-25
               62900        1.484450e-04        1.609955e-25
               63000        1.537260e-04        1.609039e-25
               63100        1.420510e-04        1.609334e-25
               63200        1.441090e-04        1.606176e-25
               63300        1.563110e-04        1.606395e-25
               63400        1.430450e-04        1.253084e-25
               63500        1.756660e-04        1.080176e-25
               63600        1.336200e-04        7.242590e-26
               63700        1.457730e-04        7.248206e-26
               63800        1.631350e-04        1.606395e-25
               63900        1.356510e-04        5.617528e-26
               64000        1.727890e-04        4.667323e-26
               64100        1.526830e-04        3.838883e-26
               64200        1.461700e-04        3.277249e-26
               64300        1.892570e-04        3.287276e-26
               64400        1.578270e-04        3.056865e-26
               64500        1.354220e-04        2.630996e-26
               64600        1.775550e-04        2.631520e-26
               64700        1.274940e-04        2.623619e-26
               64800        1.554540e-04        2.620755e-26
               64900        1.432030e-04        2.555491e-26
               65000        1.599180e-04        2.033059e-26
               65100        1.295900e-04        2.032221e-26
               65200        1.551520e-04        2.024666e-26
               65300        1.109300e-04        2.027400e-26
               65400        1.537660e-04        2.003957e-26
               65500        1.898450e-04        2.019568e-26
               65600        1.592140e-04        1.711953e-26
               65700        1.440300e-04        1.703907e-26
               65800        1.355690e-04        1.492993e-26
               65900        1.467790e-04        1.487888e-26
               66000        1.114920e-04        1.597628e-26
               66100        1.396470e-04        1.486115e-26
               66200        1.239840e-04        1.489250e-26
               66300        1.605020e-04        1.378735e-26
               66400        1.286220e-04        1.384082e-26
               66500        1.565530e-04        1.380234e-26
               66600        1.223070e-04        1.383544e-26
               66700        3.305970e-04        1.278889e-26
               66800        1.549470e-04        1.433411e-26
               66900        1.441010e-04        1.434508e-26
               67000        1.402520e-04        1.269377e-26
               67100        1.203280e-04        1.269377e-26
               67200        1.803740e-04        1.270368e-26
               67300        1.372640e-04        1.270368e-26
               67400        1.035370e-04        1.151772e-26
               67500        1.550510e-04        1.181391e-26
               67600        2.965420e-04        1.118628e-26
               67700        1.115640e-04        1.119348e-26
               67800        1.267570e-04        1.120303e-26
               67900        1.525260e-04        1.120300e-26
               68000        1.493180e-04        1.119385e-26
               68100        1.535100e-04        1.042283e-26
               68200        1.057380e-04        1.101363e-26
               68300        1.987310e-04        1.075145e-26
               68400        1.000100e-04        1.075107e-26
               68500        8.292400e-05        9.892653e-27
               68600        1.556380e-04        9.883718e-27
               68700        1.469100e-04        8.924885e-27
               68800        9.397100e-05        8.608949e-27
               68900        1.522420e-04        8.640523e-27
               69000        1.512210e-04        8.639734e-27
               69100        1.698170e-04        8.998100e-27
               69200        1.480560e-04        9.650833e-27
               69300        1.337780e-04        9.730610e-27
               69400        1.357080e-04        9.993936e-27
               69500        1.375800e-04        1.000064e-26
               69600        1.594650e-04        9.892653e-27
               69700        1.267030e-04        1.022063e-26
               69800        1.977080e-04        1.013536e-26
               69900        1.071780e-04        9.228174e-27
               70000        1.509500e-04        9.228174e-27
               70100        1.635190e-04        1.022063e-26
               70200        1.008040e-04        9.053319e-27
               70300        1.280130e-04        9.174264e-27
               70400        1.677310e-04        1.060768e-26
               70500        1.735770e-04        1.061850e-26
               70600        1.663450e-04        1.177903e-26
               70700        1.203630e-04        1.146750e-26
               70800        1.475470e-04        1.146750e-26
               70900        1.113310e-04        1.151158e-26
               71000        1.505910e-04        1.036561e-26
               71100        2.982788e-03        9.461686e-27
               71200        1.518410e-04        9.523143e-27
               71300        1.443780e-04        9.462278e-27
               71400        1.632390e-04        9.527067e-27
               71500        1.372680e-04        8.625023e-27
               71600        1.601840e-04        8.633306e-27
               71700        1.510230e-04        8.612956e-27
               71800        1.458470e-04        7.949959e-27
               71900        1.624200e-04        8.037451e-27
               72000        1.302800e-04        8.031846e-27
               72100        1.852850e-04        8.031846e-27
               72200        1.311530e-04        7.671549e-27
               72300        1.672200e-04        7.671549e-27
               72400        1.276530e-04        8.083289e-27
               72500        1.709500e-04        8.095269e-27
               72600        1.289220e-04        8.139212e-27
               72700        1.665860e-04        8.166961e-27
               72800        1.290210e-04        8.159122e-27
               72900        1.335790e-04        8.638395e-27
               73000        1.674350e-04        8.937306e-27
               73100        1.297630e-04        8.939660e-27
               73200        1.569190e-04        8.925239e-27
               73300        1.136010e-04        8.925239e-27
               73400        1.657680e-04        8.707559e-27
               73500        1.020830e-04        8.823354e-27
               73600        1.619450e-04        8.925239e-27
               73700        1.887220e-04        7.869221e-27
               73800        1.114620e-04        7.926055e-27
               73900        1.558780e-04        8.618193e-27
               74000        1.540040e-04        8.631182e-27
               74100        1.089700e-04        8.689355e-27
               74200        1.574360e-04        8.683786e-27
               74300        1.602820e-04        8.681552e-27
               74400        8.490700e-05        8.631182e-27
               74500        1.611060e-04        9.677354e-27
               74600        1.478030e-04        9.772273e-27
               74700        1.277190e-04        9.929019e-27
               74800        1.562930e-04        8.435994e-27
               74900        1.067210e-04        8.290648e-27
               75000        1.510540e-04        8.279091e-27
               75100        1.528000e-04        8.287106e-27
               75200        9.318400e-05        8.279091e-27
               75300        1.484430e-04        8.864338e-27
               75400        1.503290e-04        8.279091e-27
               75500        9.690900e-05        8.861325e-27
               75600        1.601070e-04        9.601399e-27
               75700        1.486480e-04        9.491106e-27
               75800        1.519790e-04        9.491106e-27
               75900        1.226100e-04        9.417966e-27
               76000        1.355470e-04        9.337705e-27
               76100        1.375770e-04        9.147867e-27
               76200        5.139780e-04        9.243220e-27
               76300        1.310100e-04        8.931891e-27
               76400        1.555370e-04        8.220040e-27
               76500        1.301900e-04        8.113671e-27
               76600        1.386850e-04        7.249736e-27
               76700        1.193710e-04        7.249982e-27
               76800        1.332350e-04        7.349892e-27
               76900        1.374950e-04        7.309895e-27
               77000        1.121850e-04        7.249736e-27
               77100        1.374800e-04        6.995395e-27
               77200        1.464270e-04        7.042867e-27
               77300        9.221800e-05        7.042867e-27
               77400        1.379830e-04        7.937347e-27
               77500        9.219800e-05        7.757083e-27
               77600        1.637040e-04        7.521900e-27
               77700        9.527800e-05        7.469104e-27
               77800        9.364800e-05        7.349892e-27
               77900        9.037300e-05        6.930783e-27
               78000        9.042100e-05        6.972678e-27
               78100        1.351320e-04        7.530658e-27
               78200        9.350600e-05        7.641297e-27
               78300        1.311280e-04        7.515266e-27
               78400        1.508000e-04        9.769044e-27
               78500        1.082920e-04        9.220855e-27
               78600        1.173250e-04        9.224927e-27
               78700        8.725400e-05        9.257466e-27
               78800        1.233250e-04        9.207460e-27
               78900        9.636500e-05        8.847813e-27
               79000        8.190100e-05        9.747126e-27
               79100        1.542090e-04        9.747126e-27
               79200        1.829280e-04        9.647045e-27
               79300        1.474480e-04        9.661346e-27
               79400        1.553840e-04        1.031541e-26
               79500        1.089590e-04        9.534916e-27
               79600        1.571770e-04        9.534275e-27
               79700        1.572590e-04        9.508625e-27
               79800        9.834400e-05        9.511596e-27
               79900        1.491190e-04        9.455742e-27
               80000        1.594190e-04        1.023467e-26
               80100        1.025790e-04        1.023694e-26
               80200        8.689500e-05        1.023344e-26
               80300        1.571790e-04        1.024424e-26
               80400        1.536060e-04        1.016312e-26
               80500        1.494880e-04        1.022731e-26
               80600        1.633560e-04        8.117178e-27
               80700        1.089570e-04        7.715713e-27
               80800        1.583720e-04        7.712211e-27
               80900        1.565170e-04        7.719337e-27
               81000        1.017080e-04        7.798303e-27
               81100        1.534650e-04        7.719337e-27
               81200        1.549950e-04        7.680282e-27
               81300        9.410400e-05        9.648738e-27
               81400        1.253610e-04        8.963977e-27
               81500        9.443500e-05        8.777029e-27
               81600        8.236400e-05        9.911519e-27
               81700        1.520000e-04        1.265452e-26
               81800        1.538240e-04        1.056731e-26
               81900        1.428910e-04        9.627800e-27
               82000        9.287800e-05        9.645389e-27
               82100        1.583340e-04        9.657764e-27
               82200        1.612590e-04        9.704027e-27
               82300        1.621090e-04        9.773995e-27
               82400        1.587120e-04        9.587041e-27
               82500        1.362440e-04        9.550022e-27
               82600        1.593980e-04        9.508426e-27
               82700        1.390130e-04        9.508426e-27
               82800        1.748670e-04        1.028265e-26
               82900        1.403620e-04        1.032290e-26
               83000        1.261440e-04        1.032632e-26
               83100        1.599090e-04        1.022629e-26
               83200        1.678890e-04        1.030429e-26
               83300        1.419050e-04        1.030429e-26
               83400        1.607080e-04        8.694593e-27
               83500        1.688400e-04        8.222797e-27
               83600        1.536810e-04        8.621364e-27
               83700        1.516560e-04        8.762955e-27
               83800        1.538320e-04        9.435914e-27
               83900        1.510380e-04        9.409428e-27
               84000        1.380170e-04        9.019337e-27
               84100        1.498540e-04        8.121139e-27
               84200        1.445310e-04        8.119525e-27
               84300        1.497180e-04        8.278312e-27
               84400        1.556630e-04        8.220806e-27
               84500        1.556340e-04        8.804976e-27
               84600        1.538620e-04        9.023160e-27
               84700        1.602320e-04        9.847299e-27
               84800        1.560630e-04        9.972963e-27
               84900        1.546430e-04        9.318677e-27
               85000        1.586350e-04        9.232867e-27
               85100        1.571350e-04        8.384451e-27
               85200        1.600280e-04        8.523004e-27
               85300        1.584480e-04        8.563775e-27
               85400        1.467650e-04        8.889960e-27
               85500        1.613310e-04        8.879622e-27
               85600        1.631820e-04        8.926206e-27
               85700        1.598860e-04        8.750572e-27
               85800        1.791170e-04        8.626415e-27
               85900        1.523380e-04        8.387204e-27
               86000        1.549530e-04        8.797248e-27
               86100        1.396150e-04        8.509998e-27
               86200        1.554800e-04        9.006881e-27
               86300        1.474890e-04        9.931725e-27
               86400        1.543780e-04        9.906836e-27
               86500        1.527620e-04        9.776496e-27
               86600        1.542670e-04        9.331949e-27
               86700        1.590500e-04        8.428503e-27
               86800        1.391880e-04        8.773815e-27
               86900        1.581480e-04        8.696209e-27
               87000        1.459410e-04        8.858556e-27
               87100        1.667480e-04        8.860328e-27
               87200        1.545160e-04        8.869252e-27
               87300        1.484090e-04        7.605279e-27
               87400        1.263360e-04        6.899132e-27
               87500        1.740950e-04        7.122971e-27
               87600        1.379480e-04        7.977949e-27
               87700        1.620020e-04        9.163433e-27
               87800        1.312590e-04        9.164222e-27
               87900        1.629920e-04        8.870727e-27
               88000        1.460180e-04        9.050776e-27
               88100        9.580200e-05        9.045254e-27
               88200        1.639190e-04        8.837374e-27
               88300        1.492060e-04        7.873835e-27
               88400        1.321470e-04        7.873046e-27
               88500        1.670280e-04        7.900499e-27
               88600        1.207330e-04        7.892019e-27
               88700        9.769800e-05        7.224697e-27
               88800        1.528790e-04        7.734416e-27
               88900        1.232930e-04        7.496880e-27
               89000        1.489340e-04        7.558930e-27
               89100        9.564800e-05        7.895982e-27
               89200        1.698720e-04        7.787205e-27
               89300        9.612600e-05        8.631989e-27
               89400        1.476660e-04        8.705570e-27
               89500        8.979800e-05        9.029812e-27
               89600        1.378310e-04        9.029122e-27
               89700        1.235980e-04        9.266287e-27
               89800        8.983000e-05        1.006848e-26
               89900        1.489270e-04        9.922442e-27
               90000        8.526700e-05        1.004958e-26
               90100        1.292510e-04        1.001433e-26
               90200        1.411570e-04        1.024829e-26
               90300        1.094680e-04        8.933235e-27
               90400        9.343900e-05        9.351523e-27
               90500        1.143530e-04        9.304299e-27
               90600        9.348700e-05        9.325676e-27
               90700        1.310710e-04        9.220358e-27
               90800        1.189500e-04        9.304299e-27
               90900        1.630170e-04        9.838941e-27
               91000        1.219710e-04        1.014665e-26
               91100        9.587100e-05        1.019630e-26
               91200        1.470200e-04        1.017661e-26
               91300        1.239490e-04        9.474324e-27
               91400        1.311540e-04        9.454966e-27
               91500        1.464780e-04        9.488838e-27
               91600        1.323450e-04        9.388311e-27
               91700        1.276350e-04        9.818296e-27
               91800        1.372800e-04        9.865138e-27
               91900        1.156390e-04        9.807000e-27
               92000        8.892800e-05        1.070260e-26
               92100        1.347210e-04        1.040224e-26
               92200        1.163630e-04        1.037871e-26
               92300        1.311810e-04        1.011503e-26
               92400        1.420950e-04        1.008990e-26
               92500        1.337720e-04        1.004008e-26
               92600        1.395460e-04        1.003180e-26
               92700        1.342440e-04        1.010374e-26
               92800        1.118280e-04        9.618944e-27
               92900        1.665680e-04        9.633568e-27
               93000        1.268930e-04        9.633568e-27
               93100        1.589460e-04        1.004064e-26
               93200        1.259960e-04        8.837121e-27
               93300        1.333090e-04        9.648469e-27
               93400        1.575690e-04        8.692397e-27
               93500        1.072830e-04        8.694764e-27
               93600        1.482410e-04        8.693429e-27
               93700        1.157960e-04        8.693429e-27
               93800        1.476010e-04        9.420159e-27
               93900        1.283200e-04        9.570585e-27
               94000        1.093790e-04        9.597319e-27
               94100        1.345480e-04        9.594435e-27
               94200        1.172050e-04        1.008990e-26
               94300        8.477400e-05        9.537335e-27
               94400        1.452680e-04        7.998143e-27
               94500        9.445700e-05        8.011159e-27
               94600        1.124950e-04        8.222714e-27
               94700        1.216300e-04        8.919346e-27
               94800        1.359110e-04        8.901851e-27
               94900        1.051310e-04        8.893568e-27
               95000        1.366320e-04        9.006845e-27
               95100        1.038210e-04        9.283542e-27
               95200        1.421020e-04        9.215341e-27
               95300        9.919100e-05        9.216364e-27
               95400        1.263820e-04        9.215341e-27
               95500        9.639200e-05        9.838630e-27
               95600        1.266530e-04        8.655780e-27
               95700        9.900600e-05        8.660514e-27
               95800        1.361430e-04        8.862070e-27
               95900        1.087890e-04        8.079705e-27
               96000        1.321180e-04        8.113454e-27
               96100        1.077300e-04        8.038945e-27
               96200        1.261710e-04        8.213400e-27
               96300        1.027750e-04        8.275759e-27
               96400        1.349910e-04        8.205314e-27
               96500        1.072710e-04        8.585117e-27
               96600        1.327160e-04        8.611444e-27
               96700        9.979700e-05        8.379087e-27
               96800        1.342320e-04        8.685963e-27
               96900        9.916200e-05        9.527907e-27
               97000        1.414230e-04        9.027908e-27
               97100        1.029720e-04        9.006091e-27
               97200        1.337870e-04        9.131627e-27
               97300        8.805900e-05        1.122335e-26
               97400        7.280300e-05        1.205513e-26
               97500        1.347700e-04        1.206364e-26
               97600        7.918700e-05        1.206682e-26
               97700        1.246310e-04        9.573325e-27
               97800        7.238200e-05        1.235811e-26
               97900        1.219130e-04        1.192406e-26
               98000        7.409000e-05        1.209758e-26
               98100        1.206620e-04        1.024751e-26
               98200        8.016500e-05        1.041802e-26
               98300        7.616200e-05        1.046865e-26
               98400        1.202720e-04        9.993710e-27
               98500        1.142350e-04        9.581391e-27
               98600        1.073950e-04        9.786088e-27
               98700        1.187840e-04        1.024515e-26
               98800        7.495400e-05        9.410470e-27
               98900        6.968000e-05        8.798188e-27
               99000        6.982700e-05        8.783083e-27
               99100        7.100000e-05        9.863143e-27
               99200        7.105000e-05        9.942972e-27
               99300        6.991100e-05        9.541827e-27
               99400        6.940800e-05        9.254086e-27
               99500        7.180800e-05        9.344841e-27
               99600        7.045100e-05        9.335374e-27
               99700        7.078100e-05        9.363213e-27
               99800        7.078700e-05        9.363213e-27
               99900        6.960500e-05        9.991648e-27
              100000        7.056100e-05        7.930474e-27
