Period: 100
               Epoch           Time cost                Loss
                 100        1.951830e-04        6.524142e+04
                 200        1.637920e-04        4.139610e+04
                 300        1.805240e-04        2.852073e+04
                 400        1.580740e-04        2.160429e+04
                 500        1.583350e-04        1.297796e+04
                 600        1.621180e-04        9.242581e+03
                 700        1.619050e-04        6.002610e+03
                 800        1.715180e-04        4.296401e+03
                 900        1.623810e-04        3.010649e+03
                1000        1.769980e-04        2.074097e+03
                1100        1.675090e-04        1.267461e+03
                1200        1.579210e-04        8.785790e+02
                1300        1.679130e-04        5.878980e+02
                1400        1.679250e-04        4.111255e+02
                1500        1.586190e-04        2.840432e+02
                1600        1.773580e-04        1.765887e+02
                1700        1.809470e-04        1.205457e+02
                1800        2.211070e-04        8.221858e+01
                1900        1.616870e-04        4.911551e+01
                2000        1.583690e-04        3.332371e+01
                2100        1.583040e-04        2.212229e+01
                2200        1.701110e-04        1.354418e+01
                2300        1.590940e-04        9.677025e+00
                2400        1.582880e-04        5.806842e+00
                2500        1.574200e-04        4.278950e+00
                2600        1.788850e-04        2.533090e+00
                2700        1.585500e-04        1.884181e+00
                2800        1.635080e-04        1.139680e+00
                2900        1.577360e-04        7.932640e-01
                3000        1.570250e-04        5.603373e-01
                3100        1.567270e-04        3.442405e-01
                3200        1.572330e-04        2.146941e-01
                3300        1.580470e-04        1.459173e-01
                3400        1.595900e-04        8.367954e-02
                3500        1.603600e-04        5.803632e-02
                3600        1.576280e-04        3.727674e-02
                3700        1.594560e-04        2.581639e-02
                3800        1.588430e-04        1.671995e-02
                3900        1.582850e-04        1.042683e-02
                4000        1.590700e-04        6.719500e-03
                4100        1.735870e-04        4.410088e-03
                4200        1.610400e-04        3.062408e-03
                4300        1.614550e-04        1.992519e-03
                4400        1.492050e-04        1.187684e-03
                4500        1.588630e-04        7.335837e-04
                4600        1.584100e-04        5.084941e-04
                4700        1.585640e-04        3.151201e-04
                4800        1.581350e-04        2.023654e-04
                4900        1.604590e-04        1.570849e-04
                5000        1.588750e-04        1.075173e-04
                5100        1.595240e-04        6.731660e-05
                5200        1.599520e-04        4.364049e-05
                5300        1.592530e-04        3.043140e-05
                5400        1.586390e-04        1.704864e-05
                5500        1.580600e-04        9.534109e-06
                5600        1.589140e-04        6.143502e-06
                5700        1.593760e-04        3.713174e-06
                5800        1.589010e-04        2.442832e-06
                5900        1.602410e-04        1.647465e-06
                6000        1.597990e-04        1.076306e-06
                6100        1.591470e-04        6.804564e-07
                6200        1.586670e-04        3.833487e-07
                6300        1.631630e-04        2.597004e-07
                6400        1.591480e-04        1.547441e-07
                6500        1.583810e-04        1.003866e-07
                6600        1.568090e-04        6.516917e-08
                6700        1.574750e-04        4.268205e-08
                6800        1.585540e-04        2.634280e-08
                6900        1.766490e-04        2.030742e-08
                7000        1.576400e-04        1.272201e-08
                7100        1.592980e-04        8.013925e-09
                7200        1.580510e-04        4.954219e-09
                7300        1.590380e-04        2.987502e-09
                7400        1.589650e-04        1.810686e-09
                7500        1.591640e-04        1.260571e-09
                7600        1.580660e-04        8.049666e-10
                7700        1.575650e-04        5.012627e-10
                7800        1.558150e-04        3.017845e-10
                7900        1.597200e-04        1.830877e-10
                8000        1.578030e-04        1.389797e-10
                8100        1.584330e-04        9.129219e-11
                8200        1.579630e-04        5.790862e-11
                8300        1.597580e-04        3.733084e-11
                8400        1.589070e-04        2.462432e-11
                8500        1.794680e-04        1.655729e-11
                8600        1.575340e-04        9.761794e-12
                8700        1.590540e-04        6.385323e-12
                8800        1.482290e-04        4.790384e-12
                8900        1.573650e-04        3.159590e-12
                9000        1.602740e-04        2.221531e-12
                9100        1.592200e-04        1.546374e-12
                9200        1.584740e-04        9.914624e-13
                9300        1.587380e-04        7.433397e-13
                9400        1.576480e-04        5.081571e-13
                9500        1.593260e-04        3.011340e-13
                9600        1.600190e-04        2.203259e-13
                9700        1.594110e-04        1.297834e-13
                9800        1.595810e-04        8.683768e-14
                9900        1.585760e-04        5.508583e-14
               10000        1.604430e-04        3.828860e-14
               10100        1.587670e-04        2.586494e-14
               10200        1.583160e-04        1.650888e-14
               10300        1.583560e-04        1.207598e-14
               10400        1.480980e-04        7.372424e-15
               10500        1.589330e-04        4.865712e-15
               10600        1.582690e-04        3.807385e-15
               10700        1.589350e-04        2.380741e-15
               10800        1.597850e-04        1.562858e-15
               10900        1.809830e-04        1.027501e-15
               11000        1.657390e-04        6.499091e-16
               11100        1.604620e-04        3.886675e-16
               11200        1.598690e-04        2.293715e-16
               11300        1.588840e-04        1.672393e-16
               11400        1.589270e-04        1.010508e-16
               11500        1.587680e-04        6.352287e-17
               11600        1.595350e-04        4.088124e-17
               11700        1.576510e-04        2.762108e-17
               11800        1.582350e-04        1.751995e-17
               11900        1.585900e-04        1.060378e-17
               12000        1.818050e-04        6.987759e-18
               12100        1.648450e-04        4.185627e-18
               12200        1.625950e-04        2.819146e-18
               12300        1.605200e-04        1.752035e-18
               12400        1.595360e-04        1.066443e-18
               12500        1.591340e-04        7.186356e-19
               12600        1.598380e-04        4.497736e-19
               12700        1.596260e-04        2.956873e-19
               12800        1.501130e-04        1.901610e-19
               12900        1.829990e-04        1.296785e-19
               13000        1.622880e-04        9.925475e-20
               13100        1.624860e-04        6.904386e-20
               13200        1.638360e-04        4.144808e-20
               13300        1.648700e-04        3.155443e-20
               13400        1.651670e-04        1.883876e-20
               13500        1.618140e-04        1.273697e-20
               13600        1.644890e-04        7.952543e-21
               13700        1.636030e-04        4.542679e-21
               13800        1.627850e-04        3.242112e-21
               13900        1.656920e-04        2.286492e-21
               14000        1.640760e-04        1.494195e-21
               14100        1.627910e-04        9.599421e-22
               14200        1.647110e-04        6.358778e-22
               14300        1.648520e-04        3.396113e-22
               14400        1.653670e-04        2.203652e-22
               14500        1.633450e-04        1.367550e-22
               14600        1.553740e-04        8.121952e-23
               14700        1.625030e-04        5.797708e-23
               14800        1.644900e-04        3.790386e-23
               14900        1.647530e-04        2.364259e-23
               15000        1.621480e-04        1.462859e-23
               15100        1.763600e-04        8.928159e-24
               15200        1.543210e-04        6.255435e-24
               15300        1.643720e-04        3.464924e-24
               15400        1.630680e-04        2.352260e-24
               15500        1.646450e-04        1.384082e-24
               15600        1.792590e-04        1.009590e-24
               15700        1.680270e-04        7.010467e-25
               15800        1.740120e-04        6.220411e-25
               15900        1.658890e-04        4.392592e-25
               16000        1.656240e-04        3.260641e-25
               16100        1.723880e-04        2.030081e-25
               16200        2.100280e-04        1.791428e-25
               16300        1.611940e-04        1.429879e-25
               16400        1.590940e-04        1.714341e-25
               16500        2.223970e-04        1.616019e-25
               16600        2.105460e-04        1.633417e-25
               16700        1.561500e-04        1.451815e-25
               16800        2.014740e-04        1.390946e-25
               16900        1.983420e-04        1.165298e-25
               17000        2.000660e-04        1.306736e-25
               17100        1.760480e-04        1.385125e-25
               17200        1.911010e-04        1.274397e-25
               17300        1.886440e-04        1.329495e-25
               17400        1.798030e-04        1.369920e-25
               17500        1.876860e-04        1.365772e-25
               17600        1.852650e-04        1.350526e-25
               17700        1.852200e-04        1.477315e-25
               17800        1.858540e-04        1.432911e-25
               17900        1.729720e-04        1.351485e-25
               18000        1.708000e-04        1.435006e-25
               18100        2.102350e-04        1.329534e-25
               18200        1.762860e-04        1.577426e-25
               18300        1.592180e-04        1.336104e-25
               18400        1.727380e-04        1.191279e-25
               18500        1.698440e-04        1.218281e-25
               18600        1.691250e-04        1.268309e-25
               18700        1.740100e-04        1.623182e-25
               18800        1.732900e-04        1.394167e-25
               18900        1.593640e-04        1.483201e-25
               19000        1.497860e-04        1.404202e-25
               19100        1.487780e-04        1.456094e-25
               19200        1.518540e-04        1.352295e-25
               19300        1.525800e-04        1.345823e-25
               19400        1.496300e-04        1.516422e-25
               19500        1.555250e-04        1.551388e-25
               19600        1.491910e-04        1.557727e-25
               19700        1.512390e-04        1.383798e-25
               19800        1.495120e-04        1.315890e-25
               19900        1.724450e-04        1.527026e-25
               20000        1.491660e-04        1.552567e-25
               20100        1.508610e-04        1.551771e-25
               20200        1.555790e-04        1.326912e-25
               20300        1.570970e-04        1.502751e-25
               20400        1.932040e-04        1.434831e-25
               20500        1.695880e-04        1.603786e-25
               20600        1.588560e-04        1.584666e-25
               20700        1.614230e-04        1.417186e-25
               20800        1.778530e-04        1.339519e-25
               20900        1.509040e-04        1.388291e-25
               21000        1.535290e-04        1.213193e-25
               21100        1.549520e-04        1.259857e-25
               21200        1.515750e-04        1.277066e-25
               21300        1.705320e-04        1.319271e-25
               21400        1.929550e-04        1.260601e-25
               21500        1.504980e-04        1.168860e-25
               21600        1.514710e-04        1.248747e-25
               21700        1.556090e-04        1.249159e-25
               21800        1.527690e-04        1.155273e-25
               21900        1.510080e-04        1.179757e-25
               22000        1.525190e-04        1.344455e-25
               22100        1.509830e-04        1.497761e-25
               22200        1.517160e-04        1.349513e-25
               22300        1.524320e-04        1.429231e-25
               22400        1.529110e-04        1.341904e-25
               22500        1.500250e-04        1.358984e-25
               22600        1.670400e-04        1.211957e-25
               22700        1.619160e-04        1.583129e-25
               22800        1.626670e-04        1.362195e-25
               22900        1.639940e-04        1.443361e-25
               23000        1.590800e-04        1.608594e-25
               23100        1.583460e-04        1.766380e-25
               23200        1.587620e-04        1.602013e-25
               23300        1.589700e-04        1.601922e-25
               23400        1.573190e-04        1.587251e-25
               23500        1.582970e-04        1.584795e-25
               23600        1.597260e-04        1.549673e-25
               23700        1.603760e-04        1.623322e-25
               23800        1.534150e-04        1.964970e-25
               23900        1.511090e-04        1.908314e-25
               24000        1.545840e-04        1.761461e-25
               24100        1.534860e-04        1.574610e-25
               24200        1.517100e-04        1.690229e-25
               24300        1.557450e-04        1.626101e-25
               24400        1.530580e-04        1.310708e-25
               24500        1.545130e-04        1.344557e-25
               24600        1.562560e-04        1.597164e-25
               24700        1.525050e-04        1.406541e-25
               24800        1.553550e-04        1.540485e-25
               24900        1.500700e-04        1.620451e-25
               25000        1.491490e-04        1.528912e-25
               25100        1.497320e-04        1.339616e-25
               25200        1.515070e-04        1.058819e-25
               25300        1.583930e-04        1.226049e-25
               25400        1.530560e-04        1.363536e-25
               25500        1.512610e-04        1.445425e-25
               25600        1.501310e-04        1.563893e-25
               25700        1.526330e-04        1.395430e-25
               25800        1.459410e-04        1.456300e-25
               25900        1.456070e-04        1.516670e-25
               26000        1.456720e-04        1.424910e-25
               26100        1.454910e-04        1.327581e-25
               26200        1.455270e-04        1.409729e-25
               26300        1.431090e-04        1.374015e-25
               26400        1.471840e-04        1.277498e-25
               26500        1.454960e-04        1.296784e-25
               26600        1.538960e-04        1.319023e-25
               26700        1.421710e-04        1.448440e-25
               26800        1.447580e-04        1.464701e-25
               26900        1.549010e-04        1.407389e-25
               27000        1.488300e-04        1.333764e-25
               27100        1.452850e-04        1.370732e-25
               27200        1.448400e-04        1.487502e-25
               27300        1.433230e-04        1.651858e-25
               27400        1.455910e-04        1.708445e-25
               27500        1.484810e-04        1.668403e-25
               27600        1.545330e-04        1.771957e-25
               27700        1.520510e-04        1.851031e-25
               27800        1.469450e-04        1.961530e-25
               27900        1.590390e-04        1.742985e-25
               28000        1.509300e-04        1.701154e-25
               28100        1.540960e-04        1.644496e-25
               28200        1.517450e-04        1.459382e-25
               28300        1.603550e-04        1.437895e-25
               28400        1.533980e-04        1.558236e-25
               28500        1.519210e-04        1.560577e-25
               28600        1.594690e-04        1.414020e-25
               28700        1.497990e-04        1.251731e-25
               28800        1.569240e-04        1.254058e-25
               28900        1.490880e-04        1.306709e-25
               29000        1.485250e-04        1.412408e-25
               29100        1.466330e-04        1.391037e-25
               29200        1.479670e-04        1.432614e-25
               29300        1.486860e-04        1.408072e-25
               29400        1.488700e-04        1.755126e-25
               29500        1.476950e-04        1.382107e-25
               29600        1.475370e-04        1.473496e-25
               29700        1.480560e-04        1.503505e-25
               29800        1.510410e-04        1.511960e-25
               29900        1.469800e-04        1.452347e-25
               30000        1.526190e-04        1.501865e-25
               30100        1.494370e-04        1.442577e-25
               30200        1.482410e-04        1.296007e-25
               30300        1.482330e-04        1.211212e-25
               30400        1.487450e-04        1.150911e-25
               30500        1.535610e-04        1.348816e-25
               30600        1.462270e-04        1.525907e-25
               30700        1.479970e-04        1.327759e-25
               30800        1.475350e-04        1.297797e-25
               30900        1.520250e-04        1.344101e-25
               31000        1.550860e-04        1.497542e-25
               31100        1.518390e-04        1.605095e-25
               31200        1.470640e-04        1.566990e-25
               31300        1.494910e-04        1.368691e-25
               31400        1.549420e-04        1.546207e-25
               31500        1.542610e-04        1.403828e-25
               31600        1.489060e-04        1.424041e-25
               31700        1.486470e-04        1.377404e-25
               31800        1.487660e-04        1.378206e-25
               31900        1.476260e-04        1.273544e-25
               32000        1.478030e-04        1.417007e-25
               32100        1.541890e-04        1.312724e-25
               32200        1.505890e-04        1.650575e-25
               32300        1.508180e-04        1.514485e-25
               32400        1.489270e-04        1.427033e-25
               32500        1.501410e-04        1.346514e-25
               32600        1.472760e-04        1.338126e-25
               32700        1.483830e-04        1.324013e-25
               32800        1.497580e-04        1.307668e-25
               32900        1.449310e-04        1.195994e-25
               33000        1.460470e-04        1.210350e-25
               33100        1.467430e-04        1.211852e-25
               33200        1.441750e-04        1.297476e-25
               33300        1.544080e-04        1.259750e-25
               33400        1.481810e-04        1.281404e-25
               33500        1.478550e-04        1.497156e-25
               33600        1.474220e-04        1.549770e-25
               33700        1.443130e-04        1.346027e-25
               33800        1.441650e-04        1.522030e-25
               33900        1.440410e-04        1.368861e-25
               34000        1.454540e-04        1.143993e-25
               34100        1.459160e-04        1.504264e-25
               34200        1.498640e-04        1.294482e-25
               34300        1.534590e-04        1.109687e-25
               34400        1.579250e-04        1.269760e-25
               34500        1.473480e-04        1.361591e-25
               34600        1.513880e-04        1.230027e-25
               34700        1.497870e-04        1.195250e-25
               34800        1.551280e-04        1.316456e-25
               34900        1.515630e-04        1.300576e-25
               35000        1.549460e-04        1.259247e-25
               35100        1.500130e-04        1.351786e-25
               35200        1.466940e-04        1.648359e-25
               35300        1.482250e-04        1.555369e-25
               35400        1.459990e-04        1.330264e-25
               35500        1.503570e-04        1.695175e-25
               35600        1.469780e-04        1.545726e-25
               35700        1.537520e-04        1.584181e-25
               35800        1.536800e-04        1.521664e-25
               35900        1.522660e-04        1.532368e-25
               36000        1.503030e-04        1.375158e-25
               36100        1.493890e-04        1.496095e-25
               36200        1.476710e-04        1.402761e-25
               36300        1.465320e-04        1.465296e-25
               36400        1.474560e-04        1.330435e-25
               36500        1.495690e-04        1.311053e-25
               36600        1.529480e-04        1.176295e-25
               36700        1.542890e-04        1.258865e-25
               36800        1.533240e-04        1.191082e-25
               36900        1.532980e-04        1.178713e-25
               37000        1.506960e-04        1.168927e-25
               37100        1.533690e-04        1.645678e-25
               37200        1.596700e-04        1.278599e-25
               37300        1.486460e-04        1.321536e-25
               37400        1.492030e-04        1.056773e-25
               37500        1.491250e-04        1.261677e-25
               37600        1.472430e-04        1.357529e-25
               37700        1.475690e-04        1.503286e-25
               37800        1.476360e-04        1.708720e-25
               37900        1.507570e-04        1.957676e-25
               38000        1.455480e-04        1.883203e-25
               38100        1.485940e-04        1.827316e-25
               38200        1.482400e-04        1.939209e-25
               38300        1.484280e-04        2.251317e-25
               38400        1.442840e-04        2.132175e-25
               38500        1.534050e-04        1.831665e-25
               38600        1.574120e-04        2.078750e-25
               38700        1.469630e-04        2.166538e-25
               38800        1.459230e-04        1.934352e-25
               38900        1.596120e-04        1.852402e-25
               39000        1.524110e-04        1.543626e-25
               39100        1.497120e-04        1.477948e-25
               39200        1.506650e-04        1.513495e-25
               39300        1.499600e-04        1.631700e-25
               39400        1.520640e-04        1.312603e-25
               39500        1.638240e-04        1.483044e-25
               39600        1.632190e-04        1.908668e-25
               39700        1.522170e-04        1.700312e-25
               39800        1.513880e-04        1.999956e-25
               39900        1.523040e-04        1.663884e-25
               40000        1.517320e-04        1.311948e-25
               40100        1.523970e-04        1.435549e-25
               40200        1.513310e-04        1.247933e-25
               40300        1.517300e-04        1.290344e-25
               40400        1.512510e-04        1.414504e-25
               40500        1.502870e-04        1.384119e-25
               40600        1.554770e-04        1.263827e-25
               40700        1.525410e-04        1.150597e-25
               40800        1.512400e-04        1.600372e-25
               40900        1.523250e-04        1.470420e-25
               41000        1.472170e-04        1.413704e-25
               41100        1.474100e-04        1.370685e-25
               41200        2.129980e-04        1.408682e-25
               41300        1.523830e-04        1.542570e-25
               41400        1.488840e-04        1.406110e-25
               41500        1.464280e-04        1.463825e-25
               41600        1.515320e-04        1.511321e-25
               41700        1.471160e-04        1.837274e-25
               41800        1.492860e-04        1.634149e-25
               41900        1.464520e-04        1.510478e-25
               42000        1.470150e-04        1.411191e-25
               42100        1.519810e-04        1.848879e-25
               42200        1.501870e-04        1.749765e-25
               42300        1.497690e-04        1.900505e-25
               42400        1.474690e-04        1.692434e-25
               42500        1.480580e-04        1.345329e-25
               42600        1.464210e-04        1.530641e-25
               42700        1.495110e-04        1.435355e-25
               42800        1.547710e-04        1.312757e-25
               42900        1.495980e-04        1.219452e-25
               43000        1.482560e-04        1.236954e-25
               43100        1.490090e-04        1.109561e-25
               43200        1.490270e-04        1.354467e-25
               43300        1.487480e-04        1.598902e-25
               43400        1.461610e-04        1.462840e-25
               43500        1.484180e-04        1.368955e-25
               43600        1.493070e-04        1.568954e-25
               43700        1.485070e-04        1.471458e-25
               43800        1.482390e-04        1.451395e-25
               43900        1.480090e-04        1.493612e-25
               44000        1.517290e-04        1.735657e-25
               44100        1.538080e-04        1.519261e-25
               44200        1.557510e-04        1.584211e-25
               44300        1.582380e-04        1.906754e-25
               44400        1.579210e-04        1.490937e-25
               44500        1.629920e-04        1.456645e-25
               44600        1.509410e-04        1.627498e-25
               44700        1.515400e-04        1.365445e-25
               44800        1.534310e-04        1.465204e-25
               44900        1.564820e-04        1.526552e-25
               45000        1.515680e-04        1.464362e-25
               45100        1.521220e-04        1.562454e-25
               45200        1.546510e-04        1.629539e-25
               45300        1.525880e-04        1.748069e-25
               45400        1.520280e-04        1.720044e-25
               45500        1.510550e-04        1.648767e-25
               45600        1.580370e-04        1.517902e-25
               45700        1.509660e-04        1.615360e-25
               45800        1.521590e-04        1.272469e-25
               45900        1.522400e-04        1.359146e-25
               46000        1.524120e-04        1.516128e-25
               46100        1.526820e-04        1.560800e-25
               46200        1.654520e-04        1.621844e-25
               46300        1.737670e-04        1.289810e-25
               46400        1.745600e-04        1.309840e-25
               46500        1.610040e-04        1.032843e-25
               46600        1.551710e-04        1.425001e-25
               46700        1.636190e-04        1.562036e-25
               46800        1.494880e-04        1.642751e-25
               46900        1.476600e-04        1.507968e-25
               47000        1.474510e-04        1.420781e-25
               47100        1.472710e-04        1.408898e-25
               47200        1.485490e-04        1.642024e-25
               47300        1.456430e-04        1.608786e-25
               47400        1.474170e-04        1.591973e-25
               47500        1.472700e-04        1.572931e-25
               47600        1.483160e-04        1.469791e-25
               47700        1.504750e-04        1.393028e-25
               47800        1.498890e-04        1.504916e-25
               47900        1.483050e-04        1.250957e-25
               48000        1.510670e-04        1.267257e-25
               48100        1.471090e-04        1.539838e-25
               48200        1.475250e-04        1.585075e-25
               48300        1.502110e-04        1.573029e-25
               48400        1.533190e-04        1.500070e-25
               48500        1.532330e-04        1.690315e-25
               48600        1.504970e-04        1.517974e-25
               48700        1.513490e-04        1.753814e-25
               48800        1.502160e-04        1.774084e-25
               48900        1.519530e-04        1.823436e-25
               49000        1.493550e-04        1.902723e-25
               49100        1.551230e-04        1.752846e-25
               49200        1.501440e-04        1.789858e-25
               49300        1.524520e-04        1.553094e-25
               49400        1.534110e-04        1.372095e-25
               49500        1.597410e-04        1.558100e-25
               49600        1.594130e-04        1.497291e-25
               49700        1.528790e-04        1.476292e-25
               49800        1.514490e-04        1.407550e-25
               49900        1.515670e-04        1.554701e-25
               50000        1.529640e-04        1.614354e-25
               50100        1.521290e-04        1.619313e-25
               50200        1.510210e-04        1.306545e-25
               50300        1.514170e-04        1.426973e-25
               50400        1.543810e-04        1.535184e-25
               50500        1.507430e-04        1.558504e-25
               50600        1.643650e-04        1.488394e-25
               50700        1.529910e-04        1.891318e-25
               50800        1.513540e-04        1.607985e-25
               50900        1.584930e-04        1.599823e-25
               51000        1.548710e-04        1.486761e-25
               51100        1.548510e-04        1.551649e-25
               51200        1.515430e-04        1.559005e-25
               51300        1.517700e-04        1.877116e-25
               51400        1.479410e-04        1.649385e-25
               51500        1.465970e-04        1.753415e-25
               51600        1.473860e-04        1.596172e-25
               51700        1.464690e-04        1.325223e-25
               51800        1.467830e-04        1.396707e-25
               51900        1.514500e-04        1.457580e-25
               52000        1.476220e-04        1.463609e-25
               52100        1.456190e-04        1.379364e-25
               52200        1.462470e-04        1.550223e-25
               52300        1.477840e-04        1.421208e-25
               52400        1.472000e-04        1.284281e-25
               52500        1.523810e-04        1.395335e-25
               52600        1.439920e-04        1.348204e-25
               52700        1.480470e-04        1.527282e-25
               52800        1.501650e-04        1.632096e-25
               52900        1.494370e-04        1.442393e-25
               53000        1.496320e-04        1.174761e-25
               53100        1.513990e-04        1.203516e-25
               53200        1.511090e-04        1.228517e-25
               53300        1.503110e-04        1.086877e-25
               53400        1.490410e-04        1.273555e-25
               53500        1.525340e-04        1.248593e-25
               53600        1.528340e-04        1.341934e-25
               53700        1.500260e-04        1.498559e-25
               53800        1.512380e-04        1.258738e-25
               53900        1.556610e-04        1.165864e-25
               54000        1.527310e-04        1.397065e-25
               54100        1.482110e-04        1.536751e-25
               54200        1.505630e-04        1.732668e-25
               54300        1.519420e-04        1.697607e-25
               54400        1.488510e-04        1.325580e-25
               54500        1.493380e-04        1.349143e-25
               54600        1.530820e-04        1.419627e-25
               54700        1.505060e-04        1.442495e-25
               54800        1.502500e-04        1.481779e-25
               54900        1.489040e-04        1.409044e-25
               55000        1.499420e-04        1.343986e-25
               55100        1.496650e-04        1.392473e-25
               55200        1.507530e-04        1.670105e-25
               55300        1.517120e-04        1.716912e-25
               55400        1.491690e-04        1.664797e-25
               55500        1.493050e-04        1.641402e-25
               55600        1.570940e-04        1.643588e-25
               55700        1.481600e-04        1.234652e-25
               55800        1.494890e-04        1.416779e-25
               55900        1.489290e-04        1.439860e-25
               56000        1.500450e-04        1.439752e-25
               56100        1.487100e-04        1.541408e-25
               56200        1.501420e-04        1.494652e-25
               56300        1.481700e-04        1.696818e-25
               56400        1.560100e-04        1.688851e-25
               56500        1.516660e-04        1.509313e-25
               56600        1.507100e-04        1.447567e-25
               56700        1.569130e-04        1.348219e-25
               56800        1.500890e-04        1.244498e-25
               56900        1.496270e-04        1.281479e-25
               57000        1.467300e-04        1.284600e-25
               57100        1.576310e-04        1.166425e-25
               57200        1.485480e-04        1.389004e-25
               57300        1.502190e-04        1.310838e-25
               57400        1.488250e-04        1.219748e-25
               57500        1.475210e-04        1.475375e-25
               57600        1.488090e-04        1.653295e-25
               57700        1.488970e-04        1.423687e-25
               57800        1.570770e-04        1.320694e-25
               57900        1.506480e-04        1.446614e-25
               58000        1.492500e-04        1.331789e-25
               58100        1.502650e-04        1.416948e-25
               58200        1.474730e-04        1.491909e-25
               58300        1.506020e-04        1.281702e-25
               58400        1.477110e-04        1.734318e-25
               58500        1.510150e-04        1.709571e-25
               58600        1.496680e-04        1.769080e-25
               58700        1.451510e-04        1.724567e-25
               58800        1.463940e-04        1.826993e-25
               58900        1.447550e-04        1.713953e-25
               59000        1.492650e-04        1.379537e-25
               59100        1.502880e-04        1.257099e-25
               59200        1.505590e-04        1.302477e-25
               59300        1.505030e-04        1.433197e-25
               59400        1.487860e-04        1.457606e-25
               59500        1.484360e-04        1.437154e-25
               59600        1.488570e-04        1.640797e-25
               59700        1.492570e-04        1.253634e-25
               59800        1.538660e-04        1.368617e-25
               59900        1.609340e-04        1.462501e-25
               60000        1.545820e-04        1.601806e-25
               60100        1.572360e-04        1.311388e-25
               60200        1.541710e-04        1.527274e-25
               60300        1.560760e-04        1.606043e-25
               60400        1.563250e-04        1.512717e-25
               60500        2.395440e-04        1.319691e-25
               60600        1.585540e-04        1.091578e-25
               60700        1.620550e-04        1.025185e-25
               60800        1.555240e-04        1.058303e-25
               60900        1.542780e-04        1.155908e-25
               61000        1.570620e-04        1.236864e-25
               61100        1.553170e-04        1.134047e-25
               61200        1.566850e-04        1.389048e-25
               61300        1.522180e-04        1.242403e-25
               61400        1.511820e-04        1.253906e-25
               61500        1.501930e-04        1.622971e-25
               61600        1.509220e-04        1.869748e-25
               61700        1.510080e-04        1.731289e-25
               61800        1.497660e-04        1.619924e-25
               61900        1.541670e-04        1.351248e-25
               62000        1.504220e-04        1.249002e-25
               62100        1.511930e-04        1.246575e-25
               62200        1.520940e-04        1.433602e-25
               62300        1.524510e-04        1.376392e-25
               62400        1.528500e-04        1.050918e-25
               62500        1.510700e-04        1.200630e-25
               62600        1.517880e-04        1.278430e-25
               62700        1.499460e-04        1.408805e-25
               62800        1.484610e-04        1.341373e-25
               62900        1.495720e-04        1.568921e-25
               63000        1.550490e-04        1.442585e-25
               63100        1.508120e-04        1.524648e-25
               63200        1.514360e-04        1.579348e-25
               63300        1.510110e-04        1.517646e-25
               63400        1.500480e-04        1.448854e-25
               63500        1.517210e-04        1.533071e-25
               63600        1.508180e-04        1.699493e-25
               63700        1.509000e-04        1.736495e-25
               63800        1.495590e-04        1.724577e-25
               63900        1.537230e-04        1.713449e-25
               64000        1.547330e-04        1.568006e-25
               64100        1.576380e-04        1.819988e-25
               64200        1.551630e-04        1.679317e-25
               64300        1.538740e-04        1.511440e-25
               64400        1.532130e-04        1.704247e-25
               64500        1.543050e-04        1.544542e-25
               64600        1.669710e-04        1.581236e-25
               64700        1.636120e-04        1.765836e-25
               64800        1.531680e-04        1.669808e-25
               64900        1.742940e-04        1.716960e-25
               65000        1.609720e-04        1.509311e-25
               65100        1.604470e-04        1.636078e-25
               65200        1.622640e-04        1.479061e-25
               65300        1.577040e-04        1.411615e-25
               65400        1.537100e-04        1.298567e-25
               65500        1.567850e-04        1.139204e-25
               65600        1.545190e-04        1.201152e-25
               65700        1.516470e-04        1.297799e-25
               65800        1.502480e-04        1.245004e-25
               65900        1.496790e-04        1.429262e-25
               66000        1.488750e-04        1.180651e-25
               66100        1.505660e-04        1.232536e-25
               66200        1.509270e-04        1.179723e-25
               66300        1.515290e-04        1.396305e-25
               66400        1.506170e-04        1.199643e-25
               66500        1.620620e-04        1.282199e-25
               66600        1.494520e-04        1.468664e-25
               66700        1.479610e-04        1.230082e-25
               66800        1.500370e-04        1.101602e-25
               66900        1.511100e-04        1.141422e-25
               67000        1.494690e-04        1.157991e-25
               67100        1.544190e-04        1.106466e-25
               67200        1.602320e-04        1.089150e-25
               67300        1.535200e-04        1.216686e-25
               67400        1.539960e-04        1.221104e-25
               67500        1.567390e-04        1.257179e-25
               67600        1.713930e-04        1.282718e-25
               67700        1.548370e-04        1.330633e-25
               67800        1.539780e-04        1.400881e-25
               67900        1.646140e-04        1.454564e-25
               68000        1.519460e-04        1.363020e-25
               68100        1.596640e-04        1.214644e-25
               68200        1.582610e-04        1.334466e-25
               68300        1.550270e-04        1.379470e-25
               68400        1.539770e-04        1.461754e-25
               68500        1.520740e-04        1.329793e-25
               68600        1.489620e-04        1.508073e-25
               68700        1.623950e-04        1.518501e-25
               68800        1.601160e-04        1.386287e-25
               68900        1.591780e-04        1.298696e-25
               69000        1.559290e-04        1.323868e-25
               69100        1.492810e-04        1.474369e-25
               69200        1.543510e-04        1.351660e-25
               69300        1.522140e-04        1.426882e-25
               69400        1.519360e-04        1.434287e-25
               69500        1.476410e-04        1.358564e-25
               69600        1.555920e-04        1.337177e-25
               69700        1.554250e-04        1.232180e-25
               69800        1.523540e-04        1.455693e-25
               69900        1.728720e-04        1.328824e-25
               70000        1.647420e-04        1.442439e-25
               70100        1.541250e-04        1.413379e-25
               70200        1.559040e-04        1.292583e-25
               70300        1.676800e-04        1.504653e-25
               70400        1.565910e-04        1.439011e-25
               70500        1.528400e-04        1.485465e-25
               70600        1.538960e-04        1.481479e-25
               70700        1.518960e-04        1.366591e-25
               70800        1.513650e-04        1.469832e-25
               70900        1.521290e-04        1.242641e-25
               71000        1.479480e-04        1.360791e-25
               71100        1.496140e-04        1.588671e-25
               71200        1.491730e-04        1.447633e-25
               71300        1.499230e-04        1.643074e-25
               71400        1.615870e-04        1.555744e-25
               71500        1.521100e-04        1.568511e-25
               71600        1.498130e-04        1.360266e-25
               71700        1.499710e-04        1.325204e-25
               71800        1.482720e-04        1.454194e-25
               71900        1.473900e-04        1.392794e-25
               72000        1.489920e-04        1.571108e-25
               72100        1.522040e-04        1.449710e-25
               72200        1.476430e-04        1.459855e-25
               72300        1.493500e-04        1.331485e-25
               72400        1.578550e-04        1.269651e-25
               72500        1.517700e-04        1.187994e-25
               72600        1.449490e-04        1.562240e-25
               72700        1.444720e-04        1.464982e-25
               72800        1.469810e-04        1.618702e-25
               72900        1.456380e-04        1.553907e-25
               73000        1.457460e-04        1.288290e-25
               73100        1.506910e-04        1.346741e-25
               73200        1.468760e-04        1.482020e-25
               73300        1.451610e-04        1.341354e-25
               73400        1.568700e-04        1.095825e-25
               73500        1.527580e-04        1.145334e-25
               73600        1.572330e-04        1.193858e-25
               73700        1.525800e-04        1.302026e-25
               73800        1.615550e-04        1.292187e-25
               73900        1.519560e-04        1.189130e-25
               74000        1.502160e-04        1.302915e-25
               74100        1.506100e-04        1.318298e-25
               74200        1.545000e-04        1.525807e-25
               74300        1.507310e-04        1.427500e-25
               74400        1.563270e-04        1.449887e-25
               74500        1.560170e-04        1.426955e-25
               74600        1.535350e-04        1.626492e-25
               74700        1.545730e-04        1.327313e-25
               74800        1.609480e-04        1.461468e-25
               74900        1.569430e-04        1.502013e-25
               75000        1.663260e-04        1.712617e-25
               75100        1.702010e-04        1.461138e-25
               75200        1.692610e-04        1.638068e-25
               75300        1.676520e-04        1.757695e-25
               75400        1.670350e-04        1.486408e-25
               75500        1.615630e-04        1.175928e-25
               75600        1.590780e-04        1.385816e-25
               75700        1.574030e-04        1.314336e-25
               75800        1.551050e-04        1.185000e-25
               75900        1.549640e-04        1.180611e-25
               76000        1.557090e-04        1.184349e-25
               76100        1.544290e-04        1.221036e-25
               76200        1.530130e-04        1.274027e-25
               76300        1.547220e-04        1.441206e-25
               76400        1.555420e-04        1.456615e-25
               76500        1.515420e-04        1.705497e-25
               76600        1.498400e-04        1.785348e-25
               76700        1.489540e-04        1.986298e-25
               76800        1.484010e-04        2.028466e-25
               76900        1.552450e-04        2.181091e-25
               77000        2.044360e-04        1.989415e-25
               77100        1.523800e-04        1.637954e-25
               77200        1.498190e-04        1.592005e-25
               77300        1.495160e-04        1.423127e-25
               77400        1.505420e-04        1.606493e-25
               77500        1.503190e-04        1.457553e-25
               77600        1.516170e-04        1.301744e-25
               77700        1.622610e-04        1.581716e-25
               77800        1.531590e-04        1.445480e-25
               77900        1.565730e-04        1.257715e-25
               78000        1.541570e-04        1.184350e-25
               78100        1.532060e-04        9.615950e-26
               78200        1.540240e-04        1.183344e-25
               78300        1.535820e-04        1.451388e-25
               78400        1.548790e-04        1.539640e-25
               78500        1.593890e-04        1.821998e-25
               78600        1.494730e-04        1.846330e-25
               78700        1.517220e-04        2.061620e-25
               78800        1.490170e-04        1.996010e-25
               78900        1.507220e-04        1.677811e-25
               79000        1.628470e-04        1.550706e-25
               79100        1.553380e-04        1.588417e-25
               79200        1.556830e-04        1.450550e-25
               79300        1.660370e-04        1.227768e-25
               79400        1.735490e-04        1.168420e-25
               79500        1.540730e-04        1.270756e-25
               79600        1.506920e-04        1.174154e-25
               79700        1.518110e-04        1.191922e-25
               79800        1.513860e-04        1.159704e-25
               79900        1.493990e-04        1.167555e-25
               80000        1.482120e-04        1.524483e-25
               80100        1.497060e-04        1.471431e-25
               80200        1.493300e-04        1.409961e-25
               80300        1.502680e-04        1.423777e-25
               80400        1.532870e-04        1.641272e-25
               80500        1.633560e-04        1.792480e-25
               80600        1.553390e-04        1.626962e-25
               80700        1.554880e-04        1.562494e-25
               80800        1.536970e-04        1.710121e-25
               80900        1.546250e-04        1.245902e-25
               81000        1.527680e-04        1.544836e-25
               81100        1.540490e-04        1.539584e-25
               81200        1.538460e-04        1.416651e-25
               81300        1.590710e-04        1.512486e-25
               81400        1.556330e-04        1.368624e-25
               81500        1.513370e-04        1.436506e-25
               81600        1.548210e-04        1.338740e-25
               81700        1.588890e-04        1.497340e-25
               81800        1.548130e-04        1.353803e-25
               81900        1.545010e-04        1.268903e-25
               82000        1.546930e-04        1.553809e-25
               82100        1.578710e-04        1.682053e-25
               82200        1.727720e-04        1.424450e-25
               82300        1.583350e-04        1.266425e-25
               82400        1.552070e-04        1.375202e-25
               82500        1.561980e-04        1.586012e-25
               82600        1.560170e-04        1.349807e-25
               82700        1.568220e-04        1.253849e-25
               82800        1.564000e-04        1.316136e-25
               82900        1.561550e-04        1.311722e-25
               83000        1.551350e-04        1.492963e-25
               83100        1.560710e-04        1.406330e-25
               83200        1.565620e-04        1.396541e-25
               83300        1.592620e-04        1.434407e-25
               83400        1.558450e-04        1.627093e-25
               83500        1.567470e-04        1.514264e-25
               83600        1.580900e-04        1.604036e-25
               83700        1.562750e-04        1.572027e-25
               83800        1.554280e-04        1.338443e-25
               83900        1.576490e-04        1.307447e-25
               84000        1.560540e-04        1.154034e-25
               84100        1.521340e-04        1.166902e-25
               84200        1.528770e-04        1.069864e-25
               84300        1.541720e-04        1.125888e-25
               84400        1.614820e-04        1.118130e-25
               84500        1.616200e-04        1.149396e-25
               84600        1.588810e-04        1.051977e-25
               84700        1.563390e-04        1.402626e-25
               84800        1.542250e-04        1.554306e-25
               84900        1.562120e-04        1.458769e-25
               85000        1.574940e-04        1.702122e-25
               85100        1.546940e-04        1.507425e-25
               85200        1.595310e-04        1.704187e-25
               85300        1.575930e-04        1.611965e-25
               85400        1.551960e-04        1.671250e-25
               85500        1.581690e-04        1.539036e-25
               85600        1.549510e-04        1.401919e-25
               85700        1.569010e-04        1.467260e-25
               85800        1.560250e-04        1.437742e-25
               85900        1.565180e-04        1.726188e-25
               86000        1.545500e-04        1.406895e-25
               86100        1.526540e-04        1.459838e-25
               86200        1.528810e-04        1.686475e-25
               86300        1.677560e-04        1.560419e-25
               86400        1.520670e-04        1.613949e-25
               86500        1.545480e-04        1.489147e-25
               86600        1.520870e-04        1.472468e-25
               86700        1.528660e-04        1.360136e-25
               86800        1.507270e-04        1.389718e-25
               86900        1.513090e-04        1.260651e-25
               87000        1.502510e-04        1.152196e-25
               87100        1.518380e-04        1.443023e-25
               87200        1.549210e-04        1.522457e-25
               87300        1.574180e-04        1.693538e-25
               87400        1.646320e-04        1.424595e-25
               87500        1.519920e-04        1.253967e-25
               87600        1.553550e-04        1.440635e-25
               87700        1.531520e-04        1.370006e-25
               87800        1.533770e-04        1.472916e-25
               87900        1.525890e-04        1.713761e-25
               88000        1.510990e-04        1.846949e-25
               88100        1.512900e-04        1.613322e-25
               88200        1.519470e-04        1.693086e-25
               88300        1.508440e-04        1.603556e-25
               88400        1.512980e-04        1.421712e-25
               88500        1.580730e-04        1.538245e-25
               88600        1.521500e-04        1.344461e-25
               88700        1.534590e-04        1.427416e-25
               88800        1.526010e-04        1.524585e-25
               88900        1.508740e-04        1.434442e-25
               89000        1.509520e-04        1.507186e-25
               89100        1.513800e-04        1.517362e-25
               89200        1.574550e-04        1.809179e-25
               89300        1.512270e-04        1.419902e-25
               89400        1.529520e-04        1.477627e-25
               89500        1.602930e-04        1.531950e-25
               89600        1.604570e-04        1.592126e-25
               89700        1.520200e-04        1.664143e-25
               89800        1.501860e-04        1.554691e-25
               89900        1.508600e-04        1.481111e-25
               90000        1.518040e-04        1.452600e-25
               90100        1.564220e-04        1.711334e-25
               90200        1.525060e-04        1.384704e-25
               90300        1.540820e-04        1.204264e-25
               90400        1.654820e-04        1.505052e-25
               90500        1.491980e-04        1.651716e-25
               90600        1.532980e-04        1.856846e-25
               90700        1.528380e-04        1.761181e-25
               90800        1.557160e-04        1.634736e-25
               90900        1.543290e-04        1.606132e-25
               91000        1.582450e-04        1.483795e-25
               91100        1.561040e-04        1.249289e-25
               91200        1.559420e-04        1.594963e-25
               91300        1.558070e-04        1.617413e-25
               91400        1.569100e-04        1.210108e-25
               91500        1.576990e-04        1.374653e-25
               91600        1.553130e-04        1.172294e-25
               91700        1.586400e-04        1.213751e-25
               91800        1.552210e-04        1.069016e-25
               91900        1.593260e-04        1.307201e-25
               92000        1.625400e-04        1.326577e-25
               92100        1.574020e-04        1.283603e-25
               92200        1.527430e-04        1.281543e-25
               92300        1.559750e-04        1.208550e-25
               92400        1.554210e-04        1.091610e-25
               92500        1.534710e-04        1.183242e-25
               92600        1.508810e-04        1.224212e-25
               92700        1.523390e-04        1.244223e-25
               92800        1.511000e-04        1.284591e-25
               92900        1.666550e-04        1.411531e-25
               93000        1.564410e-04        1.282824e-25
               93100        1.518220e-04        1.198003e-25
               93200        1.552880e-04        1.219082e-25
               93300        1.555670e-04        1.306730e-25
               93400        1.601940e-04        1.602259e-25
               93500        1.554250e-04        1.696179e-25
               93600        1.534010e-04        1.567127e-25
               93700        1.561030e-04        1.620493e-25
               93800        1.545480e-04        1.590696e-25
               93900        2.486140e-04        1.469392e-25
               94000        1.593410e-04        1.301051e-25
               94100        1.581870e-04        1.191590e-25
               94200        1.642840e-04        1.281908e-25
               94300        1.582850e-04        1.341285e-25
               94400        1.612110e-04        1.275628e-25
               94500        1.592680e-04        1.256378e-25
               94600        1.610200e-04        1.237208e-25
               94700        1.598990e-04        1.478777e-25
               94800        1.593260e-04        1.544121e-25
               94900        1.594550e-04        1.433896e-25
               95000        1.584500e-04        1.305310e-25
               95100        1.592930e-04        1.325539e-25
               95200        1.825820e-04        1.482725e-25
               95300        1.601570e-04        1.542069e-25
               95400        1.622230e-04        1.389880e-25
               95500        1.606570e-04        1.243264e-25
               95600        1.593320e-04        1.249593e-25
               95700        1.585020e-04        1.600065e-25
               95800        1.600370e-04        1.504242e-25
               95900        1.590990e-04        1.629703e-25
               96000        1.576360e-04        1.716706e-25
               96100        1.554250e-04        1.440454e-25
               96200        1.546660e-04        1.701071e-25
               96300        1.582440e-04        1.408632e-25
               96400        1.556250e-04        1.362042e-25
               96500        1.562460e-04        1.400712e-25
               96600        1.523240e-04        1.573416e-25
               96700        1.549260e-04        1.641890e-25
               96800        1.531990e-04        1.675535e-25
               96900        1.551360e-04        1.508797e-25
               97000        1.521290e-04        1.309150e-25
               97100        1.537390e-04        1.207557e-25
               97200        1.510310e-04        1.306451e-25
               97300        1.483650e-04        1.447058e-25
               97400        1.522170e-04        1.697895e-25
               97500        1.526980e-04        1.619171e-25
               97600        1.474970e-04        1.469655e-25
               97700        1.512830e-04        1.131451e-25
               97800        1.502690e-04        1.450371e-25
               97900        1.558460e-04        1.427175e-25
               98000        1.485300e-04        1.102736e-25
               98100        1.559540e-04        1.302509e-25
               98200        1.508660e-04        1.293260e-25
               98300        1.518340e-04        1.236135e-25
               98400        1.488900e-04        1.432515e-25
               98500        1.500140e-04        1.517828e-25
               98600        1.506180e-04        1.501905e-25
               98700        1.512220e-04        1.437981e-25
               98800        1.542210e-04        1.588464e-25
               98900        1.481540e-04        1.522468e-25
               99000        1.556250e-04        1.649486e-25
               99100        1.522140e-04        1.758980e-25
               99200        1.480610e-04        2.031245e-25
               99300        1.516080e-04        1.523419e-25
               99400        1.490450e-04        1.474786e-25
               99500        1.497480e-04        1.631902e-25
               99600        1.535860e-04        1.670763e-25
               99700        1.499980e-04        1.454499e-25
               99800        1.656360e-04        1.775347e-25
               99900        1.548640e-04        1.586269e-25
              100000        1.490910e-04        1.532340e-25
