Period: 100
               Epoch           Time cost                Loss
                 100        1.240700e-04        2.621719e+04
                 200        7.727000e-05        2.243281e+04
                 300        7.692800e-05        2.144883e+04
                 400        7.598200e-05        2.115609e+04
                 500        8.596400e-05        2.081675e+04
                 600        8.628700e-05        2.036074e+04
                 700        8.591000e-05        2.013631e+04
                 800        8.653500e-05        1.972746e+04
                 900        9.675800e-05        1.961554e+04
                1000        6.772800e-05        1.910221e+04
                1100        6.941300e-05        1.822550e+04
                1200        8.915000e-05        1.394306e+04
                1300        8.860800e-05        9.471353e+03
                1400        8.576400e-05        8.573595e+03
                1500        8.819500e-05        7.911911e+03
                1600        8.536900e-05        7.304865e+03
                1700        8.815100e-05        6.638097e+03
                1800        8.491500e-05        5.793655e+03
                1900        1.056840e-04        5.793655e+03
                2000        1.090580e-04        5.452961e+03
                2100        1.030740e-04        5.452961e+03
                2200        9.869100e-05        3.929805e+03
                2300        9.548900e-05        3.930753e+03
                2400        8.623400e-05        3.489695e+03
                2500        9.839300e-05        3.067022e+03
                2600        1.100640e-04        3.056251e+03
                2700        1.120930e-04        3.049100e+03
                2800        1.189280e-04        6.604687e+02
                2900        1.071200e-04        4.711100e+02
                3000        8.806600e-05        4.707224e+02
                3100        1.144330e-04        1.365529e+02
                3200        1.169180e-04        7.410392e+01
                3300        1.133170e-04        7.411541e+01
                3400        7.131000e-05        7.411517e+01
                3500        1.102170e-04        7.411541e+01
                3600        7.188600e-05        4.798122e+01
                3700        1.154670e-04        4.798122e+01
                3800        7.256900e-05        4.798472e+01
                3900        1.111560e-04        4.798472e+01
                4000        7.469600e-05        4.798122e+01
                4100        1.127250e-04        2.025740e+01
                4200        9.874200e-05        1.281086e+01
                4300        7.438200e-05        1.281125e+01
                4400        9.713000e-05        1.281260e+01
                4500        9.442000e-05        1.281125e+01
                4600        1.003700e-04        7.424484e+00
                4700        9.512300e-05        7.424069e+00
                4800        9.586800e-05        7.424069e+00
                4900        8.999400e-05        5.020239e+00
                5000        1.009970e-04        5.020239e+00
                5100        9.204100e-05        5.020239e+00
                5200        9.990000e-05        5.020239e+00
                5300        9.419000e-05        5.020239e+00
                5400        1.047590e-04        2.712555e+00
                5500        9.369500e-05        2.708590e+00
                5600        1.057470e-04        2.604111e+00
                5700        1.006270e-04        1.189719e+00
                5800        1.035690e-04        1.189799e+00
                5900        9.662300e-05        1.180254e+00
                6000        1.191680e-04        1.037738e+00
                6100        9.703500e-05        6.187229e-01
                6200        9.678300e-05        6.169168e-01
                6300        9.166000e-05        5.487050e-01
                6400        1.015830e-04        3.803188e-01
                6500        9.451100e-05        3.801334e-01
                6600        9.904500e-05        3.803188e-01
                6700        9.448900e-05        2.805063e-01
                6800        9.508900e-05        1.411794e-01
                6900        9.039500e-05        1.205046e-01
                7000        9.810500e-05        1.204985e-01
                7100        9.151700e-05        7.968453e-02
                7200        9.715600e-05        4.778279e-02
                7300        9.260500e-05        4.775216e-02
                7400        9.427700e-05        2.577318e-02
                7500        9.205700e-05        1.543868e-02
                7600        9.288400e-05        1.541187e-02
                7700        9.124000e-05        9.788521e-03
                7800        9.694400e-05        6.573694e-03
                7900        9.019100e-05        6.578413e-03
                8000        9.053300e-05        4.459405e-03
                8100        8.804100e-05        2.773159e-03
                8200        9.729600e-05        2.774703e-03
                8300        9.833700e-05        1.747479e-03
                8400        9.339600e-05        1.077746e-03
                8500        9.435700e-05        1.078775e-03
                8600        9.693600e-05        7.162271e-04
                8700        8.969500e-05        5.065069e-04
                8800        9.898900e-05        5.054078e-04
                8900        9.564200e-05        3.481875e-04
                9000        1.095370e-04        2.350515e-04
                9100        9.026100e-05        2.356626e-04
                9200        9.831600e-05        1.438522e-04
                9300        9.157500e-05        1.124033e-04
                9400        9.441700e-05        1.122811e-04
                9500        8.917400e-05        7.967634e-05
                9600        9.470900e-05        5.416267e-05
                9700        9.204900e-05        5.417155e-05
                9800        1.169360e-04        3.678410e-05
                9900        9.222200e-05        3.008082e-05
               10000        9.725600e-05        3.005402e-05
               10100        9.310200e-05        1.789758e-05
               10200        9.769500e-05        1.141394e-05
               10300        9.005400e-05        1.142262e-05
               10400        9.864600e-05        7.696793e-06
               10500        9.288200e-05        5.900959e-06
               10600        9.860000e-05        3.835143e-06
               10700        9.216500e-05        2.862395e-06
               10800        1.023680e-04        1.616058e-06
               10900        9.643800e-05        1.167188e-06
               11000        9.834000e-05        1.166307e-06
               11100        9.155100e-05        5.763835e-07
               11200        9.940900e-05        3.770636e-07
               11300        9.146700e-05        3.770905e-07
               11400        9.604400e-05        2.448627e-07
               11500        8.744000e-05        1.288937e-07
               11600        9.605800e-05        1.288021e-07
               11700        8.790800e-05        9.577622e-08
               11800        9.045900e-05        6.812768e-08
               11900        8.998900e-05        6.807058e-08
               12000        9.297500e-05        4.319762e-08
               12100        9.376400e-05        2.883392e-08
               12200        1.015270e-04        2.886806e-08
               12300        8.999700e-05        1.846009e-08
               12400        9.806000e-05        1.132332e-08
               12500        9.284200e-05        1.133499e-08
               12600        9.519800e-05        7.925226e-09
               12700        1.118950e-04        6.503622e-09
               12800        9.475800e-05        6.497229e-09
               12900        8.901100e-05        4.467315e-09
               13000        9.444500e-05        3.190618e-09
               13100        8.601400e-05        3.185552e-09
               13200        9.730900e-05        2.152144e-09
               13300        9.003100e-05        1.739465e-09
               13400        9.380900e-05        1.741440e-09
               13500        8.965200e-05        9.181096e-10
               13600        9.593500e-05        8.027474e-10
               13700        9.521000e-05        8.030549e-10
               13800        1.034690e-04        5.196678e-10
               13900        9.084500e-05        3.989394e-10
               14000        9.768900e-05        3.986150e-10
               14100        9.372900e-05        2.488502e-10
               14200        9.811900e-05        1.738397e-10
               14300        9.105400e-05        1.738010e-10
               14400        9.680400e-05        9.772253e-11
               14500        8.789800e-05        7.050222e-11
               14600        9.729800e-05        7.049109e-11
               14700        9.169500e-05        3.982335e-11
               14800        9.794500e-05        2.556189e-11
               14900        9.141200e-05        2.554861e-11
               15000        1.037220e-04        1.614884e-11
               15100        9.573600e-05        1.366530e-11
               15200        1.058730e-04        1.365142e-11
               15300        1.121010e-04        9.083255e-12
               15400        9.744200e-05        6.866644e-12
               15500        8.980100e-05        6.857576e-12
               15600        9.492100e-05        3.600778e-12
               15700        9.387600e-05        2.493926e-12
               15800        9.458800e-05        2.494121e-12
               15900        8.862800e-05        1.709020e-12
               16000        9.601400e-05        1.285731e-12
               16100        9.288400e-05        1.285439e-12
               16200        9.644100e-05        8.545956e-13
               16300        8.934900e-05        6.389629e-13
               16400        9.856400e-05        6.407929e-13
               16500        1.070880e-04        3.678830e-13
               16600        1.016170e-04        2.744482e-13
               16700        8.873800e-05        2.744786e-13
               16800        9.836900e-05        1.730776e-13
               16900        9.273900e-05        1.235625e-13
               17000        1.014750e-04        1.235168e-13
               17100        9.068000e-05        7.882469e-14
               17200        1.011830e-04        6.415708e-14
               17300        9.711400e-05        6.427007e-14
               17400        9.810400e-05        3.614875e-14
               17500        9.532600e-05        3.372329e-14
               17600        1.015330e-04        3.374950e-14
               17700        9.484400e-05        2.254863e-14
               17800        1.037980e-04        1.660352e-14
               17900        9.124300e-05        1.663807e-14
               18000        9.671500e-05        1.087982e-14
               18100        8.845600e-05        8.521488e-15
               18200        9.733200e-05        8.514171e-15
               18300        9.514200e-05        5.306321e-15
               18400        9.575600e-05        3.802629e-15
               18500        9.165400e-05        3.781691e-15
               18600        9.814600e-05        2.247707e-15
               18700        9.386800e-05        1.763782e-15
               18800        1.030110e-04        1.768457e-15
               18900        9.955400e-05        1.063854e-15
               19000        1.015460e-04        6.661298e-16
               19100        1.172600e-04        6.657121e-16
               19200        1.029240e-04        3.347301e-16
               19300        9.516700e-05        2.407280e-16
               19400        1.197910e-04        2.402587e-16
               19500        9.356900e-05        1.673762e-16
               19600        1.017480e-04        1.192133e-16
               19700        9.430700e-05        1.191568e-16
               19800        1.010520e-04        8.019514e-17
               19900        9.346600e-05        6.107645e-17
               20000        1.041190e-04        6.110630e-17
               20100        1.241690e-04        4.234894e-17
               20200        1.337090e-04        3.301844e-17
               20300        9.472400e-05        3.301181e-17
               20400        1.026200e-04        1.939365e-17
               20500        9.073100e-05        1.458748e-17
               20600        1.120030e-04        1.460310e-17
               20700        1.154620e-04        9.903589e-18
               20800        1.251050e-04        7.297901e-18
               20900        1.278360e-04        7.295998e-18
               21000        1.276170e-04        3.735393e-18
               21100        1.004180e-04        2.996893e-18
               21200        1.286260e-04        2.988442e-18
               21300        1.210250e-04        1.485306e-18
               21400        1.229340e-04        1.040331e-18
               21500        1.255160e-04        1.044588e-18
               21600        1.169830e-04        7.248316e-19
               21700        9.831200e-05        5.446744e-19
               21800        1.248240e-04        5.438978e-19
               21900        8.577100e-05        4.088000e-19
               22000        1.141890e-04        3.298466e-19
               22100        8.043700e-05        3.307399e-19
               22200        1.257880e-04        2.073344e-19
               22300        8.816900e-05        1.541587e-19
               22400        1.097190e-04        1.541742e-19
               22500        8.451300e-05        1.084006e-19
               22600        1.308490e-04        8.617266e-20
               22700        1.231530e-04        8.615009e-20
               22800        1.175010e-04        4.629661e-20
               22900        1.324080e-04        3.618837e-20
               23000        1.859320e-04        3.618988e-20
               23100        1.258340e-04        2.023140e-20
               23200        1.424830e-04        1.334010e-20
               23300        8.321900e-05        1.334716e-20
               23400        1.089510e-04        7.034344e-21
               23500        7.603500e-05        5.273721e-21
               23600        1.139470e-04        5.253293e-21
               23700        7.781100e-05        3.237803e-21
               23800        1.135240e-04        2.542863e-21
               23900        8.033500e-05        2.538575e-21
               24000        1.347030e-04        1.798389e-21
               24100        9.286000e-05        1.546156e-21
               24200        1.034640e-04        1.548765e-21
               24300        9.119200e-05        9.365993e-22
               24400        1.143400e-04        6.798886e-22
               24500        1.123470e-04        6.822719e-22
               24600        1.308070e-04        3.497381e-22
               24700        1.099890e-04        2.399678e-22
               24800        1.049170e-04        2.396229e-22
               24900        7.797900e-05        1.397256e-22
               25000        1.120370e-04        1.387202e-22
               25100        7.905900e-05        1.338312e-22
               25200        1.154610e-04        1.340228e-22
               25300        7.914700e-05        7.789079e-23
               25400        1.210630e-04        6.845804e-23
               25500        8.628100e-05        6.852507e-23
               25600        9.344200e-05        3.390413e-23
               25700        1.222880e-04        2.728890e-23
               25800        8.272400e-05        2.731259e-23
               25900        1.003210e-04        1.508961e-23
               26000        1.123520e-04        1.389878e-23
               26100        9.497200e-05        1.389075e-23
               26200        1.046480e-04        7.172933e-24
               26300        9.597600e-05        6.139858e-24
               26400        1.081460e-04        6.138711e-24
               26500        9.531500e-05        3.263495e-24
               26600        1.065250e-04        3.071592e-24
               26700        9.450000e-05        3.072067e-24
               26800        8.044600e-05        1.470233e-24
               26900        1.364780e-04        1.345659e-24
               27000        9.588200e-05        1.344718e-24
               27100        1.284380e-04        8.963515e-25
               27200        1.157200e-04        8.950895e-25
               27300        1.263950e-04        8.952832e-25
               27400        1.183260e-04        5.768938e-25
               27500        1.029920e-04        4.803415e-25
               27600        1.307580e-04        4.802199e-25
               27700        1.224670e-04        2.281538e-25
               27800        7.780600e-05        2.123011e-25
               27900        9.220800e-05        2.121839e-25
               28000        7.694200e-05        1.042684e-25
               28100        1.204110e-04        1.008414e-25
               28200        7.915600e-05        1.006545e-25
               28300        1.155860e-04        6.066467e-26
               28400        9.039600e-05        5.339726e-26
               28500        9.731200e-05        5.330874e-26
               28600        9.365500e-05        2.952328e-26
               28700        1.073680e-04        2.868491e-26
               28800        1.149750e-04        2.876289e-26
               28900        1.239090e-04        1.956458e-26
               29000        1.337890e-04        1.861672e-26
               29100        1.250360e-04        1.295692e-26
               29200        1.274030e-04        1.196760e-26
               29300        1.260360e-04        1.191743e-26
               29400        1.182460e-04        9.826791e-27
               29500        1.241250e-04        9.480025e-27
               29600        9.433000e-05        7.906901e-27
               29700        1.036490e-04        7.526703e-27
               29800        1.300790e-04        8.225117e-27
               29900        1.338410e-04        8.671096e-27
               30000        1.289770e-04        8.671096e-27
               30100        1.271640e-04        8.671096e-27
               30200        1.352640e-04        8.671096e-27
               30300        8.149500e-05        6.514169e-27
               30400        1.272140e-04        6.514169e-27
               30500        8.584500e-05        6.514267e-27
               30600        1.199840e-04        8.652826e-27
               30700        8.078800e-05        8.678520e-27
               30800        1.217820e-04        8.737347e-27
               30900        8.649500e-05        7.943740e-27
               31000        9.318500e-05        7.193335e-27
               31100        1.134500e-04        7.234106e-27
               31200        9.345600e-05        8.153898e-27
               31300        1.052390e-04        7.181065e-27
               31400        1.072330e-04        7.181132e-27
               31500        1.277330e-04        7.181065e-27
               31600        1.308720e-04        8.490667e-27
               31700        9.786400e-05        8.490667e-27
               31800        1.041640e-04        8.490667e-27
               31900        8.733200e-05        8.438218e-27
               32000        1.017220e-04        8.100586e-27
               32100        1.017970e-04        8.100586e-27
               32200        1.383820e-04        8.100586e-27
               32300        1.231830e-04        8.100586e-27
               32400        1.154820e-04        6.525090e-27
               32500        1.157150e-04        6.525090e-27
               32600        1.280190e-04        6.525259e-27
               32700        1.370980e-04        7.708283e-27
               32800        1.309910e-04        7.708283e-27
               32900        7.965200e-05        7.913641e-27
               33000        1.187310e-04        7.913641e-27
               33100        7.455100e-05        7.913641e-27
               33200        1.232560e-04        9.486525e-27
               33300        7.562800e-05        9.486525e-27
               33400        1.179730e-04        9.486525e-27
               33500        8.833500e-05        9.480171e-27
               33600        7.496100e-05        7.860647e-27
               33700        9.462200e-05        7.408759e-27
               33800        8.828400e-05        8.434306e-27
               33900        9.579800e-05        8.465188e-27
               34000        1.058590e-04        8.432942e-27
               34100        1.013670e-04        8.301626e-27
               34200        1.084850e-04        8.384549e-27
               34300        1.054810e-04        8.340922e-27
               34400        1.060380e-04        8.027617e-27
               34500        9.778100e-05        7.751200e-27
               34600        8.078700e-05        6.873230e-27
               34700        1.016390e-04        6.306855e-27
               34800        8.438600e-05        6.306855e-27
               34900        9.067600e-05        6.306855e-27
               35000        9.028100e-05        6.912581e-27
               35100        8.833500e-05        6.912581e-27
               35200        1.019200e-04        7.100526e-27
               35300        8.746200e-05        7.100526e-27
               35400        1.080520e-04        7.094546e-27
               35500        1.202390e-04        7.100526e-27
               35600        1.259980e-04        6.709061e-27
               35700        1.250450e-04        6.709061e-27
               35800        1.363230e-04        6.709061e-27
               35900        1.268990e-04        8.364782e-27
               36000        1.169930e-04        8.351371e-27
               36100        1.244940e-04        7.456167e-27
               36200        1.373350e-04        7.456106e-27
               36300        1.267560e-04        7.456106e-27
               36400        1.338880e-04        7.456106e-27
               36500        1.255220e-04        8.750805e-27
               36600        1.302550e-04        8.750805e-27
               36700        1.293710e-04        8.750802e-27
               36800        1.049270e-04        8.211783e-27
               36900        1.106510e-04        8.715116e-27
               37000        7.741300e-05        9.761967e-27
               37100        9.306800e-05        9.737709e-27
               37200        1.013150e-04        9.763751e-27
               37300        8.015700e-05        8.958683e-27
               37400        1.054460e-04        8.093557e-27
               37500        8.113900e-05        8.087394e-27
               37600        1.420950e-04        7.780341e-27
               37700        8.206100e-05        8.406426e-27
               37800        1.206830e-04        8.398115e-27
               37900        1.361040e-04        8.514919e-27
               38000        1.212270e-04        7.514951e-27
               38100        1.310660e-04        8.470733e-27
               38200        1.303200e-04        8.066488e-27
               38300        1.304110e-04        8.044664e-27
               38400        1.300540e-04        1.011477e-26
               38500        1.384940e-04        8.173597e-27
               38600        1.342830e-04        8.173597e-27
               38700        1.124620e-04        8.173597e-27
               38800        9.598500e-05        8.173597e-27
               38900        1.164210e-04        7.948232e-27
               39000        9.973400e-05        7.751338e-27
               39100        1.124770e-04        7.861551e-27
               39200        9.825200e-05        7.866569e-27
               39300        1.110580e-04        8.088970e-27
               39400        9.905900e-05        8.220048e-27
               39500        1.099520e-04        8.159835e-27
               39600        9.415200e-05        8.426759e-27
               39700        1.091700e-04        8.169317e-27
               39800        9.562900e-05        8.183554e-27
               39900        1.139590e-04        8.647916e-27
               40000        1.017590e-04        8.313137e-27
               40100        1.112720e-04        7.493960e-27
               40200        9.501600e-05        7.515155e-27
               40300        1.157520e-04        7.181564e-27
               40400        9.479500e-05        7.156749e-27
               40500        1.092670e-04        6.738583e-27
               40600        9.086300e-05        6.540182e-27
               40700        1.067920e-04        6.525574e-27
               40800        9.833200e-05        7.338409e-27
               40900        1.101410e-04        8.366975e-27
               41000        9.442100e-05        8.376241e-27
               41100        1.072940e-04        8.113126e-27
               41200        9.418700e-05        8.162959e-27
               41300        1.072300e-04        8.142797e-27
               41400        1.016640e-04        7.838358e-27
               41500        1.091040e-04        7.676637e-27
               41600        9.876400e-05        7.834967e-27
               41700        1.098350e-04        7.131814e-27
               41800        9.662400e-05        7.131765e-27
               41900        1.109730e-04        7.598622e-27
               42000        9.763000e-05        7.011174e-27
               42100        1.124680e-04        7.008082e-27
               42200        8.217500e-05        7.011174e-27
               42300        1.240160e-04        6.511524e-27
               42400        8.020400e-05        6.511543e-27
               42500        1.237270e-04        6.511524e-27
               42600        7.934000e-05        7.842171e-27
               42700        1.232540e-04        7.842171e-27
               42800        8.600700e-05        7.839071e-27
               42900        8.032000e-05        7.842171e-27
               43000        1.299220e-04        7.842171e-27
               43100        7.845500e-05        8.001648e-27
               43200        1.188250e-04        7.344814e-27
               43300        7.610900e-05        7.345022e-27
               43400        1.130780e-04        7.345022e-27
               43500        8.691400e-05        7.345022e-27
               43600        1.168490e-04        7.344814e-27
               43700        8.950100e-05        8.250943e-27
               43800        1.278190e-04        8.574805e-27
               43900        1.222390e-04        9.165093e-27
               44000        1.596260e-04        9.120080e-27
               44100        1.315180e-04        8.488469e-27
               44200        7.813900e-05        7.115188e-27
               44300        1.154570e-04        7.820854e-27
               44400        7.868700e-05        8.143841e-27
               44500        1.256020e-04        8.126902e-27
               44600        7.750900e-05        8.877646e-27
               44700        1.225550e-04        9.343125e-27
               44800        7.649000e-05        9.343125e-27
               44900        1.194270e-04        9.343125e-27
               45000        7.877900e-05        9.343125e-27
               45100        1.257120e-04        9.902652e-27
               45200        1.198470e-04        9.901272e-27
               45300        1.261760e-04        8.900703e-27
               45400        7.873200e-05        8.900703e-27
               45500        1.190010e-04        8.900703e-27
               45600        7.772900e-05        7.978844e-27
               45700        1.188300e-04        7.978844e-27
               45800        7.427100e-05        7.978647e-27
               45900        1.176980e-04        8.423011e-27
               46000        7.878700e-05        8.413967e-27
               46100        1.195310e-04        8.413967e-27
               46200        9.714600e-05        9.014716e-27
               46300        1.212820e-04        9.014716e-27
               46400        1.072020e-04        9.014716e-27
               46500        1.106130e-04        9.473880e-27
               46600        8.395400e-05        9.475352e-27
               46700        9.167200e-05        9.473880e-27
               46800        1.014140e-04        8.473015e-27
               46900        7.856600e-05        9.243605e-27
               47000        1.026130e-04        9.243605e-27
               47100        7.853200e-05        9.243605e-27
               47200        1.130020e-04        9.243605e-27
               47300        8.890900e-05        8.811902e-27
               47400        1.325060e-04        8.811902e-27
               47500        1.353020e-04        7.939761e-27
               47600        1.297180e-04        7.939761e-27
               47700        7.645200e-05        7.939761e-27
               47800        1.207780e-04        9.248158e-27
               47900        7.562800e-05        9.248158e-27
               48000        1.225900e-04        9.249538e-27
               48100        8.627000e-05        8.119975e-27
               48200        1.292110e-04        8.121962e-27
               48300        1.010080e-04        9.911116e-27
               48400        7.850200e-05        9.962167e-27
               48500        1.093470e-04        1.010274e-26
               48600        8.607100e-05        8.597762e-27
               48700        1.077160e-04        8.589276e-27
               48800        1.167660e-04        9.962037e-27
               48900        1.067610e-04        9.649990e-27
               49000        9.424600e-05        9.669508e-27
               49100        1.022170e-04        9.466621e-27
               49200        9.641700e-05        8.779087e-27
               49300        1.072360e-04        1.152756e-26
               49400        1.007100e-04        1.154117e-26
               49500        1.277700e-04        1.126541e-26
               49600        8.674800e-05        1.029902e-26
               49700        1.257730e-04        1.022466e-26
               49800        9.790400e-05        8.660996e-27
               49900        1.105740e-04        7.496720e-27
               50000        1.069080e-04        7.490292e-27
               50100        8.694000e-05        8.549303e-27
               50200        8.982800e-05        8.554769e-27
               50300        8.456500e-05        8.554769e-27
               50400        1.176450e-04        8.554769e-27
               50500        1.084660e-04        8.613751e-27
               50600        1.309610e-04        8.716519e-27
               50700        7.866900e-05        9.476249e-27
               50800        1.164390e-04        8.854575e-27
               50900        7.683600e-05        8.877810e-27
               51000        1.233020e-04        8.995982e-27
               51100        9.811800e-05        8.389974e-27
               51200        1.066720e-04        8.087983e-27
               51300        1.029480e-04        8.087983e-27
               51400        1.035000e-04        6.572830e-27
               51500        1.041030e-04        6.572830e-27
               51600        1.007540e-04        7.360458e-27
               51700        1.006820e-04        7.363644e-27
               51800        9.714700e-05        7.360458e-27
               51900        1.018680e-04        7.363825e-27
               52000        1.015710e-04        9.190501e-27
               52100        1.031330e-04        9.190478e-27
               52200        1.043940e-04        9.190501e-27
               52300        1.044730e-04        7.254314e-27
               52400        1.009560e-04        7.252884e-27
               52500        1.055130e-04        7.252721e-27
               52600        1.031230e-04        7.360961e-27
               52700        9.937900e-05        7.356863e-27
               52800        1.035940e-04        8.028205e-27
               52900        1.051920e-04        8.028205e-27
               53000        1.116300e-04        8.028205e-27
               53100        1.012040e-04        8.363426e-27
               53200        1.025580e-04        8.331970e-27
               53300        9.938700e-05        8.328086e-27
               53400        1.039030e-04        8.686413e-27
               53500        1.009760e-04        8.431298e-27
               53600        9.873500e-05        8.422865e-27
               53700        1.005690e-04        9.355577e-27
               53800        9.961700e-05        9.881356e-27
               53900        1.007160e-04        9.741287e-27
               54000        1.077990e-04        9.359456e-27
               54100        1.059550e-04        1.033000e-26
               54200        1.058950e-04        8.903493e-27
               54300        1.008500e-04        9.177083e-27
               54400        1.011400e-04        7.545113e-27
               54500        1.036640e-04        7.757562e-27
               54600        1.020530e-04        8.512700e-27
               54700        1.076670e-04        8.481334e-27
               54800        1.053190e-04        7.586586e-27
               54900        1.018670e-04        8.127147e-27
               55000        1.036910e-04        8.203524e-27
               55100        1.039530e-04        8.203524e-27
               55200        1.012520e-04        7.816455e-27
               55300        1.017230e-04        7.438676e-27
               55400        1.024640e-04        7.389589e-27
               55500        1.066620e-04        7.814287e-27
               55600        8.006900e-05        7.728894e-27
               55700        1.057460e-04        7.667808e-27
               55800        9.797200e-05        7.637405e-27
               55900        1.030380e-04        7.544488e-27
               56000        1.062550e-04        7.515322e-27
               56100        1.035720e-04        7.597650e-27
               56200        1.040120e-04        7.598784e-27
               56300        1.013120e-04        7.694534e-27
               56400        1.057180e-04        6.919362e-27
               56500        1.027610e-04        6.807984e-27
               56600        1.061170e-04        6.807984e-27
               56700        9.940900e-05        6.810973e-27
               56800        1.062610e-04        6.752209e-27
               56900        1.042470e-04        7.503689e-27
               57000        1.007710e-04        7.503689e-27
               57100        1.009820e-04        7.508842e-27
               57200        9.855700e-05        7.503689e-27
               57300        9.936200e-05        9.124999e-27
               57400        1.022770e-04        9.124999e-27
               57500        9.997300e-05        9.124999e-27
               57600        1.040500e-04        8.561912e-27
               57700        1.185200e-04        8.561912e-27
               57800        1.046800e-04        8.561912e-27
               57900        1.046070e-04        8.172926e-27
               58000        1.017840e-04        8.172926e-27
               58100        1.065600e-04        8.172926e-27
               58200        8.020700e-05        8.845789e-27
               58300        9.255700e-05        8.842298e-27
               58400        1.236390e-04        8.845789e-27
               58500        9.034400e-05        8.198422e-27
               58600        1.099630e-04        8.198731e-27
               58700        8.961300e-05        8.194540e-27
               58800        9.089600e-05        8.153815e-27
               58900        1.110260e-04        8.153815e-27
               59000        9.060800e-05        8.153815e-27
               59100        1.085590e-04        8.534146e-27
               59200        1.047900e-04        8.534146e-27
               59300        1.229530e-04        8.536907e-27
               59400        1.477520e-04        9.135419e-27
               59500        1.461520e-04        9.135419e-27
               59600        1.271390e-04        8.808532e-27
               59700        1.276460e-04        8.808532e-27
               59800        1.219760e-04        8.808532e-27
               59900        1.332150e-04        8.808532e-27
               60000        1.290560e-04        8.808532e-27
               60100        1.400660e-04        8.578017e-27
               60200        7.903300e-05        8.546258e-27
               60300        1.201940e-04        8.496419e-27
               60400        8.155600e-05        8.546258e-27
               60500        1.205110e-04        7.920159e-27
               60600        7.988000e-05        8.737696e-27
               60700        1.219340e-04        7.951588e-27
               60800        8.126700e-05        8.137332e-27
               60900        1.226790e-04        7.720623e-27
               61000        8.576000e-05        7.490918e-27
               61100        9.262100e-05        8.844392e-27
               61200        1.126430e-04        8.985209e-27
               61300        8.912800e-05        8.985209e-27
               61400        1.066220e-04        8.983848e-27
               61500        1.044350e-04        9.799734e-27
               61600        1.336820e-04        9.800204e-27
               61700        1.391540e-04        1.027383e-26
               61800        1.335130e-04        1.027515e-26
               61900        1.310630e-04        1.027383e-26
               62000        8.234500e-05        9.255863e-27
               62100        1.232300e-04        9.255863e-27
               62200        8.189600e-05        7.552653e-27
               62300        1.280420e-04        7.543556e-27
               62400        8.129400e-05        7.551119e-27
               62500        1.276350e-04        8.919739e-27
               62600        8.289700e-05        8.927902e-27
               62700        9.034700e-05        8.918799e-27
               62800        1.115910e-04        8.614387e-27
               62900        9.264900e-05        8.614387e-27
               63000        1.078130e-04        8.614387e-27
               63100        1.160630e-04        8.185165e-27
               63200        1.279430e-04        8.185165e-27
               63300        1.312140e-04        8.180952e-27
               63400        1.290850e-04        9.149291e-27
               63500        1.281860e-04        9.149384e-27
               63600        1.269070e-04        9.149384e-27
               63700        7.681700e-05        9.223404e-27
               63800        1.114380e-04        9.357759e-27
               63900        7.706400e-05        8.696788e-27
               64000        1.151250e-04        9.926949e-27
               64100        8.584800e-05        9.567933e-27
               64200        1.169600e-04        8.504952e-27
               64300        8.833800e-05        8.956034e-27
               64400        1.095690e-04        8.996458e-27
               64500        9.931900e-05        9.685021e-27
               64600        1.108640e-04        9.571175e-27
               64700        1.003170e-04        9.350254e-27
               64800        1.114670e-04        9.125723e-27
               64900        1.007550e-04        9.189604e-27
               65000        1.153330e-04        9.289884e-27
               65100        9.622300e-05        1.035510e-26
               65200        1.128390e-04        1.023536e-26
               65300        9.397100e-05        8.949052e-27
               65400        1.100610e-04        9.622594e-27
               65500        1.019460e-04        9.490667e-27
               65600        1.185630e-04        8.955616e-27
               65700        1.248780e-04        8.939137e-27
               65800        1.078180e-04        7.942453e-27
               65900        9.540400e-05        7.492470e-27
               66000        1.145670e-04        7.387642e-27
               66100        1.289150e-04        7.929635e-27
               66200        1.321040e-04        8.003364e-27
               66300        9.448500e-05        7.958121e-27
               66400        1.324650e-04        8.308112e-27
               66500        1.100610e-04        8.372051e-27
               66600        1.174530e-04        8.488255e-27
               66700        1.386240e-04        8.108884e-27
               66800        1.230750e-04        7.668799e-27
               66900        1.201520e-04        7.649450e-27
               67000        9.116100e-05        9.096073e-27
               67100        1.037820e-04        9.348592e-27
               67200        1.018570e-04        9.260468e-27
               67300        1.250100e-04        9.099805e-27
               67400        9.560600e-05        9.153426e-27
               67500        1.052570e-04        9.510529e-27
               67600        9.973200e-05        9.435907e-27
               67700        1.032730e-04        9.144422e-27
               67800        9.876500e-05        9.461543e-27
               67900        1.040880e-04        9.713489e-27
               68000        9.400000e-05        1.022948e-26
               68100        1.086470e-04        8.949416e-27
               68200        9.834500e-05        8.957014e-27
               68300        1.070120e-04        8.035479e-27
               68400        9.529400e-05        8.083980e-27
               68500        1.083720e-04        8.067272e-27
               68600        1.031850e-04        7.182438e-27
               68700        1.069690e-04        7.784611e-27
               68800        9.392000e-05        7.791193e-27
               68900        1.122660e-04        7.887952e-27
               69000        9.698900e-05        7.959057e-27
               69100        1.028670e-04        7.198508e-27
               69200        9.734700e-05        7.883031e-27
               69300        1.032080e-04        8.407377e-27
               69400        1.009780e-04        9.414251e-27
               69500        1.070420e-04        9.160923e-27
               69600        9.937600e-05        8.805327e-27
               69700        1.241120e-04        8.665321e-27
               69800        9.798100e-05        9.028851e-27
               69900        8.171800e-05        8.819706e-27
               70000        1.000490e-04        8.819706e-27
               70100        8.537400e-05        8.819706e-27
               70200        1.045760e-04        8.819706e-27
               70300        1.228180e-04        8.812057e-27
               70400        7.472200e-05        8.812908e-27
               70500        1.108940e-04        9.034794e-27
               70600        7.657100e-05        9.041255e-27
               70700        1.136740e-04        9.289875e-27
               70800        7.336100e-05        9.300188e-27
               70900        1.094830e-04        9.298355e-27
               71000        7.751600e-05        9.300188e-27
               71100        1.197860e-04        9.373741e-27
               71200        9.759000e-05        9.368783e-27
               71300        1.269360e-04        8.861570e-27
               71400        1.256540e-04        7.732531e-27
               71500        1.244160e-04        7.754834e-27
               71600        1.344690e-04        7.644848e-27
               71700        1.226540e-04        7.427653e-27
               71800        1.033760e-04        8.012995e-27
               71900        1.242140e-04        8.420460e-27
               72000        1.248680e-04        8.048369e-27
               72100        1.279090e-04        8.318676e-27
               72200        1.283410e-04        8.319819e-27
               72300        1.231990e-04        6.990126e-27
               72400        1.291740e-04        6.990235e-27
               72500        1.280710e-04        6.990235e-27
               72600        7.972600e-05        6.990235e-27
               72700        1.147950e-04        7.313304e-27
               72800        7.999900e-05        7.313304e-27
               72900        1.253930e-04        7.313304e-27
               73000        7.799200e-05        7.313304e-27
               73100        1.192410e-04        7.308027e-27
               73200        7.614900e-05        7.438588e-27
               73300        1.175020e-04        6.469205e-27
               73400        8.246800e-05        6.780928e-27
               73500        1.249150e-04        7.084096e-27
               73600        8.258200e-05        7.542530e-27
               73700        1.389800e-04        8.322836e-27
               73800        1.044560e-04        8.430824e-27
               73900        1.233830e-04        7.180997e-27
               74000        1.268660e-04        7.040689e-27
               74100        9.840100e-05        7.038421e-27
               74200        1.177090e-04        7.040689e-27
               74300        1.234920e-04        7.035858e-27
               74400        1.233290e-04        9.634050e-27
               74500        1.245330e-04        9.634356e-27
               74600        9.327600e-05        9.593394e-27
               74700        1.194280e-04        9.593394e-27
               74800        1.206400e-04        1.034277e-26
               74900        8.030400e-05        8.796544e-27
               75000        1.116640e-04        8.735477e-27
               75100        7.916500e-05        9.526109e-27
               75200        1.227820e-04        8.443691e-27
               75300        7.992200e-05        7.749082e-27
               75400        1.225750e-04        9.464039e-27
               75500        9.456100e-05        8.703098e-27
               75600        7.883800e-05        7.569194e-27
               75700        1.260860e-04        7.569194e-27
               75800        1.157290e-04        7.569194e-27
               75900        1.272980e-04        9.282094e-27
               76000        7.944600e-05        9.282094e-27
               76100        9.520300e-05        9.289687e-27
               76200        7.262700e-05        8.617469e-27
               76300        1.016090e-04        8.612490e-27
               76400        1.488490e-04        9.567908e-27
               76500        1.070740e-04        9.659649e-27
               76600        9.144400e-05        9.211364e-27
               76700        1.115310e-04        9.211364e-27
               76800        1.425500e-04        7.531864e-27
               76900        1.294990e-04        7.774310e-27
               77000        1.097920e-04        7.788401e-27
               77100        1.024540e-04        7.774310e-27
               77200        1.259460e-04        8.218701e-27
               77300        1.251860e-04        7.958325e-27
               77400        9.876700e-05        8.080539e-27
               77500        8.904500e-05        8.134735e-27
               77600        1.038060e-04        8.162802e-27
               77700        8.562400e-05        7.963151e-27
               77800        1.028100e-04        8.088500e-27
               77900        8.259400e-05        8.088889e-27
               78000        1.021900e-04        9.087503e-27
               78100        9.452900e-05        8.607307e-27
               78200        1.060930e-04        8.629813e-27
               78300        1.094820e-04        7.090497e-27
               78400        1.260260e-04        7.192385e-27
               78500        8.921700e-05        7.241480e-27
               78600        1.647930e-04        9.022448e-27
               78700        1.612860e-04        9.046068e-27
               78800        8.320800e-05        9.302777e-27
               78900        1.212930e-04        7.452987e-27
               79000        1.659820e-04        7.667764e-27
               79100        9.554900e-05        8.103903e-27
               79200        1.471600e-04        8.103903e-27
               79300        1.087920e-04        7.784123e-27
               79400        1.035470e-04        8.086468e-27
               79500        8.565200e-05        7.909499e-27
               79600        9.850200e-05        8.330976e-27
               79700        9.706000e-05        9.263166e-27
               79800        9.921800e-05        9.810657e-27
               79900        8.913600e-05        9.810657e-27
               80000        1.042180e-04        9.810657e-27
               80100        9.080100e-05        9.810657e-27
               80200        1.151200e-04        9.008765e-27
               80300        9.766600e-05        9.027123e-27
               80400        1.091940e-04        8.399189e-27
               80500        1.004650e-04        8.403145e-27
               80600        1.092070e-04        8.450513e-27
               80700        9.280800e-05        8.899399e-27
               80800        1.082060e-04        7.588398e-27
               80900        9.533800e-05        7.610337e-27
               81000        1.076180e-04        7.283354e-27
               81100        9.343500e-05        7.622628e-27
               81200        1.070450e-04        7.654561e-27
               81300        9.351100e-05        8.632759e-27
               81400        1.109290e-04        9.746588e-27
               81500        1.187590e-04        9.709435e-27
               81600        1.280080e-04        9.485653e-27
               81700        1.272290e-04        8.444846e-27
               81800        7.870100e-05        8.441747e-27
               81900        1.045830e-04        8.440927e-27
               82000        9.012200e-05        8.566667e-27
               82100        1.188110e-04        8.602024e-27
               82200        7.853900e-05        8.955472e-27
               82300        1.147210e-04        9.502046e-27
               82400        7.769000e-05        9.458182e-27
               82500        1.203390e-04        8.489586e-27
               82600        7.684200e-05        8.135479e-27
               82700        1.199430e-04        7.628217e-27
               82800        1.121290e-04        8.271209e-27
               82900        1.182400e-04        6.822244e-27
               83000        1.279100e-04        7.820699e-27
               83100        1.196690e-04        9.312438e-27
               83200        1.286660e-04        9.275674e-27
               83300        1.312430e-04        9.656752e-27
               83400        1.234600e-04        9.679441e-27
               83500        1.277160e-04        9.682460e-27
               83600        1.320730e-04        9.075676e-27
               83700        7.574500e-05        9.098141e-27
               83800        1.258350e-04        7.889908e-27
               83900        8.212100e-05        7.397774e-27
               84000        1.187480e-04        7.981034e-27
               84100        7.765000e-05        7.692799e-27
               84200        1.152110e-04        7.837771e-27
               84300        7.775500e-05        7.949925e-27
               84400        1.162140e-04        8.203183e-27
               84500        7.517600e-05        8.221581e-27
               84600        8.911400e-05        8.329211e-27
               84700        7.729700e-05        8.804316e-27
               84800        1.273150e-04        8.544267e-27
               84900        7.872400e-05        8.918719e-27
               85000        1.262230e-04        9.100837e-27
               85100        8.933900e-05        7.247642e-27
               85200        1.342630e-04        6.951081e-27
               85300        9.869200e-05        7.859770e-27
               85400        1.038580e-04        8.399217e-27
               85500        1.215890e-04        7.812162e-27
               85600        1.174390e-04        7.955982e-27
               85700        7.999700e-05        7.955982e-27
               85800        1.270390e-04        8.716684e-27
               85900        8.810900e-05        8.761321e-27
               86000        1.097310e-04        8.156634e-27
               86100        9.334900e-05        7.661222e-27
               86200        1.117000e-04        7.465956e-27
               86300        8.450800e-05        7.785471e-27
               86400        1.201290e-04        8.147759e-27
               86500        7.979800e-05        7.837468e-27
               86600        1.384540e-04        8.414954e-27
               86700        1.063330e-04        8.459773e-27
               86800        9.712000e-05        7.807896e-27
               86900        1.076540e-04        7.679067e-27
               87000        1.089230e-04        7.559488e-27
               87100        1.140080e-04        7.581980e-27
               87200        9.262400e-05        6.343729e-27
               87300        1.085290e-04        6.486261e-27
               87400        9.032700e-05        6.418919e-27
               87500        1.264340e-04        6.871157e-27
               87600        9.283000e-05        6.951199e-27
               87700        1.069540e-04        7.368786e-27
               87800        9.263900e-05        7.616397e-27
               87900        1.050160e-04        8.014246e-27
               88000        8.365100e-05        7.215921e-27
               88100        1.083160e-04        6.399585e-27
               88200        9.627400e-05        6.761387e-27
               88300        1.138200e-04        6.830563e-27
               88400        9.731300e-05        8.376901e-27
               88500        1.119600e-04        8.275066e-27
               88600        9.693500e-05        8.678923e-27
               88700        1.114160e-04        8.992430e-27
               88800        9.860200e-05        8.987341e-27
               88900        1.133940e-04        8.906785e-27
               89000        9.790400e-05        8.415491e-27
               89100        1.185380e-04        8.425571e-27
               89200        9.985000e-05        7.565583e-27
               89300        1.118590e-04        7.806214e-27
               89400        9.793500e-05        7.832712e-27
               89500        1.121940e-04        7.720638e-27
               89600        1.141880e-04        8.419927e-27
               89700        1.239390e-04        9.502915e-27
               89800        1.205940e-04        1.015756e-26
               89900        7.944900e-05        8.967922e-27
               90000        1.105910e-04        8.965654e-27
               90100        7.475900e-05        8.966816e-27
               90200        1.160620e-04        8.739720e-27
               90300        8.305400e-05        8.212575e-27
               90400        1.165860e-04        8.214939e-27
               90500        8.894700e-05        9.448354e-27
               90600        1.114950e-04        9.448552e-27
               90700        9.515700e-05        9.448223e-27
               90800        1.081000e-04        8.213236e-27
               90900        9.841400e-05        8.213778e-27
               91000        1.071060e-04        8.143364e-27
               91100        9.664000e-05        8.143166e-27
               91200        1.028070e-04        8.143364e-27
               91300        9.066500e-05        8.143364e-27
               91400        1.285580e-04        8.403781e-27
               91500        8.218100e-05        8.403781e-27
               91600        1.134820e-04        8.403781e-27
               91700        7.877600e-05        7.709774e-27
               91800        1.171930e-04        7.709774e-27
               91900        8.050800e-05        7.709774e-27
               92000        1.185370e-04        8.365337e-27
               92100        7.876000e-05        8.366570e-27
               92200        7.900000e-05        8.366570e-27
               92300        1.073360e-04        8.897088e-27
               92400        9.453200e-05        8.847340e-27
               92500        1.096580e-04        8.443367e-27
               92600        9.207500e-05        8.813560e-27
               92700        1.061760e-04        8.761461e-27
               92800        9.545800e-05        8.379258e-27
               92900        1.085720e-04        8.740576e-27
               93000        9.264900e-05        8.797384e-27
               93100        1.073730e-04        7.939839e-27
               93200        9.888000e-05        7.728489e-27
               93300        1.144430e-04        7.865592e-27
               93400        9.818100e-05        7.406497e-27
               93500        1.134210e-04        7.430963e-27
               93600        9.619300e-05        8.337957e-27
               93700        1.102120e-04        8.318514e-27
               93800        9.951700e-05        8.286263e-27
               93900        1.190980e-04        8.687761e-27
               94000        7.771600e-05        8.533647e-27
               94100        1.191860e-04        8.521379e-27
               94200        9.294200e-05        8.519298e-27
               94300        1.159430e-04        7.955987e-27
               94400        1.127870e-04        8.219881e-27
               94500        1.110860e-04        8.219788e-27
               94600        1.105180e-04        8.219881e-27
               94700        1.258920e-04        8.219881e-27
               94800        1.058380e-04        7.866333e-27
               94900        1.068160e-04        7.861113e-27
               95000        1.046210e-04        7.873827e-27
               95100        1.037230e-04        7.168051e-27
               95200        1.037070e-04        7.168051e-27
               95300        1.048510e-04        7.168051e-27
               95400        1.046300e-04        7.441415e-27
               95500        1.030940e-04        7.441415e-27
               95600        1.064350e-04        7.441415e-27
               95700        1.079330e-04        9.230105e-27
               95800        1.052060e-04        9.254834e-27
               95900        9.963500e-05        9.379547e-27
               96000        9.518900e-05        8.725386e-27
               96100        9.144100e-05        8.596357e-27
               96200        9.642700e-05        8.564197e-27
               96300        9.424100e-05        8.218396e-27
               96400        9.734600e-05        8.136754e-27
               96500        9.346400e-05        7.995821e-27
               96600        9.823000e-05        8.687610e-27
               96700        1.533400e-04        9.921098e-27
               96800        1.125590e-04        9.901509e-27
               96900        1.182610e-04        9.916511e-27
               97000        9.525300e-05        9.398087e-27
               97100        9.501500e-05        1.001606e-26
               97200        9.674200e-05        1.008577e-26
               97300        9.189300e-05        1.003703e-26
               97400        9.428700e-05        8.165917e-27
               97500        9.488200e-05        8.508900e-27
               97600        9.284100e-05        8.508900e-27
               97700        1.063840e-04        8.508802e-27
               97800        9.736700e-05        8.508900e-27
               97900        9.852100e-05        7.853189e-27
               98000        9.585200e-05        7.853189e-27
               98100        9.475800e-05        7.853189e-27
               98200        9.304400e-05        7.628759e-27
               98300        9.395500e-05        7.628809e-27
               98400        9.546200e-05        7.628759e-27
               98500        9.241800e-05        8.091382e-27
               98600        9.169900e-05        8.091382e-27
               98700        8.951900e-05        8.091382e-27
               98800        9.184200e-05        6.726241e-27
               98900        9.026300e-05        6.726241e-27
               99000        9.211300e-05        6.726241e-27
               99100        9.076500e-05        7.649645e-27
               99200        9.507700e-05        7.876982e-27
               99300        7.451800e-05        9.559967e-27
               99400        7.463600e-05        8.554122e-27
               99500        7.331500e-05        7.976411e-27
               99600        7.465300e-05        8.359025e-27
               99700        7.518500e-05        9.191097e-27
               99800        7.399800e-05        8.953101e-27
               99900        7.412200e-05        9.030934e-27
              100000        7.338600e-05        9.360763e-27
