Period: 100
               Epoch           Time cost                Loss
                 100        2.043600e-04        7.631367e+04
                 200        1.717040e-04        6.441927e+04
                 300        1.974500e-04        5.783140e+04
                 400        1.813690e-04        5.396311e+04
                 500        1.800460e-04        5.203215e+04
                 600        1.823560e-04        5.074956e+04
                 700        2.569320e-04        4.524547e+04
                 800        1.525790e-04        4.551800e+04
                 900        2.329180e-04        4.090525e+04
                1000        2.151880e-04        4.090525e+04
                1100        2.008170e-04        4.090525e+04
                1200        2.586220e-04        4.090525e+04
                1300        2.682050e-04        3.617877e+04
                1400        2.567410e-04        3.617877e+04
                1500        2.571580e-04        3.000829e+04
                1600        2.635150e-04        3.000829e+04
                1700        2.881230e-04        3.000855e+04
                1800        2.585480e-04        2.479142e+04
                1900        2.447000e-04        2.479142e+04
                2000        2.767870e-04        2.043877e+04
                2100        2.663560e-04        2.043793e+04
                2200        2.394340e-04        2.051364e+04
                2300        2.733900e-04        1.561790e+04
                2400        2.607680e-04        1.561923e+04
                2500        2.570030e-04        1.561074e+04
                2600        2.460790e-04        1.437572e+04
                2700        2.599410e-04        9.035287e+03
                2800        2.540080e-04        8.922409e+03
                2900        2.430340e-04        7.112676e+03
                3000        2.399020e-04        7.116464e+03
                3100        2.362900e-04        6.485825e+03
                3200        2.463280e-04        5.570265e+03
                3300        2.172300e-04        4.054982e+03
                3400        2.485700e-04        4.054614e+03
                3500        1.581090e-04        4.051242e+03
                3600        2.317960e-04        3.529452e+03
                3700        2.429730e-04        3.529454e+03
                3800        2.370020e-04        3.676915e+03
                3900        2.429330e-04        3.264299e+03
                4000        2.481900e-04        3.264308e+03
                4100        2.434700e-04        2.900765e+03
                4200        2.553660e-04        2.900765e+03
                4300        2.528630e-04        2.535580e+03
                4400        2.565110e-04        2.535565e+03
                4500        4.259530e-04        1.811349e+03
                4600        2.740030e-04        1.811143e+03
                4700        2.533870e-04        1.812156e+03
                4800        2.030900e-04        1.566642e+03
                4900        2.556680e-04        1.355514e+03
                5000        2.567950e-04        1.354954e+03
                5100        3.270110e-04        1.171915e+03
                5200        2.558320e-04        7.478553e+02
                5300        2.628100e-04        6.107379e+02
                5400        2.582160e-04        6.107379e+02
                5500        2.487890e-04        6.108896e+02
                5600        2.375310e-04        4.833084e+02
                5700        2.075980e-04        4.831894e+02
                5800        1.729110e-04        4.570600e+02
                5900        2.029180e-04        3.749493e+02
                6000        2.308230e-04        3.747685e+02
                6100        2.163850e-04        3.752242e+02
                6200        2.461450e-04        3.752242e+02
                6300        2.340860e-04        2.722900e+02
                6400        2.307360e-04        2.921319e+02
                6500        2.417950e-04        2.722504e+02
                6600        2.382220e-04        2.573238e+02
                6700        2.547160e-04        2.573238e+02
                6800        2.498980e-04        1.631542e+02
                6900        2.421630e-04        1.582913e+02
                7000        2.366990e-04        1.582913e+02
                7100        2.798000e-04        1.503570e+02
                7200        2.391180e-04        1.257394e+02
                7300        2.366310e-04        1.255541e+02
                7400        2.360790e-04        9.422475e+01
                7500        2.568090e-04        9.749009e+01
                7600        2.423450e-04        9.750441e+01
                7700        2.490880e-04        8.412339e+01
                7800        2.546220e-04        8.412318e+01
                7900        2.467460e-04        8.412318e+01
                8000        2.350980e-04        8.412318e+01
                8100        2.395970e-04        6.790416e+01
                8200        2.436750e-04        6.793931e+01
                8300        2.874780e-04        6.358466e+01
                8400        2.387840e-04        6.358466e+01
                8500        2.519440e-04        5.243034e+01
                8600        2.268800e-04        5.242515e+01
                8700        2.316090e-04        4.546625e+01
                8800        2.475570e-04        4.546426e+01
                8900        2.493450e-04        4.546426e+01
                9000        2.840930e-04        4.546625e+01
                9100        2.640640e-04        4.546625e+01
                9200        2.464240e-04        2.960292e+01
                9300        1.570870e-04        2.316288e+01
                9400        2.377660e-04        2.237788e+01
                9500        2.588490e-04        1.787037e+01
                9600        2.539390e-04        1.786438e+01
                9700        2.522990e-04        1.790644e+01
                9800        2.495700e-04        1.601614e+01
                9900        2.448190e-04        1.511768e+01
               10000        1.562700e-04        1.263528e+01
               10100        2.245690e-04        1.263350e+01
               10200        2.291140e-04        1.186310e+01
               10300        2.250800e-04        9.164188e+00
               10400        2.362060e-04        9.142769e+00
               10500        2.465800e-04        7.508047e+00
               10600        2.231860e-04        7.508081e+00
               10700        1.545050e-04        6.520972e+00
               10800        2.384500e-04        6.520972e+00
               10900        2.229620e-04        5.523305e+00
               11000        1.953400e-04        5.523405e+00
               11100        2.394270e-04        4.823538e+00
               11200        2.402310e-04        4.823522e+00
               11300        2.573170e-04        3.615206e+00
               11400        2.362950e-04        3.616147e+00
               11500        2.349440e-04        3.399016e+00
               11600        1.862640e-04        2.557687e+00
               11700        2.329460e-04        2.555184e+00
               11800        2.227380e-04        2.153586e+00
               11900        2.351380e-04        2.153586e+00
               12000        2.329600e-04        1.707533e+00
               12100        2.393210e-04        1.707533e+00
               12200        2.308390e-04        1.414059e+00
               12300        2.326290e-04        1.414158e+00
               12400        2.344890e-04        1.284782e+00
               12500        2.528320e-04        1.284778e+00
               12600        2.851370e-04        1.151298e+00
               12700        2.451980e-04        1.151279e+00
               12800        2.383270e-04        1.025882e+00
               12900        2.538730e-04        1.025808e+00
               13000        2.369590e-04        8.113343e-01
               13100        2.308830e-04        8.113343e-01
               13200        2.301890e-04        7.024664e-01
               13300        2.306210e-04        7.024139e-01
               13400        2.261330e-04        5.782455e-01
               13500        2.422590e-04        5.782455e-01
               13600        1.585770e-04        5.187073e-01
               13700        2.237560e-04        5.187073e-01
               13800        2.237490e-04        4.348091e-01
               13900        2.489980e-04        4.348272e-01
               14000        2.637620e-04        3.878055e-01
               14100        2.276640e-04        3.878332e-01
               14200        2.243810e-04        3.180550e-01
               14300        2.154690e-04        3.180550e-01
               14400        2.454770e-04        3.180890e-01
               14500        2.429380e-04        3.180550e-01
               14600        2.501210e-04        2.625124e-01
               14700        2.527160e-04        2.625124e-01
               14800        2.595530e-04        2.625082e-01
               14900        2.683560e-04        2.625082e-01
               15000        2.373880e-04        2.369652e-01
               15100        2.304410e-04        2.369576e-01
               15200        2.592980e-04        2.142521e-01
               15300        2.281090e-04        2.142363e-01
               15400        2.377060e-04        1.736890e-01
               15500        2.296190e-04        1.685019e-01
               15600        2.328220e-04        1.400285e-01
               15700        2.441570e-04        1.400285e-01
               15800        2.301400e-04        1.349412e-01
               15900        2.432080e-04        1.349412e-01
               16000        2.375370e-04        1.349412e-01
               16100        2.184700e-04        1.349412e-01
               16200        2.400660e-04        1.111016e-01
               16300        2.298930e-04        1.111016e-01
               16400        2.550020e-04        9.898957e-02
               16500        2.258190e-04        9.898459e-02
               16600        2.331980e-04        8.017931e-02
               16700        2.548190e-04        8.018049e-02
               16800        2.493990e-04        6.085450e-02
               16900        2.459800e-04        5.123446e-02
               17000        2.377940e-04        5.123388e-02
               17100        2.258650e-04        5.123388e-02
               17200        2.392200e-04        4.278986e-02
               17300        2.294560e-04        4.203740e-02
               17400        1.536350e-04        4.019636e-02
               17500        2.091520e-04        3.437631e-02
               17600        1.513490e-04        3.438273e-02
               17700        2.695190e-04        3.205294e-02
               17800        2.454660e-04        2.588033e-02
               17900        2.568230e-04        2.572590e-02
               18000        2.507520e-04        2.272064e-02
               18100        2.420770e-04        2.190626e-02
               18200        2.532660e-04        1.694187e-02
               18300        2.672680e-04        1.693907e-02
               18400        2.474020e-04        1.591032e-02
               18500        2.442870e-04        1.174911e-02
               18600        1.544850e-04        1.174911e-02
               18700        2.394560e-04        9.836582e-03
               18800        2.407320e-04        9.836948e-03
               18900        2.339230e-04        9.836582e-03
               19000        2.368630e-04        9.836948e-03
               19100        2.528220e-04        7.032115e-03
               19200        2.412840e-04        7.032100e-03
               19300        2.353070e-04        6.100554e-03
               19400        2.377930e-04        6.101059e-03
               19500        2.508420e-04        5.670193e-03
               19600        2.494170e-04        5.670193e-03
               19700        2.463290e-04        4.840477e-03
               19800        2.679580e-04        4.840477e-03
               19900        2.352060e-04        4.228868e-03
               20000        2.459170e-04        4.228868e-03
               20100        2.371760e-04        3.650158e-03
               20200        2.422440e-04        3.650170e-03
               20300        2.394300e-04        3.003968e-03
               20400        2.471310e-04        3.003968e-03
               20500        2.416480e-04        2.714260e-03
               20600        2.431940e-04        2.714260e-03
               20700        2.459140e-04        2.512199e-03
               20800        2.401700e-04        2.512199e-03
               20900        2.448310e-04        2.360298e-03
               21000        2.464000e-04        2.360596e-03
               21100        2.358500e-04        2.359889e-03
               21200        2.530020e-04        1.723021e-03
               21300        2.315510e-04        1.722861e-03
               21400        2.317400e-04        1.561426e-03
               21500        2.517860e-04        1.210744e-03
               21600        2.422170e-04        1.211117e-03
               21700        2.605080e-04        1.009436e-03
               21800        2.428320e-04        1.009453e-03
               21900        2.486370e-04        8.564737e-04
               22000        2.377110e-04        8.564737e-04
               22100        2.392880e-04        6.995685e-04
               22200        2.413380e-04        6.996104e-04
               22300        2.435180e-04        6.655471e-04
               22400        2.333540e-04        6.655471e-04
               22500        2.611940e-04        5.541481e-04
               22600        2.429390e-04        5.542082e-04
               22700        2.654520e-04        5.542082e-04
               22800        2.447800e-04        4.233377e-04
               22900        2.432840e-04        3.993869e-04
               23000        2.467110e-04        3.997798e-04
               23100        2.468290e-04        3.520852e-04
               23200        3.151940e-04        3.520852e-04
               23300        2.320390e-04        3.128423e-04
               23400        2.342990e-04        3.129469e-04
               23500        2.476640e-04        2.809568e-04
               23600        2.865550e-04        2.809253e-04
               23700        2.578550e-04        2.347859e-04
               23800        2.473130e-04        2.347688e-04
               23900        2.949680e-04        2.052377e-04
               24000        2.581910e-04        2.052377e-04
               24100        2.573860e-04        1.771274e-04
               24200        2.558690e-04        1.771274e-04
               24300        2.413700e-04        1.306097e-04
               24400        2.437900e-04        1.184550e-04
               24500        2.231430e-04        1.024162e-04
               24600        2.582060e-04        1.025597e-04
               24700        2.196330e-04        1.024645e-04
               24800        2.673280e-04        8.391141e-05
               24900        2.267540e-04        8.390457e-05
               25000        2.773360e-04        8.376768e-05
               25100        1.974050e-04        6.892108e-05
               25200        2.046850e-04        6.893384e-05
               25300        2.490570e-04        6.754624e-05
               25400        2.648930e-04        5.725148e-05
               25500        1.708040e-04        5.725390e-05
               25600        2.539490e-04        4.362542e-05
               25700        2.572240e-04        4.362644e-05
               25800        2.671740e-04        3.957405e-05
               25900        2.645660e-04        3.956784e-05
               26000        2.717190e-04        3.436677e-05
               26100        2.666960e-04        3.436857e-05
               26200        2.647820e-04        3.434905e-05
               26300        2.608850e-04        2.681526e-05
               26400        2.661010e-04        2.682577e-05
               26500        2.549600e-04        2.256353e-05
               26600        2.643720e-04        2.078137e-05
               26700        2.652390e-04        2.076805e-05
               26800        2.572010e-04        1.563928e-05
               26900        2.575640e-04        1.563928e-05
               27000        2.556540e-04        1.554653e-05
               27100        2.586830e-04        1.126398e-05
               27200        1.702120e-04        1.126713e-05
               27300        2.466910e-04        1.058484e-05
               27400        2.656260e-04        8.701299e-06
               27500        2.486920e-04        8.702935e-06
               27600        2.555390e-04        8.685829e-06
               27700        1.674640e-04        7.005033e-06
               27800        2.498870e-04        7.005033e-06
               27900        2.462310e-04        6.830671e-06
               28000        2.546230e-04        6.830678e-06
               28100        2.582170e-04        5.962914e-06
               28200        2.534150e-04        5.962774e-06
               28300        2.590440e-04        4.889717e-06
               28400        2.540090e-04        4.889717e-06
               28500        1.667140e-04        4.143264e-06
               28600        2.220450e-04        4.143264e-06
               28700        2.412430e-04        3.591015e-06
               28800        2.582600e-04        3.591076e-06
               28900        2.322510e-04        3.106569e-06
               29000        2.755860e-04        3.106161e-06
               29100        2.322710e-04        2.867295e-06
               29200        2.381020e-04        2.867295e-06
               29300        2.511490e-04        2.867295e-06
               29400        2.398020e-04        2.217798e-06
               29500        2.481230e-04        1.634510e-06
               29600        2.477210e-04        1.463841e-06
               29700        2.544770e-04        1.463808e-06
               29800        2.281200e-04        1.425146e-06
               29900        2.346840e-04        1.425114e-06
               30000        2.631320e-04        1.124789e-06
               30100        2.393820e-04        1.124789e-06
               30200        2.459280e-04        1.124663e-06
               30300        2.514040e-04        9.779073e-07
               30400        2.364650e-04        9.779839e-07
               30500        2.351020e-04        9.665084e-07
               30600        2.438650e-04        7.743674e-07
               30700        2.338040e-04        7.748901e-07
               30800        2.618030e-04        5.949243e-07
               30900        2.339970e-04        5.949243e-07
               31000        2.433140e-04        4.666659e-07
               31100        2.427960e-04        4.427114e-07
               31200        2.361660e-04        3.461478e-07
               31300        2.020910e-04        3.461478e-07
               31400        2.761710e-04        3.088278e-07
               31500        2.045960e-04        3.088278e-07
               31600        2.809260e-04        2.412497e-07
               31700        2.064190e-04        2.412497e-07
               31800        2.801740e-04        2.082123e-07
               31900        2.445540e-04        2.081941e-07
               32000        2.855070e-04        1.878408e-07
               32100        2.539740e-04        1.878408e-07
               32200        3.178650e-04        1.571014e-07
               32300        2.542490e-04        1.571237e-07
               32400        2.506380e-04        1.499737e-07
               32500        2.612400e-04        1.499440e-07
               32600        2.775410e-04        1.172121e-07
               32700        2.395510e-04        1.172168e-07
               32800        2.527630e-04        9.808132e-08
               32900        2.457450e-04        9.808132e-08
               33000        2.571000e-04        8.697234e-08
               33100        2.447620e-04        8.697234e-08
               33200        1.994330e-04        7.055949e-08
               33300        2.764980e-04        7.055945e-08
               33400        2.019950e-04        5.851064e-08
               33500        3.215830e-04        5.851120e-08
               33600        2.082350e-04        5.476115e-08
               33700        2.737010e-04        5.476115e-08
               33800        2.491020e-04        4.726269e-08
               33900        2.480390e-04        4.726269e-08
               34000        2.526640e-04        4.153785e-08
               34100        2.639030e-04        4.153785e-08
               34200        1.689110e-04        4.153785e-08
               34300        1.988050e-04        4.148782e-08
               34400        2.348180e-04        3.081483e-08
               34500        1.769810e-04        3.081479e-08
               34600        2.029920e-04        2.770619e-08
               34700        2.273930e-04        2.770751e-08
               34800        2.477170e-04        2.305031e-08
               34900        2.231250e-04        2.305100e-08
               35000        2.775630e-04        2.161059e-08
               35100        2.602180e-04        2.161031e-08
               35200        2.751510e-04        1.695172e-08
               35300        2.634820e-04        1.695107e-08
               35400        2.349290e-04        1.528595e-08
               35500        2.545060e-04        1.528595e-08
               35600        2.776290e-04        1.207787e-08
               35700        2.481030e-04        1.207668e-08
               35800        2.706170e-04        1.207527e-08
               35900        2.580260e-04        1.207527e-08
               36000        2.432480e-04        8.180518e-09
               36100        2.601170e-04        8.179408e-09
               36200        2.794400e-04        7.389881e-09
               36300        2.410230e-04        6.589840e-09
               36400        2.770360e-04        5.304928e-09
               36500        2.659260e-04        5.310171e-09
               36600        2.382990e-04        5.207440e-09
               36700        2.641560e-04        4.291269e-09
               36800        2.566350e-04        4.280171e-09
               36900        2.370840e-04        3.294317e-09
               37000        2.711020e-04        3.294908e-09
               37100        2.425170e-04        2.785069e-09
               37200        3.026170e-04        2.785477e-09
               37300        2.646450e-04        2.484232e-09
               37400        1.786960e-04        2.484232e-09
               37500        2.298820e-04        2.196254e-09
               37600        2.652050e-04        2.196953e-09
               37700        2.516130e-04        2.196247e-09
               37800        2.607640e-04        1.690874e-09
               37900        2.582340e-04        1.690778e-09
               38000        2.302390e-04        1.539969e-09
               38100        2.631600e-04        1.309693e-09
               38200        2.508170e-04        1.311615e-09
               38300        1.761790e-04        1.064449e-09
               38400        2.948810e-04        1.064441e-09
               38500        1.907890e-04        8.552600e-10
               38600        2.753870e-04        8.555238e-10
               38700        2.599250e-04        7.895499e-10
               38800        2.546490e-04        7.893856e-10
               38900        2.736820e-04        6.919261e-10
               39000        2.399220e-04        6.919261e-10
               39100        2.883530e-04        6.065451e-10
               39200        2.853280e-04        6.065451e-10
               39300        2.496500e-04        5.278518e-10
               39400        1.873000e-04        5.278472e-10
               39500        2.676050e-04        4.712630e-10
               39600        2.359520e-04        4.711653e-10
               39700        1.763600e-04        4.282027e-10
               39800        2.459200e-04        4.282004e-10
               39900        2.906970e-04        3.552814e-10
               40000        1.919640e-04        3.552791e-10
               40100        2.857860e-04        3.090932e-10
               40200        2.734430e-04        3.090693e-10
               40300        2.776410e-04        3.090231e-10
               40400        2.605720e-04        2.420513e-10
               40500        1.987510e-04        2.422078e-10
               40600        2.825430e-04        2.312622e-10
               40700        2.044370e-04        1.849593e-10
               40800        2.793000e-04        1.846610e-10
               40900        2.113400e-04        1.553205e-10
               41000        2.706750e-04        1.553405e-10
               41100        2.424350e-04        1.315252e-10
               41200        2.421070e-04        1.315226e-10
               41300        2.049340e-04        1.067456e-10
               41400        2.702320e-04        1.067456e-10
               41500        2.085080e-04        1.067951e-10
               41600        2.798900e-04        8.700844e-11
               41700        2.088000e-04        8.661720e-11
               41800        3.066080e-04        8.186329e-11
               41900        2.661750e-04        8.185568e-11
               42000        2.548940e-04        5.900241e-11
               42100        2.959260e-04        5.909317e-11
               42200        2.533540e-04        5.904312e-11
               42300        2.518520e-04        5.904583e-11
               42400        2.396250e-04        4.508549e-11
               42500        2.820110e-04        4.506916e-11
               42600        2.502600e-04        3.967861e-11
               42700        2.805340e-04        3.967524e-11
               42800        2.480320e-04        2.698810e-11
               42900        2.867280e-04        2.516302e-11
               43000        2.415420e-04        2.516323e-11
               43100        2.334120e-04        1.951349e-11
               43200        2.351580e-04        1.951349e-11
               43300        1.679500e-04        1.595815e-11
               43400        2.015790e-04        1.230808e-11
               43500        2.305160e-04        1.230789e-11
               43600        2.403600e-04        1.118744e-11
               43700        2.434180e-04        1.118740e-11
               43800        2.424220e-04        9.254564e-12
               43900        2.406220e-04        9.254564e-12
               44000        2.449820e-04        8.532112e-12
               44100        2.982890e-04        8.532429e-12
               44200        2.328690e-04        6.829987e-12
               44300        1.784170e-04        6.829978e-12
               44400        2.385570e-04        6.528500e-12
               44500        1.723990e-04        6.528500e-12
               44600        1.939020e-04        5.836340e-12
               44700        2.826260e-04        5.836340e-12
               44800        2.370280e-04        5.289488e-12
               44900        2.865090e-04        5.289488e-12
               45000        2.835890e-04        4.606973e-12
               45100        2.340340e-04        4.606990e-12
               45200        2.585450e-04        3.921660e-12
               45300        2.785780e-04        3.921660e-12
               45400        2.460880e-04        3.473138e-12
               45500        2.898720e-04        3.471486e-12
               45600        2.805460e-04        3.061811e-12
               45700        2.473360e-04        3.061811e-12
               45800        2.639710e-04        2.604596e-12
               45900        2.470100e-04        2.604596e-12
               46000        2.028510e-04        2.402445e-12
               46100        2.705280e-04        2.402467e-12
               46200        2.410730e-04        2.156189e-12
               46300        2.867690e-04        2.156192e-12
               46400        2.117340e-04        1.735703e-12
               46500        2.755020e-04        1.640664e-12
               46600        2.050510e-04        1.640638e-12
               46700        2.730250e-04        1.466007e-12
               46800        2.420380e-04        1.466007e-12
               46900        2.470850e-04        1.303376e-12
               47000        2.630670e-04        1.303376e-12
               47100        2.437850e-04        9.674311e-13
               47200        2.423290e-04        8.936313e-13
               47300        2.484460e-04        8.937379e-13
               47400        3.487260e-04        8.422947e-13
               47500        2.433590e-04        8.422947e-13
               47600        2.688010e-04        6.921400e-13
               47700        2.329680e-04        6.921400e-13
               47800        2.890470e-04        6.369250e-13
               47900        2.541540e-04        6.369158e-13
               48000        1.811330e-04        5.317036e-13
               48100        2.274900e-04        5.317017e-13
               48200        2.777770e-04        5.002168e-13
               48300        2.747820e-04        5.003362e-13
               48400        2.698480e-04        3.817040e-13
               48500        2.471690e-04        3.402183e-13
               48600        2.040510e-04        3.402183e-13
               48700        2.703910e-04        3.403950e-13
               48800        1.952460e-04        2.660747e-13
               48900        2.818950e-04        2.660906e-13
               49000        2.000610e-04        2.443689e-13
               49100        2.667210e-04        2.215364e-13
               49200        2.227600e-04        2.214488e-13
               49300        2.443730e-04        1.743384e-13
               49400        2.496260e-04        1.743384e-13
               49500        1.716220e-04        1.529737e-13
               49600        2.230980e-04        1.529741e-13
               49700        2.310670e-04        1.455827e-13
               49800        2.472920e-04        1.455827e-13
               49900        2.441050e-04        1.277516e-13
               50000        2.120840e-04        1.277516e-13
               50100        2.533940e-04        1.061350e-13
               50200        2.514150e-04        1.061350e-13
               50300        2.518740e-04        9.344192e-14
               50400        2.547270e-04        9.344533e-14
               50500        2.416360e-04        8.594965e-14
               50600        2.412570e-04        8.595042e-14
               50700        2.461830e-04        7.481233e-14
               50800        2.481450e-04        7.481233e-14
               50900        2.585600e-04        6.448223e-14
               51000        2.407860e-04        6.448245e-14
               51100        1.802510e-04        5.751043e-14
               51200        2.081000e-04        5.751043e-14
               51300        2.505330e-04        5.033528e-14
               51400        2.129320e-04        5.033521e-14
               51500        2.735920e-04        4.890801e-14
               51600        2.090920e-04        4.890801e-14
               51700        3.168750e-04        4.414708e-14
               51800        2.075890e-04        4.414701e-14
               51900        2.653430e-04        3.625777e-14
               52000        1.848650e-04        3.625756e-14
               52100        1.929910e-04        3.175683e-14
               52200        2.423660e-04        3.175460e-14
               52300        2.572820e-04        2.815543e-14
               52400        2.551340e-04        2.815553e-14
               52500        2.441280e-04        2.490543e-14
               52600        2.445940e-04        2.490582e-14
               52700        2.575220e-04        2.186169e-14
               52800        2.515430e-04        2.186000e-14
               52900        3.148520e-04        2.069996e-14
               53000        2.396680e-04        2.070188e-14
               53100        2.371420e-04        1.853738e-14
               53200        2.497160e-04        1.853738e-14
               53300        2.621820e-04        1.849431e-14
               53400        2.506320e-04        1.547977e-14
               53500        2.546900e-04        1.544298e-14
               53600        2.529960e-04        1.066009e-14
               53700        2.418410e-04        1.066016e-14
               53800        2.437560e-04        1.060587e-14
               53900        2.804000e-04        1.060597e-14
               54000        2.517530e-04        8.364283e-15
               54100        2.908940e-04        8.365542e-15
               54200        2.544990e-04        7.837392e-15
               54300        2.510860e-04        7.837243e-15
               54400        2.484900e-04        6.910335e-15
               54500        2.612700e-04        6.910335e-15
               54600        2.843870e-04        5.716395e-15
               54700        2.458600e-04        5.718483e-15
               54800        2.793950e-04        5.492791e-15
               54900        2.570510e-04        4.242709e-15
               55000        2.609080e-04        4.241417e-15
               55100        2.885210e-04        3.275424e-15
               55200        2.507340e-04        3.275424e-15
               55300        2.912570e-04        2.864171e-15
               55400        2.936900e-04        2.864171e-15
               55500        2.540000e-04        2.512703e-15
               55600        2.677780e-04        2.512703e-15
               55700        2.814300e-04        2.083894e-15
               55800        2.447450e-04        1.766434e-15
               55900        2.877420e-04        1.766519e-15
               56000        2.760660e-04        1.636893e-15
               56100        2.448410e-04        1.636893e-15
               56200        2.780100e-04        1.393938e-15
               56300        2.915160e-04        1.393938e-15
               56400        2.626980e-04        1.393938e-15
               56500        2.843400e-04        1.391569e-15
               56600        2.915160e-04        1.130266e-15
               56700        2.512250e-04        1.134114e-15
               56800        2.734920e-04        9.494391e-16
               56900        2.888190e-04        9.493377e-16
               57000        2.487340e-04        9.033384e-16
               57100        3.032030e-04        9.033477e-16
               57200        2.861820e-04        7.370424e-16
               57300        2.540730e-04        7.367431e-16
               57400        2.746340e-04        6.831626e-16
               57500        2.907820e-04        6.831836e-16
               57600        2.491080e-04        5.782298e-16
               57700        2.901460e-04        5.782469e-16
               57800        2.824820e-04        4.889538e-16
               57900        2.505970e-04        4.889780e-16
               58000        2.740590e-04        4.084025e-16
               58100        2.823690e-04        4.083947e-16
               58200        2.594050e-04        3.480769e-16
               58300        2.955720e-04        3.480769e-16
               58400        2.614820e-04        2.902256e-16
               58500        2.508820e-04        2.464114e-16
               58600        2.532200e-04        2.464112e-16
               58700        2.745630e-04        2.064266e-16
               58800        2.133890e-04        1.911354e-16
               58900        2.936190e-04        1.911354e-16
               59000        2.171970e-04        1.719869e-16
               59100        2.912980e-04        1.719923e-16
               59200        2.205430e-04        1.625557e-16
               59300        3.481920e-04        1.625606e-16
               59400        2.697910e-04        1.613717e-16
               59500        2.151080e-04        1.351464e-16
               59600        2.892330e-04        1.351188e-16
               59700        2.128020e-04        1.255434e-16
               59800        3.030420e-04        1.098220e-16
               59900        2.210930e-04        9.438145e-17
               60000        2.917550e-04        9.444962e-17
               60100        2.574400e-04        8.458055e-17
               60200        1.890740e-04        7.391231e-17
               60300        1.900890e-04        5.698497e-17
               60400        2.418640e-04        5.698095e-17
               60500        2.468480e-04        5.128065e-17
               60600        2.441040e-04        4.343049e-17
               60700        2.724400e-04        3.474115e-17
               60800        2.604760e-04        3.473862e-17
               60900        2.540300e-04        3.263167e-17
               61000        2.392570e-04        2.707564e-17
               61100        2.777200e-04        2.117118e-17
               61200        2.681080e-04        2.117137e-17
               61300        2.424050e-04        1.970037e-17
               61400        2.422470e-04        1.627160e-17
               61500        2.450060e-04        1.353940e-17
               61600        2.489940e-04        1.353760e-17
               61700        2.946880e-04        1.300860e-17
               61800        2.466030e-04        1.069785e-17
               61900        2.617700e-04        1.069528e-17
               62000        2.412460e-04        9.066130e-18
               62100        2.891550e-04        9.066130e-18
               62200        2.882770e-04        9.090310e-18
               62300        1.888050e-04        6.265268e-18
               62400        1.895460e-04        6.266119e-18
               62500        2.959600e-04        6.142013e-18
               62600        2.177460e-04        4.977970e-18
               62700        3.165520e-04        4.975545e-18
               62800        2.255210e-04        3.896025e-18
               62900        2.975190e-04        3.884098e-18
               63000        2.306390e-04        2.679043e-18
               63100        2.694470e-04        2.678776e-18
               63200        2.511710e-04        2.589058e-18
               63300        2.543990e-04        2.351514e-18
               63400        2.530250e-04        2.350977e-18
               63500        1.900120e-04        1.642198e-18
               63600        2.341710e-04        1.641995e-18
               63700        2.295060e-04        1.648418e-18
               63800        2.782550e-04        1.207968e-18
               63900        2.622620e-04        1.207533e-18
               64000        2.611070e-04        1.145325e-18
               64100        2.551650e-04        8.018784e-19
               64200        3.149450e-04        7.689126e-19
               64300        2.614240e-04        5.438072e-19
               64400        2.641630e-04        5.439348e-19
               64500        2.074350e-04        4.793321e-19
               64600        2.288720e-04        4.570827e-19
               64700        3.253590e-04        3.605649e-19
               64800        2.871880e-04        3.604742e-19
               64900        3.341820e-04        3.332263e-19
               65000        2.376380e-04        2.854827e-19
               65100        3.280500e-04        2.500705e-19
               65200        2.517040e-04        2.501343e-19
               65300        2.933490e-04        2.288749e-19
               65400        2.553020e-04        1.668907e-19
               65500        2.804790e-04        1.303801e-19
               65600        3.432310e-04        1.201552e-19
               65700        2.736270e-04        1.228430e-19
               65800        3.057450e-04        8.026553e-20
               65900        3.386760e-04        7.659431e-20
               66000        2.768750e-04        6.749838e-20
               66100        2.125660e-04        5.519893e-20
               66200        3.430460e-04        5.519893e-20
               66300        2.825920e-04        4.037384e-20
               66400        2.125090e-04        3.998340e-20
               66500        2.956290e-04        3.998384e-20
               66600        3.398530e-04        2.944380e-20
               66700        2.317730e-04        2.943967e-20
               66800        3.590850e-04        2.828222e-20
               66900        3.289710e-04        2.828115e-20
               67000        3.086090e-04        2.185598e-20
               67100        3.504720e-04        2.185729e-20
               67200        2.817970e-04        1.909972e-20
               67300        3.380470e-04        1.910296e-20
               67400        3.483410e-04        1.562039e-20
               67500        2.900200e-04        1.561802e-20
               67600        3.872990e-04        1.562039e-20
               67700        3.617150e-04        1.562861e-20
               67800        2.668560e-04        1.035709e-20
               67900        3.442110e-04        1.035493e-20
               68000        3.408600e-04        8.224260e-21
               68100        2.585220e-04        8.224995e-21
               68200        3.500420e-04        7.830108e-21
               68300        2.713910e-04        7.829156e-21
               68400        3.435640e-04        5.683684e-21
               68500        3.320590e-04        5.683217e-21
               68600        2.739420e-04        5.199664e-21
               68700        3.589760e-04        5.199436e-21
               68800        2.787690e-04        5.199664e-21
               68900        3.448820e-04        3.652267e-21
               69000        3.648480e-04        3.649877e-21
               69100        2.782350e-04        3.493864e-21
               69200        2.229190e-04        2.997290e-21
               69300        3.424220e-04        2.995927e-21
               69400        2.886140e-04        2.043349e-21
               69500        2.160930e-04        2.043278e-21
               69600        3.129420e-04        1.845516e-21
               69700        3.567250e-04        1.845516e-21
               69800        2.277950e-04        1.524721e-21
               69900        3.992770e-04        1.524713e-21
               70000        3.387810e-04        1.282485e-21
               70100        2.470750e-04        1.282485e-21
               70200        3.764790e-04        9.429269e-22
               70300        3.449120e-04        9.431386e-22
               70400        2.292850e-04        9.106744e-22
               70500        3.596530e-04        7.712767e-22
               70600        3.543890e-04        7.711464e-22
               70700        2.312060e-04        6.363611e-22
               70800        3.556430e-04        6.364180e-22
               70900        3.678240e-04        5.058753e-22
               71000        2.263630e-04        5.058753e-22
               71100        2.194640e-04        4.248229e-22
               71200        3.637630e-04        3.608448e-22
               71300        2.206370e-04        3.608448e-22
               71400        2.335380e-04        3.044181e-22
               71500        3.593100e-04        3.044167e-22
               71600        2.342170e-04        2.786566e-22
               71700        2.298180e-04        2.786566e-22
               71800        3.588040e-04        2.378545e-22
               71900        2.314490e-04        2.378546e-22
               72000        2.294350e-04        1.976676e-22
               72100        3.590450e-04        1.976676e-22
               72200        2.224220e-04        1.622333e-22
               72300        2.176200e-04        1.622300e-22
               72400        3.590520e-04        1.550230e-22
               72500        2.202920e-04        1.550230e-22
               72600        2.307220e-04        1.370076e-22
               72700        3.570820e-04        1.370076e-22
               72800        2.169640e-04        1.094769e-22
               72900        2.262380e-04        1.094769e-22
               73000        3.542750e-04        9.231904e-23
               73100        2.294220e-04        7.192653e-23
               73200        2.292950e-04        7.194265e-23
               73300        3.617960e-04        6.720333e-23
               73400        2.266560e-04        6.341246e-23
               73500        2.235780e-04        5.656598e-23
               73600        3.503990e-04        5.654194e-23
               73700        2.222270e-04        4.932868e-23
               73800        2.307240e-04        4.255265e-23
               73900        3.553930e-04        3.190474e-23
               74000        2.246240e-04        3.190950e-23
               74100        2.307200e-04        3.035355e-23
               74200        3.510390e-04        2.477329e-23
               74300        2.441180e-04        1.749863e-23
               74400        2.284310e-04        1.749959e-23
               74500        3.632570e-04        1.720835e-23
               74600        2.206450e-04        1.490607e-23
               74700        2.263360e-04        9.776243e-24
               74800        3.510870e-04        9.810011e-24
               74900        2.196380e-04        7.408530e-24
               75000        2.288690e-04        7.409557e-24
               75100        3.160860e-04        7.196261e-24
               75200        2.248030e-04        7.196205e-24
               75300        2.435400e-04        6.125891e-24
               75400        3.575210e-04        6.120300e-24
               75500        2.251700e-04        5.539068e-24
               75600        2.247680e-04        5.539395e-24
               75700        3.418120e-04        4.624266e-24
               75800        2.417100e-04        4.625034e-24
               75900        2.226340e-04        3.660743e-24
               76000        3.609870e-04        3.660239e-24
               76100        2.259180e-04        3.036247e-24
               76200        2.315890e-04        3.036383e-24
               76300        3.555380e-04        2.570182e-24
               76400        2.255340e-04        2.570182e-24
               76500        2.375010e-04        2.352611e-24
               76600        3.611120e-04        2.353211e-24
               76700        2.229150e-04        2.089335e-24
               76800        2.252510e-04        2.089467e-24
               76900        3.517510e-04        1.856774e-24
               77000        2.310120e-04        1.856774e-24
               77100        2.293730e-04        1.695248e-24
               77200        3.607940e-04        1.695248e-24
               77300        2.278920e-04        1.464464e-24
               77400        2.209930e-04        1.464968e-24
               77500        3.593010e-04        1.332610e-24
               77600        2.261240e-04        1.332478e-24
               77700        2.154670e-04        1.334117e-24
               77800        3.252360e-04        1.161116e-24
               77900        3.584450e-04        1.161188e-24
               78000        2.429640e-04        1.087740e-24
               78100        3.357210e-04        9.898368e-25
               78200        3.708190e-04        9.901267e-25
               78300        2.460300e-04        7.058688e-25
               78400        3.679990e-04        7.045436e-25
               78500        3.380260e-04        5.172014e-25
               78600        3.302440e-04        5.170913e-25
               78700        3.618070e-04        4.856366e-25
               78800        3.081740e-04        4.941458e-25
               78900        3.556050e-04        4.152040e-25
               79000        3.671670e-04        4.165353e-25
               79100        2.775400e-04        2.773488e-25
               79200        3.620030e-04        2.776784e-25
               79300        3.043990e-04        2.859373e-25
               79400        2.563740e-04        2.859594e-25
               79500        3.612250e-04        2.597888e-25
               79600        2.757060e-04        2.597828e-25
               79700        3.688170e-04        2.572868e-25
               79800        2.782810e-04        2.572785e-25
               79900        3.552950e-04        2.300895e-25
               80000        2.775410e-04        2.300895e-25
               80100        3.487280e-04        2.154576e-25
               80200        2.763450e-04        2.154576e-25
               80300        3.747810e-04        2.107352e-25
               80400        2.750560e-04        2.108322e-25
               80500        3.549030e-04        1.882187e-25
               80600        2.766980e-04        1.847025e-25
               80700        3.522020e-04        1.846895e-25
               80800        2.919530e-04        1.734516e-25
               80900        2.162730e-04        1.734516e-25
               81000        3.504680e-04        1.608073e-25
               81100        2.104520e-04        1.608073e-25
               81200        3.456850e-04        1.608073e-25
               81300        2.114510e-04        1.724493e-25
               81400        3.427500e-04        1.724398e-25
               81500        2.186390e-04        1.777079e-25
               81600        3.504280e-04        1.777079e-25
               81700        2.083450e-04        1.649838e-25
               81800        3.275180e-04        1.649838e-25
               81900        2.068060e-04        1.769561e-25
               82000        3.354130e-04        1.769561e-25
               82100        2.065300e-04        1.837797e-25
               82200        3.311960e-04        1.837797e-25
               82300        2.133920e-04        1.767283e-25
               82400        3.320490e-04        1.767283e-25
               82500        2.080870e-04        1.725133e-25
               82600        3.354150e-04        1.725106e-25
               82700        2.040100e-04        1.731240e-25
               82800        3.327770e-04        1.731539e-25
               82900        2.037900e-04        1.770435e-25
               83000        3.244310e-04        1.770435e-25
               83100        1.980970e-04        1.690410e-25
               83200        3.236050e-04        1.690410e-25
               83300        2.004330e-04        1.666188e-25
               83400        3.253070e-04        1.647956e-25
               83500        2.009270e-04        1.649823e-25
               83600        3.178200e-04        1.620092e-25
               83700        2.011750e-04        1.616679e-25
               83800        3.558980e-04        1.656994e-25
               83900        3.207790e-04        1.658153e-25
               84000        2.803860e-04        1.672355e-25
               84100        2.933620e-04        1.672321e-25
               84200        2.962610e-04        1.559880e-25
               84300        2.933080e-04        1.557666e-25
               84400        3.078740e-04        1.537070e-25
               84500        2.855010e-04        1.537251e-25
               84600        2.946380e-04        1.582656e-25
               84700        2.880050e-04        1.331855e-25
               84800        2.915960e-04        1.311522e-25
               84900        2.955640e-04        1.311522e-25
               85000        2.852500e-04        1.210543e-25
               85100        2.815340e-04        1.208272e-25
               85200        2.858770e-04        1.175119e-25
               85300        2.858080e-04        1.175119e-25
               85400        2.771350e-04        1.192272e-25
               85500        2.789040e-04        1.192272e-25
               85600        2.796690e-04        1.274686e-25
               85700        2.718200e-04        1.274686e-25
               85800        2.701030e-04        1.318840e-25
               85900        2.632520e-04        1.318840e-25
               86000        2.711790e-04        1.284958e-25
               86100        2.844810e-04        1.285423e-25
               86200        2.836320e-04        1.302824e-25
               86300        2.835740e-04        1.302824e-25
               86400        2.809180e-04        1.439349e-25
               86500        2.814160e-04        1.439349e-25
               86600        2.858990e-04        1.363540e-25
               86700        3.206650e-04        1.363256e-25
               86800        2.863500e-04        1.392274e-25
               86900        2.858870e-04        1.391990e-25
               87000        2.831930e-04        1.350044e-25
               87100        2.818090e-04        1.350044e-25
               87200        2.739880e-04        1.553919e-25
               87300        2.731480e-04        1.553919e-25
               87400        2.721590e-04        1.400174e-25
               87500        2.736150e-04        1.400174e-25
               87600        2.753360e-04        1.275919e-25
               87700        2.729770e-04        1.275919e-25
               87800        2.715860e-04        1.313009e-25
               87900        2.746380e-04        1.313009e-25
               88000        2.751700e-04        1.260973e-25
               88100        2.769560e-04        1.260934e-25
               88200        2.708130e-04        1.166903e-25
               88300        2.682430e-04        1.166441e-25
               88400        2.633230e-04        1.136082e-25
               88500        2.620990e-04        1.157302e-25
               88600        2.701070e-04        1.157617e-25
               88700        2.767830e-04        1.196611e-25
               88800        2.736110e-04        1.196611e-25
               88900        2.743220e-04        1.218674e-25
               89000        3.107340e-04        1.218201e-25
               89100        2.708660e-04        1.201312e-25
               89200        2.630670e-04        1.201312e-25
               89300        2.663300e-04        1.194456e-25
               89400        3.053140e-04        1.261251e-25
               89500        2.546080e-04        1.260845e-25
               89600        2.581750e-04        1.279162e-25
               89700        2.598510e-04        1.146804e-25
               89800        2.903780e-04        1.145790e-25
               89900        2.557180e-04        1.018913e-25
               90000        2.586780e-04        1.018913e-25
               90100        2.572780e-04        1.014712e-25
               90200        2.963270e-04        1.008461e-25
               90300        2.561800e-04        1.008544e-25
               90400        2.563760e-04        1.075682e-25
               90500        2.664460e-04        1.094080e-25
               90600        3.164790e-04        1.053965e-25
               90700        2.459950e-04        1.054199e-25
               90800        2.523770e-04        1.101204e-25
               90900        2.469100e-04        1.115776e-25
               91000        2.503670e-04        1.255519e-25
               91100        2.482400e-04        1.255197e-25
               91200        2.412770e-04        1.268363e-25
               91300        2.356260e-04        1.293836e-25
               91400        2.431470e-04        1.277437e-25
               91500        2.449940e-04        1.276096e-25
               91600        2.510170e-04        1.278464e-25
               91700        2.491330e-04        1.259221e-25
               91800        2.494860e-04        1.375402e-25
               91900        2.480000e-04        1.375330e-25
               92000        2.400710e-04        1.342028e-25
               92100        2.454070e-04        1.350526e-25
               92200        2.360150e-04        1.379161e-25
               92300        2.448660e-04        1.379819e-25
               92400        2.387030e-04        1.359193e-25
               92500        2.410800e-04        1.313679e-25
               92600        2.408070e-04        1.414422e-25
               92700        2.417450e-04        1.415191e-25
               92800        2.396300e-04        1.351124e-25
               92900        2.411300e-04        1.383951e-25
               93000        2.394490e-04        1.304580e-25
               93100        2.399690e-04        1.305961e-25
               93200        2.430500e-04        1.449400e-25
               93300        2.392850e-04        1.342377e-25
               93400        2.380380e-04        1.298697e-25
               93500        2.356840e-04        1.299460e-25
               93600        2.346330e-04        1.303616e-25
               93700        2.326990e-04        1.277900e-25
               93800        2.381510e-04        1.212608e-25
               93900        2.372890e-04        1.212603e-25
               94000        2.349170e-04        1.165247e-25
               94100        2.690460e-04        1.150004e-25
               94200        2.297690e-04        1.162765e-25
               94300        2.392020e-04        1.162968e-25
               94400        2.362550e-04        1.229097e-25
               94500        2.308430e-04        1.150899e-25
               94600        2.288800e-04        1.150899e-25
               94700        2.303880e-04        1.261378e-25
               94800        2.281910e-04        1.261157e-25
               94900        2.269040e-04        1.135066e-25
               95000        2.280800e-04        1.135066e-25
               95100        2.278750e-04        1.131303e-25
               95200        2.276250e-04        1.131405e-25
               95300        2.288480e-04        1.136984e-25
               95400        2.240780e-04        1.137544e-25
               95500        1.500800e-04        1.150463e-25
               95600        1.514910e-04        1.150435e-25
               95700        1.493770e-04        1.202119e-25
               95800        1.490860e-04        1.201311e-25
               95900        1.497550e-04        1.152223e-25
               96000        1.533650e-04        1.152828e-25
               96100        1.855630e-04        1.043424e-25
               96200        1.741660e-04        1.043479e-25
               96300        1.725250e-04        1.112375e-25
               96400        1.766950e-04        1.112375e-25
               96500        1.787800e-04        1.119259e-25
               96600        1.779240e-04        1.119280e-25
               96700        1.711800e-04        1.119280e-25
               96800        1.755170e-04        1.115275e-25
               96900        1.780600e-04        1.113320e-25
               97000        1.798980e-04        1.323795e-25
               97100        1.366740e-04        1.324230e-25
               97200        1.455130e-04        1.306488e-25
               97300        1.440590e-04        1.306428e-25
               97400        1.497750e-04        1.220054e-25
               97500        1.750530e-04        1.220321e-25
               97600        1.748710e-04        1.212963e-25
               97700        1.783970e-04        1.213228e-25
               97800        1.751930e-04        1.225160e-25
               97900        1.748220e-04        1.224876e-25
               98000        1.757890e-04        1.252282e-25
               98100        1.746240e-04        1.114136e-25
               98200        1.755880e-04        1.114136e-25
               98300        1.755530e-04        1.262851e-25
               98400        1.759670e-04        1.262737e-25
               98500        1.748780e-04        1.192738e-25
               98600        1.817410e-04        1.192738e-25
               98700        1.866100e-04        1.203011e-25
               98800        1.845710e-04        1.203074e-25
               98900        1.845160e-04        1.225599e-25
               99000        1.570820e-04        1.225599e-25
               99100        1.434070e-04        1.098326e-25
               99200        1.481050e-04        1.098200e-25
               99300        1.509320e-04        1.187190e-25
               99400        1.479070e-04        1.187190e-25
               99500        1.446550e-04        1.174935e-25
               99600        1.538110e-04        1.174935e-25
               99700        1.489500e-04        1.288146e-25
               99800        1.504660e-04        1.288146e-25
               99900        1.754170e-04        1.252498e-25
              100000        1.514590e-04        1.252498e-25
