Period: 100
               Epoch           Time cost                Loss
                 100        1.202220e-04        1.208298e+03
                 200        8.763200e-05        1.276320e+02
                 300        8.503700e-05        1.315932e+01
                 400        4.626600e-05        1.728048e+00
                 500        4.606100e-05        2.034838e-01
                 600        4.668000e-05        3.039699e-02
                 700        6.358200e-05        4.266307e-03
                 800        6.555000e-05        4.081575e-04
                 900        7.967400e-05        4.503995e-05
                1000        7.515300e-05        5.796060e-06
                1100        6.550200e-05        7.198108e-07
                1200        7.973000e-05        4.740349e-08
                1300        8.842500e-05        4.840064e-09
                1400        4.679500e-05        5.579078e-10
                1500        4.672400e-05        5.980410e-11
                1600        4.675400e-05        8.170040e-12
                1700        4.688000e-05        8.731212e-13
                1800        4.698100e-05        6.186964e-14
                1900        4.699700e-05        7.501821e-15
                2000        4.701200e-05        1.204509e-15
                2100        7.615300e-05        7.411861e-17
                2200        6.608500e-05        6.615745e-18
                2300        6.603700e-05        9.679059e-19
                2400        6.602400e-05        3.926274e-20
                2500        6.569200e-05        3.593956e-21
                2600        5.635900e-05        3.327138e-22
                2700        6.624700e-05        1.755369e-23
                2800        5.604300e-05        2.163054e-24
                2900        7.174300e-05        2.231872e-25
                3000        6.650700e-05        1.081174e-26
                3100        5.833000e-05        3.613697e-27
                3200        5.983700e-05        2.085817e-27
                3300        5.959700e-05        1.122275e-27
                3400        5.136700e-05        1.175705e-27
                3500        4.997500e-05        1.375502e-27
                3600        4.999900e-05        1.601823e-27
                3700        5.234800e-05        1.339240e-27
                3800        5.111900e-05        1.314267e-27
                3900        5.021500e-05        1.090073e-27
                4000        4.969900e-05        1.051382e-27
                4100        5.049200e-05        1.102266e-27
                4200        5.251300e-05        1.035809e-27
                4300        5.045400e-05        1.038575e-27
                4400        5.037900e-05        8.791767e-28
                4500        5.222100e-05        9.026224e-28
                4600        5.285600e-05        9.541970e-28
                4700        5.197200e-05        1.023390e-27
                4800        5.095000e-05        1.287735e-27
                4900        4.989300e-05        1.242734e-27
                5000        5.194300e-05        1.056269e-27
                5100        5.049600e-05        1.012437e-27
                5200        5.201100e-05        8.601060e-28
                5300        5.049500e-05        1.357687e-27
                5400        5.273700e-05        9.880986e-28
                5500        5.122400e-05        1.181229e-27
                5600        5.024700e-05        1.389855e-27
                5700        5.067300e-05        1.434234e-27
                5800        5.054800e-05        1.264088e-27
                5900        5.066000e-05        1.546017e-27
                6000        5.007100e-05        1.187780e-27
                6100        5.139400e-05        9.128877e-28
                6200        5.009000e-05        1.355871e-27
                6300        5.145300e-05        1.235750e-27
                6400        5.037300e-05        1.474718e-27
                6500        5.031000e-05        1.518910e-27
                6600        5.171500e-05        1.163128e-27
                6700        5.368300e-05        8.960010e-28
                6800        5.475100e-05        8.162809e-28
                6900        5.272900e-05        8.919568e-28
                7000        5.302000e-05        9.374393e-28
                7100        5.230100e-05        1.112760e-27
                7200        5.369300e-05        1.165203e-27
                7300        5.243000e-05        1.250706e-27
                7400        5.305100e-05        1.168873e-27
                7500        5.164300e-05        1.246547e-27
                7600        5.091700e-05        1.377799e-27
                7700        5.262200e-05        1.422232e-27
                7800        5.122300e-05        1.342156e-27
                7900        5.297700e-05        1.131114e-27
                8000        5.230200e-05        1.186520e-27
                8100        5.267700e-05        1.134123e-27
                8200        5.224700e-05        1.042085e-27
                8300        5.152400e-05        1.171167e-27
                8400        5.193000e-05        1.142626e-27
                8500        5.119200e-05        1.111185e-27
                8600        5.306800e-05        1.008051e-27
                8700        5.257100e-05        1.072281e-27
                8800        5.468800e-05        9.589643e-28
                8900        5.219400e-05        1.033768e-27
                9000        5.337600e-05        9.733273e-28
                9100        5.161300e-05        1.325396e-27
                9200        5.219700e-05        1.241281e-27
                9300        5.267300e-05        1.016464e-27
                9400        5.424800e-05        1.170262e-27
                9500        5.212900e-05        1.459956e-27
                9600        5.219100e-05        1.230261e-27
                9700        5.216700e-05        1.181691e-27
                9800        5.108200e-05        1.352797e-27
                9900        5.095600e-05        1.855973e-27
               10000        5.220600e-05        1.614653e-27
               10100        5.219800e-05        1.377725e-27
               10200        5.108900e-05        1.545851e-27
               10300        5.147600e-05        2.055111e-27
               10400        5.198900e-05        1.261927e-27
               10500        5.166100e-05        1.261348e-27
               10600        5.181600e-05        1.639879e-27
               10700        5.244500e-05        1.244733e-27
               10800        5.309000e-05        1.207494e-27
               10900        5.254200e-05        1.142634e-27
               11000        5.294300e-05        1.056883e-27
               11100        5.287500e-05        1.110654e-27
               11200        5.275800e-05        1.282121e-27
               11300        5.172800e-05        1.454032e-27
               11400        5.243300e-05        1.297279e-27
               11500        5.364000e-05        1.261622e-27
               11600        5.158800e-05        9.993771e-28
               11700        5.281800e-05        9.780221e-28
               11800        5.333200e-05        1.423774e-27
               11900        5.236000e-05        1.157994e-27
               12000        5.225000e-05        1.110270e-27
               12100        5.332200e-05        1.027324e-27
               12200        5.264200e-05        1.134887e-27
               12300        5.234400e-05        7.584950e-28
               12400        5.321600e-05        9.975139e-28
               12500        5.314200e-05        8.914042e-28
               12600        5.421300e-05        9.204187e-28
               12700        5.479700e-05        8.304263e-28
               12800        5.244200e-05        8.437694e-28
               12900        5.329600e-05        8.899713e-28
               13000        5.042000e-05        1.069602e-27
               13100        4.874300e-05        1.202806e-27
               13200        4.907400e-05        1.003995e-27
               13300        4.946200e-05        1.566525e-27
               13400        4.918500e-05        1.450538e-27
               13500        4.989500e-05        1.469500e-27
               13600        5.034900e-05        1.408397e-27
               13700        5.048500e-05        1.486819e-27
               13800        4.984600e-05        1.186503e-27
               13900        4.969200e-05        1.185091e-27
               14000        5.029800e-05        1.082464e-27
               14100        5.079000e-05        9.610004e-28
               14200        4.981100e-05        9.630281e-28
               14300        4.979300e-05        1.536333e-27
               14400        4.888300e-05        9.903802e-28
               14500        5.001900e-05        1.175011e-27
               14600        4.976200e-05        1.173062e-27
               14700        4.878000e-05        1.428607e-27
               14800        4.909300e-05        8.561428e-28
               14900        5.084700e-05        8.352366e-28
               15000        4.846700e-05        1.070280e-27
               15100        4.961700e-05        1.082061e-27
               15200        4.950400e-05        1.143363e-27
               15300        4.954900e-05        1.220560e-27
               15400        5.012700e-05        8.912699e-28
               15500        4.990900e-05        9.638548e-28
               15600        4.971600e-05        1.205050e-27
               15700        4.908700e-05        1.098986e-27
               15800        4.934700e-05        9.316954e-28
               15900        5.069500e-05        8.449958e-28
               16000        5.045100e-05        8.522230e-28
               16100        4.879200e-05        1.051896e-27
               16200        5.001900e-05        8.846725e-28
               16300        4.923500e-05        6.313214e-28
               16400        4.952900e-05        1.232283e-27
               16500        4.971800e-05        1.280180e-27
               16600        5.009600e-05        1.021871e-27
               16700        4.887000e-05        1.584133e-27
               16800        5.016500e-05        1.306210e-27
               16900        4.905300e-05        1.462795e-27
               17000        4.938300e-05        1.431996e-27
               17100        4.950300e-05        1.141426e-27
               17200        4.978700e-05        9.814469e-28
               17300        5.004100e-05        1.424155e-27
               17400        4.881200e-05        1.435868e-27
               17500        4.934700e-05        1.624517e-27
               17600        4.862100e-05        1.300907e-27
               17700        4.976300e-05        1.278568e-27
               17800        4.904000e-05        1.768148e-27
               17900        4.865900e-05        1.580635e-27
               18000        4.910000e-05        1.729105e-27
               18100        5.021400e-05        1.230810e-27
               18200        4.919700e-05        1.116042e-27
               18300        4.943700e-05        1.189587e-27
               18400        4.960500e-05        1.390047e-27
               18500        4.913200e-05        1.346220e-27
               18600        4.910900e-05        1.308447e-27
               18700        4.880200e-05        9.986808e-28
               18800        4.909500e-05        1.171701e-27
               18900        4.863800e-05        1.043734e-27
               19000        4.933800e-05        9.497020e-28
               19100        4.995600e-05        9.390187e-28
               19200        4.975200e-05        1.034394e-27
               19300        4.906500e-05        1.502238e-27
               19400        4.908400e-05        1.494484e-27
               19500        4.924000e-05        1.351642e-27
               19600        4.847500e-05        1.525887e-27
               19700        4.813000e-05        1.490198e-27
               19800        4.969800e-05        1.505902e-27
               19900        4.894000e-05        1.209080e-27
               20000        4.928600e-05        9.466817e-28
               20100        5.010100e-05        8.727797e-28
               20200        5.011700e-05        1.149258e-27
               20300        4.933400e-05        1.043973e-27
               20400        4.973200e-05        1.133125e-27
               20500        5.008100e-05        1.050207e-27
               20600        5.016100e-05        1.219381e-27
               20700        4.909800e-05        9.328606e-28
               20800        5.026700e-05        9.641340e-28
               20900        5.217600e-05        6.952065e-28
               21000        5.037200e-05        9.447248e-28
               21100        5.039000e-05        7.396310e-28
               21200        5.068500e-05        1.014359e-27
               21300        4.932500e-05        1.089255e-27
               21400        5.022800e-05        1.181420e-27
               21500        4.931800e-05        9.457019e-28
               21600        5.032600e-05        1.266355e-27
               21700        4.943800e-05        9.076774e-28
               21800        5.053500e-05        8.238642e-28
               21900        5.068400e-05        7.786266e-28
               22000        4.928700e-05        8.580721e-28
               22100        4.917200e-05        9.706302e-28
               22200        4.979600e-05        1.046123e-27
               22300        4.967700e-05        1.280310e-27
               22400        4.993800e-05        1.098922e-27
               22500        4.908800e-05        1.722383e-27
               22600        4.894400e-05        1.474953e-27
               22700        4.918400e-05        1.256286e-27
               22800        4.970600e-05        1.033931e-27
               22900        4.951600e-05        1.123049e-27
               23000        4.987300e-05        1.110627e-27
               23100        4.991400e-05        1.242220e-27
               23200        4.953100e-05        1.163222e-27
               23300        4.910500e-05        1.295503e-27
               23400        4.968100e-05        1.193904e-27
               23500        4.957600e-05        9.329424e-28
               23600        4.940000e-05        1.210512e-27
               23700        4.942700e-05        1.231258e-27
               23800        4.889200e-05        1.443736e-27
               23900        4.839300e-05        1.233374e-27
               24000        4.986200e-05        1.264280e-27
               24100        4.962700e-05        9.937468e-28
               24200        4.943000e-05        8.353296e-28
               24300        5.113000e-05        9.596553e-28
               24400        5.005900e-05        9.099006e-28
               24500        4.988100e-05        6.893815e-28
               24600        4.979500e-05        9.521667e-28
               24700        5.009800e-05        1.232136e-27
               24800        4.954300e-05        1.345795e-27
               24900        4.988300e-05        1.147820e-27
               25000        4.966900e-05        1.129503e-27
               25100        4.932400e-05        1.205326e-27
               25200        5.169400e-05        1.075652e-27
               25300        4.937700e-05        9.221549e-28
               25400        4.958300e-05        9.567516e-28
               25500        5.005600e-05        1.205185e-27
               25600        4.999200e-05        1.267451e-27
               25700        4.971800e-05        1.218453e-27
               25800        4.908400e-05        1.148982e-27
               25900        4.896900e-05        1.513971e-27
               26000        4.835600e-05        1.334861e-27
               26100        4.864600e-05        1.537678e-27
               26200        4.819700e-05        1.065273e-27
               26300        4.844300e-05        1.161005e-27
               26400        4.748100e-05        9.665348e-28
               26500        4.833200e-05        9.421254e-28
               26600        4.869800e-05        1.206446e-27
               26700        4.858200e-05        1.130814e-27
               26800        4.860400e-05        1.051095e-27
               26900        4.818800e-05        1.260009e-27
               27000        4.860100e-05        1.025318e-27
               27100        4.907200e-05        9.222135e-28
               27200        4.957200e-05        1.048557e-27
               27300        4.866900e-05        1.066227e-27
               27400        4.772500e-05        1.104652e-27
               27500        4.904300e-05        1.382575e-27
               27600        4.722000e-05        1.496422e-27
               27700        4.800900e-05        1.442466e-27
               27800        4.970500e-05        1.279719e-27
               27900        4.913400e-05        8.147190e-28
               28000        4.985400e-05        9.477431e-28
               28100        4.922400e-05        1.227801e-27
               28200        4.745300e-05        1.202932e-27
               28300        4.883200e-05        8.828267e-28
               28400        4.938900e-05        8.899951e-28
               28500        5.015500e-05        9.656440e-28
               28600        4.908900e-05        8.404426e-28
               28700        4.963800e-05        9.282990e-28
               28800        4.896600e-05        1.127304e-27
               28900        4.988900e-05        1.065580e-27
               29000        4.818000e-05        1.129353e-27
               29100        4.984300e-05        1.205785e-27
               29200        4.886400e-05        1.213035e-27
               29300        4.870800e-05        1.331568e-27
               29400        4.887400e-05        1.188216e-27
               29500        4.865600e-05        1.333144e-27
               29600        4.927200e-05        1.148863e-27
               29700        5.023600e-05        1.221581e-27
               29800        4.858900e-05        1.157959e-27
               29900        4.857400e-05        1.412572e-27
               30000        4.853300e-05        1.552214e-27
               30100        4.878300e-05        1.318844e-27
               30200        4.909300e-05        1.426991e-27
               30300        4.802700e-05        1.243337e-27
               30400        4.916200e-05        1.353863e-27
               30500        4.868200e-05        1.357946e-27
               30600        4.834100e-05        1.572825e-27
               30700        4.868900e-05        1.077720e-27
               30800        6.140100e-05        1.176689e-27
               30900        6.784900e-05        1.326979e-27
               31000        5.775200e-05        1.667422e-27
               31100        6.774100e-05        1.778672e-27
               31200        6.839700e-05        1.211482e-27
               31300        6.799900e-05        1.280960e-27
               31400        6.819400e-05        8.994001e-28
               31500        6.909500e-05        9.461154e-28
               31600        6.772300e-05        1.174337e-27
               31700        6.752400e-05        1.065848e-27
               31800        5.746300e-05        1.372673e-27
               31900        4.758200e-05        1.287893e-27
               32000        4.938300e-05        1.115918e-27
               32100        4.806600e-05        1.521008e-27
               32200        4.866900e-05        1.042748e-27
               32300        4.886000e-05        1.183888e-27
               32400        4.758900e-05        1.495262e-27
               32500        4.871300e-05        9.774004e-28
               32600        5.033900e-05        1.016642e-27
               32700        4.865900e-05        1.175570e-27
               32800        4.942200e-05        1.060334e-27
               32900        4.935000e-05        1.391142e-27
               33000        4.898400e-05        1.261538e-27
               33100        4.831000e-05        1.003709e-27
               33200        4.842900e-05        1.062902e-27
               33300        4.954800e-05        1.079173e-27
               33400        4.945800e-05        1.333486e-27
               33500        4.747100e-05        1.348427e-27
               33600        4.898200e-05        1.460263e-27
               33700        4.818800e-05        1.406567e-27
               33800        4.977600e-05        1.309989e-27
               33900        4.765300e-05        1.558042e-27
               34000        4.809400e-05        1.479891e-27
               34100        4.859400e-05        1.603454e-27
               34200        4.759300e-05        1.444214e-27
               34300        4.831800e-05        1.678919e-27
               34400        4.832300e-05        1.594980e-27
               34500        4.811700e-05        1.644757e-27
               34600        4.787900e-05        1.694813e-27
               34700        4.929800e-05        1.041911e-27
               34800        4.853400e-05        1.284000e-27
               34900        4.900600e-05        1.422732e-27
               35000        4.807500e-05        1.264807e-27
               35100        4.857600e-05        1.161529e-27
               35200        4.973500e-05        1.368934e-27
               35300        4.853000e-05        9.800984e-28
               35400        4.856100e-05        1.230428e-27
               35500        4.879800e-05        1.175407e-27
               35600        4.909600e-05        1.235598e-27
               35700        4.943100e-05        1.086460e-27
               35800        4.905500e-05        1.136679e-27
               35900        4.910600e-05        1.167821e-27
               36000        4.856200e-05        1.131530e-27
               36100        4.844300e-05        1.128978e-27
               36200        4.880400e-05        1.047320e-27
               36300        4.940700e-05        9.848684e-28
               36400        5.058300e-05        1.039099e-27
               36500        4.866700e-05        1.046126e-27
               36600        4.902200e-05        9.286192e-28
               36700        4.912200e-05        1.045153e-27
               36800        4.961100e-05        8.485600e-28
               36900        4.820600e-05        1.045858e-27
               37000        4.951700e-05        1.102990e-27
               37100        4.872000e-05        1.152307e-27
               37200        4.868100e-05        1.283591e-27
               37300        4.911000e-05        1.265169e-27
               37400        4.815100e-05        1.150727e-27
               37500        4.850900e-05        1.528696e-27
               37600        4.873300e-05        1.151860e-27
               37700        4.825300e-05        1.108114e-27
               37800        5.026200e-05        1.035756e-27
               37900        4.840900e-05        1.281555e-27
               38000        4.913200e-05        1.268586e-27
               38100        4.885000e-05        1.158575e-27
               38200        4.990500e-05        1.132017e-27
               38300        4.889700e-05        1.169776e-27
               38400        4.922400e-05        1.030895e-27
               38500        5.017200e-05        8.739996e-28
               38600        4.815300e-05        1.276639e-27
               38700        4.836900e-05        1.044491e-27
               38800        4.836100e-05        9.186759e-28
               38900        4.816000e-05        1.009239e-27
               39000        4.903600e-05        9.768092e-28
               39100        4.852700e-05        1.206151e-27
               39200        4.935200e-05        7.993457e-28
               39300        4.966400e-05        9.850855e-28
               39400        4.911800e-05        9.314385e-28
               39500        4.903800e-05        8.842977e-28
               39600        4.829000e-05        8.641736e-28
               39700        4.953100e-05        8.474645e-28
               39800        5.050700e-05        1.077074e-27
               39900        4.977900e-05        7.764261e-28
               40000        4.833700e-05        1.552315e-27
               40100        4.853400e-05        9.672417e-28
               40200        4.844900e-05        9.573482e-28
               40300        4.934600e-05        1.389921e-27
               40400        4.847600e-05        1.334579e-27
               40500        4.844200e-05        9.464848e-28
               40600        4.901200e-05        9.708203e-28
               40700        4.992400e-05        7.948665e-28
               40800        4.824400e-05        1.039694e-27
               40900        4.845700e-05        1.590553e-27
               41000        4.899400e-05        1.493808e-27
               41100        4.871100e-05        1.065412e-27
               41200        4.954100e-05        1.051240e-27
               41300        4.999600e-05        1.677208e-27
               41400        4.844900e-05        1.193126e-27
               41500        4.925600e-05        1.025100e-27
               41600        4.857300e-05        1.174046e-27
               41700        4.960100e-05        1.112759e-27
               41800        4.982000e-05        6.977831e-28
               41900        4.908600e-05        8.974127e-28
               42000        4.851400e-05        9.316710e-28
               42100        4.982300e-05        8.840641e-28
               42200        4.900300e-05        1.035537e-27
               42300        4.936400e-05        9.521351e-28
               42400        4.835200e-05        1.195443e-27
               42500        4.846000e-05        1.281364e-27
               42600        4.816100e-05        1.581893e-27
               42700        4.809400e-05        1.389718e-27
               42800        4.881100e-05        9.875859e-28
               42900        4.881700e-05        1.052571e-27
               43000        4.963800e-05        1.040146e-27
               43100        4.846400e-05        1.492950e-27
               43200        4.801700e-05        1.421183e-27
               43300        4.757800e-05        1.396169e-27
               43400        4.879400e-05        1.587439e-27
               43500        4.862000e-05        1.592623e-27
               43600        4.804800e-05        1.283571e-27
               43700        4.896800e-05        1.012890e-27
               43800        5.015300e-05        9.443267e-28
               43900        4.897300e-05        9.824098e-28
               44000        4.819800e-05        1.199806e-27
               44100        4.849800e-05        1.158756e-27
               44200        4.838800e-05        1.250815e-27
               44300        4.877000e-05        1.007218e-27
               44400        4.828200e-05        1.094394e-27
               44500        4.920000e-05        7.707606e-28
               44600        5.152000e-05        8.173497e-28
               44700        4.968100e-05        7.716697e-28
               44800        5.076900e-05        1.021957e-27
               44900        4.875800e-05        1.101530e-27
               45000        4.941700e-05        1.698739e-27
               45100        4.797100e-05        1.364424e-27
               45200        4.924700e-05        1.114425e-27
               45300        4.910500e-05        1.040490e-27
               45400        4.834300e-05        1.119003e-27
               45500        4.830100e-05        1.380400e-27
               45600        4.805100e-05        1.138516e-27
               45700        5.000100e-05        9.335473e-28
               45800        4.954500e-05        1.064861e-27
               45900        4.857600e-05        1.309895e-27
               46000        4.905600e-05        8.855341e-28
               46100        4.939300e-05        1.093625e-27
               46200        4.881600e-05        8.314704e-28
               46300        4.881200e-05        1.418511e-27
               46400        4.950300e-05        1.508773e-27
               46500        4.793400e-05        1.586923e-27
               46600        4.882500e-05        1.211374e-27
               46700        4.906900e-05        1.250003e-27
               46800        4.902200e-05        1.033265e-27
               46900        4.920000e-05        9.992876e-28
               47000        4.909300e-05        1.036319e-27
               47100        4.928200e-05        1.037165e-27
               47200        4.891000e-05        9.324623e-28
               47300        4.939000e-05        8.432700e-28
               47400        5.118800e-05        1.309933e-27
               47500        4.892400e-05        1.292714e-27
               47600        4.860000e-05        1.251004e-27
               47700        4.884700e-05        1.312287e-27
               47800        4.886500e-05        1.171502e-27
               47900        4.965400e-05        1.144453e-27
               48000        8.039000e-05        1.301012e-27
               48100        9.013400e-05        8.815798e-28
               48200        4.928600e-05        1.102310e-27
               48300        4.926000e-05        1.043731e-27
               48400        4.837400e-05        9.620244e-28
               48500        4.870500e-05        8.124014e-28
               48600        5.008200e-05        1.104322e-27
               48700        4.898400e-05        8.435450e-28
               48800        4.894000e-05        1.024418e-27
               48900        4.954200e-05        1.086952e-27
               49000        4.833400e-05        1.286253e-27
               49100        4.837100e-05        1.383359e-27
               49200        4.850400e-05        1.558590e-27
               49300        4.788400e-05        1.377385e-27
               49400        4.830000e-05        1.749558e-27
               49500        4.935800e-05        1.052666e-27
               49600        4.823000e-05        1.413281e-27
               49700        4.825100e-05        1.629016e-27
               49800        4.733700e-05        1.491552e-27
               49900        4.863600e-05        1.807922e-27
               50000        4.773500e-05        1.608883e-27
               50100        5.351700e-05        1.188689e-27
               50200        4.828900e-05        1.192716e-27
               50300        4.746400e-05        1.418037e-27
               50400        4.846000e-05        1.663766e-27
               50500        4.964200e-05        1.455438e-27
               50600        4.899600e-05        1.022621e-27
               50700        4.862700e-05        1.179881e-27
               50800        4.934400e-05        1.038480e-27
               50900        4.859300e-05        1.303594e-27
               51000        4.813100e-05        1.311592e-27
               51100        4.869100e-05        1.129907e-27
               51200        4.814700e-05        9.105649e-28
               51300        4.882800e-05        9.414737e-28
               51400        4.938300e-05        1.165948e-27
               51500        4.864300e-05        1.024378e-27
               51600        4.865600e-05        1.405411e-27
               51700        4.811500e-05        1.446801e-27
               51800        4.940400e-05        9.129532e-28
               51900        4.924900e-05        1.307209e-27
               52000        4.929800e-05        1.297302e-27
               52100        4.980200e-05        9.847561e-28
               52200        5.024100e-05        8.110861e-28
               52300        5.053100e-05        7.600978e-28
               52400        4.900300e-05        8.306042e-28
               52500        4.902400e-05        1.117218e-27
               52600        4.918800e-05        1.911660e-27
               52700        4.880600e-05        1.467495e-27
               52800        4.829900e-05        1.164018e-27
               52900        5.108200e-05        1.121756e-27
               53000        4.857100e-05        1.317186e-27
               53100        4.894500e-05        1.536077e-27
               53200        4.854600e-05        1.149629e-27
               53300        4.991700e-05        1.315443e-27
               53400        4.813400e-05        1.288604e-27
               53500        4.933000e-05        1.324730e-27
               53600        4.873500e-05        1.144270e-27
               53700        5.011000e-05        1.082160e-27
               53800        4.926500e-05        1.289441e-27
               53900        4.981500e-05        1.113050e-27
               54000        5.026400e-05        1.070362e-27
               54100        5.008100e-05        1.080560e-27
               54200        4.910200e-05        8.254971e-28
               54300        4.929300e-05        1.252237e-27
               54400        4.906100e-05        1.542233e-27
               54500        4.923400e-05        1.708965e-27
               54600        4.853100e-05        1.295623e-27
               54700        4.802700e-05        1.209269e-27
               54800        4.856000e-05        1.236141e-27
               54900        4.909900e-05        1.311919e-27
               55000        4.942500e-05        1.158726e-27
               55100        4.980600e-05        9.942240e-28
               55200        4.905500e-05        1.340660e-27
               55300        4.902200e-05        8.366777e-28
               55400        4.990100e-05        7.721721e-28
               55500        4.981600e-05        7.978548e-28
               55600        4.890900e-05        1.160793e-27
               55700        5.241500e-05        1.743651e-27
               55800        4.913300e-05        1.428524e-27
               55900        4.862700e-05        1.213626e-27
               56000        4.857600e-05        1.501950e-27
               56100        4.974900e-05        1.304768e-27
               56200        4.897900e-05        1.353730e-27
               56300        4.975100e-05        8.720840e-28
               56400        4.992700e-05        7.388309e-28
               56500        4.905700e-05        1.158420e-27
               56600        4.870100e-05        1.008432e-27
               56700        5.028500e-05        1.158110e-27
               56800        4.906800e-05        1.044938e-27
               56900        4.974500e-05        9.302456e-28
               57000        4.863300e-05        1.568512e-27
               57100        4.893500e-05        1.162536e-27
               57200        4.883300e-05        1.562815e-27
               57300        4.915600e-05        1.253410e-27
               57400        4.934600e-05        1.191016e-27
               57500        4.896100e-05        1.075129e-27
               57600        4.952200e-05        1.397899e-27
               57700        4.861200e-05        1.218619e-27
               57800        4.801700e-05        1.097013e-27
               57900        4.901100e-05        1.148059e-27
               58000        4.814400e-05        1.145478e-27
               58100        4.776600e-05        1.332502e-27
               58200        4.942600e-05        1.418165e-27
               58300        4.825100e-05        1.770100e-27
               58400        4.842100e-05        9.372280e-28
               58500        4.989200e-05        7.670480e-28
               58600        4.929400e-05        9.305685e-28
               58700        4.917300e-05        7.998613e-28
               58800        5.001900e-05        1.004377e-27
               58900        5.002600e-05        9.593596e-28
               59000        4.952600e-05        1.232791e-27
               59100        4.988600e-05        1.216651e-27
               59200        5.018000e-05        1.051684e-27
               59300        4.928600e-05        1.088289e-27
               59400        4.899000e-05        1.175025e-27
               59500        5.079500e-05        9.557401e-28
               59600        4.915800e-05        1.230634e-27
               59700        5.013300e-05        1.424654e-27
               59800        4.902100e-05        1.414364e-27
               59900        4.934700e-05        1.271642e-27
               60000        4.916100e-05        1.004679e-27
               60100        4.933900e-05        1.386796e-27
               60200        4.861900e-05        1.454028e-27
               60300        4.788400e-05        1.719116e-27
               60400        4.915100e-05        1.511286e-27
               60500        4.891300e-05        1.393377e-27
               60600        4.845800e-05        1.263636e-27
               60700        5.026300e-05        1.217438e-27
               60800        4.890100e-05        1.220175e-27
               60900        4.871400e-05        1.189078e-27
               61000        4.905600e-05        1.141748e-27
               61100        4.838600e-05        1.399426e-27
               61200        4.852200e-05        1.401504e-27
               61300        4.802200e-05        1.422094e-27
               61400        4.885000e-05        1.080985e-27
               61500        4.930800e-05        8.325425e-28
               61600        5.092400e-05        9.755437e-28
               61700        4.920100e-05        8.155722e-28
               61800        4.891100e-05        9.888462e-28
               61900        4.984000e-05        1.156324e-27
               62000        5.012400e-05        8.749150e-28
               62100        4.953100e-05        1.340499e-27
               62200        4.849100e-05        1.155470e-27
               62300        4.896400e-05        1.389003e-27
               62400        4.863600e-05        1.620500e-27
               62500        4.833300e-05        2.007281e-27
               62600        4.880400e-05        1.877665e-27
               62700        4.847600e-05        1.515414e-27
               62800        4.851900e-05        1.103947e-27
               62900        5.043100e-05        8.843530e-28
               63000        4.881900e-05        1.259826e-27
               63100        4.966900e-05        1.143408e-27
               63200        4.878400e-05        1.080229e-27
               63300        4.982500e-05        1.072678e-27
               63400        5.032900e-05        7.831499e-28
               63500        4.968100e-05        1.191923e-27
               63600        4.878000e-05        1.236739e-27
               63700        4.869700e-05        1.310309e-27
               63800        4.873800e-05        1.434409e-27
               63900        4.955600e-05        1.244512e-27
               64000        4.874600e-05        1.571631e-27
               64100        4.801100e-05        1.588815e-27
               64200        4.856700e-05        2.020996e-27
               64300        4.826600e-05        1.453208e-27
               64400        4.849900e-05        1.337504e-27
               64500        4.905600e-05        1.177843e-27
               64600        4.962800e-05        1.208594e-27
               64700        4.863000e-05        1.517295e-27
               64800        4.916500e-05        9.512229e-28
               64900        4.881000e-05        9.640047e-28
               65000        5.017800e-05        8.337215e-28
               65100        4.864300e-05        8.086316e-28
               65200        4.866500e-05        1.028804e-27
               65300        4.856600e-05        1.161327e-27
               65400        4.925300e-05        1.651333e-27
               65500        4.843000e-05        1.227817e-27
               65600        5.019200e-05        1.094004e-27
               65700        4.983900e-05        9.816656e-28
               65800        4.980800e-05        9.165739e-28
               65900        4.921600e-05        1.185067e-27
               66000        5.057600e-05        8.665703e-28
               66100        5.015500e-05        1.070553e-27
               66200        4.929700e-05        9.437054e-28
               66300        4.933900e-05        1.419277e-27
               66400        4.885900e-05        1.582719e-27
               66500        4.854400e-05        1.325732e-27
               66600        4.865100e-05        9.923015e-28
               66700        4.935500e-05        9.167009e-28
               66800        4.940700e-05        8.651600e-28
               66900        4.960900e-05        7.423894e-28
               67000        5.078000e-05        7.507772e-28
               67100        4.997400e-05        8.771785e-28
               67200        4.937900e-05        1.315091e-27
               67300        4.789800e-05        1.478581e-27
               67400        4.874500e-05        1.372545e-27
               67500        5.032200e-05        1.483163e-27
               67600        4.885800e-05        1.121155e-27
               67700        4.891500e-05        9.878676e-28
               67800        5.033000e-05        7.456544e-28
               67900        4.928400e-05        1.139853e-27
               68000        4.883900e-05        1.019482e-27
               68100        4.916900e-05        1.056203e-27
               68200        5.014600e-05        9.643956e-28
               68300        4.824000e-05        1.298282e-27
               68400        5.029500e-05        8.912759e-28
               68500        4.978300e-05        1.052056e-27
               68600        5.024000e-05        1.019641e-27
               68700        4.886700e-05        1.379833e-27
               68800        4.910500e-05        1.372164e-27
               68900        4.897300e-05        1.402172e-27
               69000        4.899100e-05        1.553877e-27
               69100        4.863800e-05        1.461770e-27
               69200        4.840800e-05        1.015651e-27
               69300        5.025000e-05        8.612076e-28
               69400        4.874300e-05        1.165687e-27
               69500        5.118700e-05        1.066604e-27
               69600        5.100500e-05        9.274524e-28
               69700        5.050000e-05        1.048994e-27
               69800        5.040100e-05        8.395382e-28
               69900        4.988400e-05        7.640765e-28
               70000        4.923900e-05        1.007361e-27
               70100        5.003500e-05        1.285848e-27
               70200        4.874000e-05        1.524301e-27
               70300        4.851800e-05        1.250211e-27
               70400        4.865000e-05        1.510462e-27
               70500        4.872500e-05        1.471643e-27
               70600        4.891800e-05        1.355165e-27
               70700        4.936400e-05        1.472413e-27
               70800        4.921600e-05        1.356750e-27
               70900        4.869800e-05        1.752244e-27
               71000        4.925300e-05        1.154099e-27
               71100        4.955100e-05        9.529049e-28
               71200        4.854900e-05        1.279437e-27
               71300        4.842000e-05        1.088751e-27
               71400        4.951300e-05        1.135598e-27
               71500        4.996100e-05        1.250191e-27
               71600        4.914700e-05        1.008978e-27
               71700        5.015800e-05        9.385226e-28
               71800        4.850300e-05        1.073216e-27
               71900        4.905800e-05        1.004626e-27
               72000        4.952800e-05        1.215021e-27
               72100        4.902400e-05        1.387448e-27
               72200        4.862200e-05        1.764258e-27
               72300        5.067500e-05        1.459803e-27
               72400        4.916600e-05        1.768356e-27
               72500        4.883100e-05        1.489173e-27
               72600        4.893000e-05        1.781511e-27
               72700        4.895600e-05        1.057543e-27
               72800        4.973700e-05        1.268163e-27
               72900        4.928800e-05        1.399960e-27
               73000        5.062600e-05        9.200857e-28
               73100        4.860900e-05        8.509180e-28
               73200        4.980500e-05        1.274561e-27
               73300        4.941400e-05        1.389582e-27
               73400        4.937800e-05        1.569449e-27
               73500        4.853800e-05        1.187847e-27
               73600        4.936200e-05        1.145407e-27
               73700        4.911800e-05        9.266405e-28
               73800        4.906300e-05        1.193969e-27
               73900        4.882600e-05        1.283259e-27
               74000        4.940500e-05        1.355629e-27
               74100        4.852600e-05        1.304442e-27
               74200        4.819000e-05        1.041696e-27
               74300        4.905100e-05        1.018958e-27
               74400        4.969100e-05        1.217379e-27
               74500        4.880300e-05        9.794772e-28
               74600        4.873700e-05        1.271625e-27
               74700        4.858500e-05        1.084201e-27
               74800        4.996400e-05        9.868438e-28
               74900        5.079500e-05        8.504693e-28
               75000        5.076800e-05        1.224188e-27
               75100        5.268900e-05        9.797957e-28
               75200        5.011500e-05        6.908713e-28
               75300        4.960200e-05        1.160584e-27
               75400        5.005300e-05        1.330780e-27
               75500        4.831800e-05        7.725528e-28
               75600        4.974800e-05        8.602812e-28
               75700        5.040000e-05        8.263362e-28
               75800        4.954800e-05        7.804952e-28
               75900        5.068300e-05        6.256301e-28
               76000        5.040700e-05        1.024407e-27
               76100        4.923200e-05        1.322418e-27
               76200        4.908400e-05        1.390208e-27
               76300        4.949700e-05        1.163389e-27
               76400        4.938400e-05        1.218026e-27
               76500        4.929600e-05        9.485360e-28
               76600        5.055200e-05        1.151922e-27
               76700        4.951300e-05        1.045565e-27
               76800        4.946000e-05        9.214073e-28
               76900        5.011400e-05        1.032229e-27
               77000        5.010500e-05        1.214863e-27
               77100        4.959000e-05        1.279642e-27
               77200        4.853100e-05        1.137651e-27
               77300        4.910400e-05        9.322892e-28
               77400        4.910300e-05        8.050459e-28
               77500        4.890700e-05        8.981497e-28
               77600        4.866100e-05        1.033386e-27
               77700        4.904600e-05        7.687827e-28
               77800        4.885800e-05        9.455614e-28
               77900        5.019900e-05        1.195671e-27
               78000        4.819000e-05        1.518395e-27
               78100        4.931300e-05        1.427704e-27
               78200        4.868900e-05        1.208912e-27
               78300        4.927600e-05        1.070901e-27
               78400        4.920300e-05        9.447921e-28
               78500        4.944800e-05        9.945518e-28
               78600        4.819000e-05        8.763041e-28
               78700        4.974500e-05        8.708143e-28
               78800        5.027300e-05        1.210814e-27
               78900        4.928900e-05        1.252321e-27
               79000        5.022600e-05        1.205797e-27
               79100        4.947900e-05        1.177525e-27
               79200        4.918500e-05        1.378572e-27
               79300        4.967600e-05        1.277979e-27
               79400        4.920600e-05        9.901077e-28
               79500        4.981900e-05        1.142024e-27
               79600        5.041100e-05        9.536071e-28
               79700        4.834500e-05        1.022512e-27
               79800        4.862700e-05        1.027269e-27
               79900        4.913700e-05        9.649570e-28
               80000        4.892400e-05        1.143321e-27
               80100        4.954500e-05        1.749397e-27
               80200        4.815200e-05        2.085456e-27
               80300        4.923900e-05        1.625395e-27
               80400        4.942200e-05        1.273939e-27
               80500        4.935900e-05        1.562671e-27
               80600        4.940100e-05        1.209874e-27
               80700        5.038200e-05        1.012336e-27
               80800        4.917300e-05        1.257109e-27
               80900        4.992800e-05        8.761951e-28
               81000        4.967800e-05        9.188279e-28
               81100        4.882900e-05        1.016689e-27
               81200        4.866600e-05        1.087230e-27
               81300        4.869800e-05        1.246543e-27
               81400        4.952800e-05        1.021966e-27
               81500        4.887400e-05        1.419383e-27
               81600        4.910100e-05        1.558436e-27
               81700        4.834300e-05        1.440106e-27
               81800        4.902100e-05        1.123893e-27
               81900        4.886900e-05        1.185914e-27
               82000        4.858400e-05        1.157603e-27
               82100        4.960900e-05        1.153670e-27
               82200        4.842600e-05        1.400712e-27
               82300        4.880700e-05        1.606381e-27
               82400        4.851300e-05        1.129477e-27
               82500        4.885100e-05        1.195382e-27
               82600        4.937700e-05        1.451410e-27
               82700        4.966200e-05        1.625299e-27
               82800        4.974100e-05        8.886143e-28
               82900        4.954600e-05        1.133161e-27
               83000        4.897300e-05        1.826736e-27
               83100        4.883000e-05        1.715859e-27
               83200        4.856800e-05        1.616421e-27
               83300        4.833000e-05        1.408478e-27
               83400        4.900800e-05        1.193896e-27
               83500        4.869500e-05        1.400926e-27
               83600        4.802000e-05        1.149071e-27
               83700        5.029700e-05        9.938805e-28
               83800        5.009600e-05        1.363806e-27
               83900        4.817600e-05        1.427091e-27
               84000        4.854700e-05        1.520631e-27
               84100        4.846600e-05        1.337096e-27
               84200        4.825100e-05        9.099480e-28
               84300        4.977400e-05        9.312810e-28
               84400        4.858800e-05        1.307751e-27
               84500        4.826200e-05        1.007401e-27
               84600        4.972100e-05        8.557623e-28
               84700        4.949600e-05        1.086000e-27
               84800        4.853100e-05        1.487190e-27
               84900        4.927600e-05        1.226434e-27
               85000        4.920800e-05        1.588277e-27
               85100        4.917900e-05        1.468736e-27
               85200        4.993000e-05        1.225553e-27
               85300        4.810300e-05        1.177327e-27
               85400        4.871500e-05        1.096455e-27
               85500        4.963200e-05        1.191733e-27
               85600        4.956300e-05        1.080846e-27
               85700        4.962000e-05        9.809750e-28
               85800        4.880200e-05        8.190871e-28
               85900        4.983200e-05        7.516187e-28
               86000        5.012300e-05        8.181462e-28
               86100        4.992500e-05        8.046137e-28
               86200        4.954900e-05        1.121458e-27
               86300        4.935300e-05        1.125196e-27
               86400        4.918800e-05        1.140210e-27
               86500        4.864800e-05        1.151388e-27
               86600        4.939200e-05        1.021510e-27
               86700        4.963200e-05        9.674774e-28
               86800        4.960500e-05        9.919647e-28
               86900        4.923100e-05        9.441105e-28
               87000        4.898200e-05        1.317761e-27
               87100        4.868900e-05        1.439210e-27
               87200        4.834100e-05        1.184653e-27
               87300        4.916500e-05        1.228741e-27
               87400        4.921300e-05        1.229782e-27
               87500        5.044000e-05        1.432836e-27
               87600        4.936000e-05        1.256240e-27
               87700        4.878100e-05        1.281543e-27
               87800        4.921400e-05        1.363044e-27
               87900        4.933600e-05        1.359416e-27
               88000        4.837500e-05        1.119228e-27
               88100        4.867400e-05        1.005454e-27
               88200        4.911200e-05        1.152339e-27
               88300        4.831400e-05        1.542037e-27
               88400        4.923300e-05        1.560266e-27
               88500        4.872600e-05        1.031847e-27
               88600        5.015700e-05        1.804614e-27
               88700        4.846500e-05        1.450076e-27
               88800        4.833900e-05        1.334485e-27
               88900        4.855800e-05        1.569970e-27
               89000        4.842200e-05        1.380043e-27
               89100        4.840700e-05        1.412786e-27
               89200        4.844500e-05        1.299612e-27
               89300        4.894300e-05        1.263192e-27
               89400        4.977200e-05        1.314105e-27
               89500        5.035500e-05        1.128117e-27
               89600        4.947500e-05        1.131830e-27
               89700        5.000400e-05        1.152728e-27
               89800        4.919900e-05        1.340552e-27
               89900        4.968200e-05        1.100003e-27
               90000        4.909400e-05        1.102374e-27
               90100        4.887100e-05        1.220730e-27
               90200        4.932600e-05        1.449628e-27
               90300        4.858800e-05        2.095055e-27
               90400        4.876300e-05        1.407328e-27
               90500        4.811000e-05        1.410181e-27
               90600        4.881200e-05        1.378749e-27
               90700        4.925400e-05        1.164661e-27
               90800        4.902400e-05        1.557222e-27
               90900        4.835400e-05        1.470745e-27
               91000        4.806700e-05        1.462265e-27
               91100        4.963000e-05        1.535365e-27
               91200        4.868900e-05        1.272791e-27
               91300        4.861400e-05        1.214584e-27
               91400        4.906800e-05        1.058376e-27
               91500        5.001600e-05        1.410442e-27
               91600        4.899600e-05        1.248630e-27
               91700        4.890000e-05        1.016722e-27
               91800        4.888700e-05        1.166010e-27
               91900        4.945800e-05        1.084813e-27
               92000        4.915100e-05        1.282045e-27
               92100        4.945800e-05        1.193451e-27
               92200        4.818200e-05        1.538969e-27
               92300        4.857600e-05        1.539267e-27
               92400        4.924700e-05        1.411523e-27
               92500        4.996100e-05        1.264570e-27
               92600        4.980200e-05        1.239472e-27
               92700        4.875500e-05        1.208869e-27
               92800        4.894900e-05        1.349380e-27
               92900        4.882700e-05        1.407042e-27
               93000        4.944400e-05        1.177616e-27
               93100        4.856400e-05        1.014236e-27
               93200        4.939200e-05        9.715503e-28
               93300        4.921500e-05        1.233572e-27
               93400        4.927700e-05        1.796511e-27
               93500        4.906900e-05        1.467065e-27
               93600        4.858600e-05        1.484972e-27
               93700        4.837000e-05        1.246287e-27
               93800        4.988000e-05        1.323006e-27
               93900        4.934400e-05        1.328330e-27
               94000        4.756900e-05        1.468878e-27
               94100        4.873800e-05        9.207920e-28
               94200        5.045000e-05        1.044685e-27
               94300        4.905500e-05        1.235878e-27
               94400        4.860500e-05        1.094645e-27
               94500        4.868800e-05        1.240798e-27
               94600        4.825100e-05        1.469260e-27
               94700        4.914200e-05        1.579373e-27
               94800        4.833700e-05        1.251437e-27
               94900        4.964700e-05        1.118352e-27
               95000        4.896000e-05        1.185542e-27
               95100        4.870600e-05        1.006714e-27
               95200        4.924400e-05        9.755803e-28
               95300        4.978100e-05        1.109225e-27
               95400        4.908100e-05        1.077231e-27
               95500        4.894500e-05        9.577727e-28
               95600        4.936800e-05        1.140906e-27
               95700        4.991000e-05        1.015770e-27
               95800        4.971800e-05        8.601301e-28
               95900        4.918100e-05        1.222681e-27
               96000        5.033500e-05        1.410530e-27
               96100        7.287100e-05        1.234953e-27
               96200        8.348500e-05        1.387608e-27
               96300        4.846700e-05        1.439105e-27
               96400        4.832500e-05        9.351141e-28
               96500        4.872900e-05        1.162519e-27
               96600        4.958700e-05        1.135424e-27
               96700        4.918900e-05        1.043811e-27
               96800        4.977100e-05        1.083073e-27
               96900        4.964500e-05        1.001584e-27
               97000        4.908800e-05        1.142698e-27
               97100        4.875900e-05        1.254613e-27
               97200        4.982200e-05        8.506777e-28
               97300        4.939100e-05        9.951523e-28
               97400        5.016000e-05        8.767926e-28
               97500        4.955100e-05        8.701745e-28
               97600        4.887200e-05        8.679207e-28
               97700        4.923300e-05        1.013284e-27
               97800        5.011700e-05        1.089812e-27
               97900        5.008500e-05        1.059002e-27
               98000        4.934700e-05        1.188624e-27
               98100        4.923200e-05        1.288907e-27
               98200        4.890500e-05        1.894430e-27
               98300        4.976500e-05        1.132804e-27
               98400        4.982100e-05        1.066826e-27
               98500        4.892500e-05        1.081608e-27
               98600        4.850400e-05        1.130282e-27
               98700        4.940900e-05        1.530111e-27
               98800        4.838900e-05        1.205130e-27
               98900        4.700600e-05        1.255223e-27
               99000        4.782100e-05        1.160715e-27
               99100        5.826200e-05        1.319439e-27
               99200        4.704300e-05        1.010235e-27
               99300        4.825800e-05        1.005420e-27
               99400        4.878200e-05        1.041234e-27
               99500        4.815200e-05        1.088065e-27
               99600        4.734200e-05        6.972025e-28
               99700        4.839600e-05        8.708368e-28
               99800        4.777300e-05        9.464567e-28
               99900        4.852600e-05        1.035941e-27
              100000        4.753500e-05        1.152731e-27
