Period: 100
               Epoch           Time cost                Loss
                 100        1.402480e-04        3.199579e+04
                 200        9.665300e-05        1.416425e+04
                 300        9.601100e-05        6.828940e+03
                 400        9.612000e-05        2.387078e+03
                 500        8.575900e-05        8.581599e+02
                 600        1.257870e-04        2.746842e+02
                 700        1.068890e-04        2.746842e+02
                 800        1.159650e-04        9.449700e+01
                 900        1.096430e-04        9.451315e+01
                1000        1.233180e-04        3.171226e+01
                1100        1.192840e-04        3.171226e+01
                1200        1.107650e-04        1.028943e+01
                1300        1.216060e-04        1.028943e+01
                1400        1.481370e-04        4.916843e+00
                1500        1.092990e-04        4.916843e+00
                1600        1.157640e-04        1.940817e+00
                1700        1.223260e-04        1.940817e+00
                1800        1.139020e-04        8.547835e-01
                1900        1.121200e-04        8.547835e-01
                2000        1.109920e-04        2.791488e-01
                2100        1.125630e-04        2.791488e-01
                2200        1.241110e-04        1.283541e-01
                2300        1.109810e-04        1.283541e-01
                2400        1.083990e-04        5.306860e-02
                2500        1.124460e-04        5.306860e-02
                2600        1.146460e-04        2.447945e-02
                2700        1.024060e-04        2.447945e-02
                2800        1.099200e-04        1.117092e-02
                2900        1.087970e-04        1.117092e-02
                3000        1.127960e-04        4.304814e-03
                3100        1.124680e-04        4.304814e-03
                3200        1.143580e-04        1.988305e-03
                3300        1.138710e-04        1.988305e-03
                3400        1.097820e-04        6.367692e-04
                3500        1.127220e-04        6.367689e-04
                3600        1.112540e-04        2.542659e-04
                3700        1.119090e-04        9.259914e-05
                3800        1.119630e-04        9.259914e-05
                3900        1.135780e-04        3.670161e-05
                4000        1.090540e-04        3.670161e-05
                4100        1.117040e-04        1.503558e-05
                4200        1.070020e-04        1.503558e-05
                4300        9.374700e-05        6.449696e-06
                4400        1.034760e-04        6.449696e-06
                4500        9.600400e-05        2.637745e-06
                4600        8.155700e-05        2.637745e-06
                4700        1.024750e-04        1.144393e-06
                4800        9.916700e-05        1.144393e-06
                4900        1.174890e-04        3.592290e-07
                5000        1.142180e-04        3.592290e-07
                5100        1.261420e-04        1.372155e-07
                5200        1.021610e-04        1.372146e-07
                5300        1.094460e-04        4.506055e-08
                5400        1.005710e-04        4.506058e-08
                5500        1.005360e-04        2.241372e-08
                5600        9.899000e-05        2.241372e-08
                5700        1.018370e-04        8.640707e-09
                5800        1.033640e-04        8.640707e-09
                5900        1.064010e-04        4.311839e-09
                6000        9.876400e-05        4.311839e-09
                6100        9.731000e-05        1.650882e-09
                6200        1.001320e-04        1.650882e-09
                6300        1.007220e-04        7.698111e-10
                6400        9.950800e-05        7.698111e-10
                6500        1.019400e-04        3.179151e-10
                6600        9.693700e-05        3.179151e-10
                6700        9.941600e-05        1.476487e-10
                6800        1.011950e-04        1.476487e-10
                6900        1.012220e-04        4.887064e-11
                7000        1.065370e-04        4.887064e-11
                7100        1.007860e-04        1.757885e-11
                7200        9.891500e-05        1.757836e-11
                7300        1.017810e-04        7.081339e-12
                7400        1.015210e-04        7.081339e-12
                7500        1.010590e-04        2.581924e-12
                7600        1.058900e-04        8.851691e-13
                7700        9.938100e-05        8.449146e-13
                7800        1.061190e-04        1.787865e-13
                7900        1.050300e-04        1.531237e-13
                8000        1.051420e-04        3.144512e-14
                8100        1.138780e-04        2.735852e-14
                8200        1.037840e-04        4.169343e-15
                8300        1.051120e-04        1.660324e-15
                8400        1.064200e-04        1.660324e-15
                8500        1.068270e-04        5.663969e-16
                8600        1.171070e-04        5.663969e-16
                8700        1.071410e-04        2.201705e-16
                8800        1.057730e-04        2.201705e-16
                8900        1.057340e-04        9.223444e-17
                9000        1.052100e-04        9.223444e-17
                9100        1.035330e-04        3.698526e-17
                9200        1.153420e-04        3.698526e-17
                9300        1.045600e-04        1.449650e-17
                9400        1.047040e-04        1.449650e-17
                9500        1.056510e-04        5.460354e-18
                9600        1.026290e-04        5.460354e-18
                9700        8.180200e-05        2.263872e-18
                9800        1.132060e-04        2.263872e-18
                9900        1.036920e-04        9.648002e-19
               10000        1.046410e-04        9.648002e-19
               10100        1.051390e-04        3.814790e-19
               10200        1.052940e-04        3.814070e-19
               10300        1.062090e-04        1.374438e-19
               10400        1.177100e-04        1.374438e-19
               10500        1.073690e-04        4.825180e-20
               10600        1.036170e-04        4.825180e-20
               10700        1.074690e-04        1.803366e-20
               10800        1.040510e-04        1.803366e-20
               10900        1.171060e-04        5.034644e-21
               11000        1.062450e-04        5.034644e-21
               11100        1.046600e-04        1.648183e-21
               11200        1.064670e-04        1.648137e-21
               11300        1.046520e-04        6.763852e-22
               11400        1.078510e-04        6.763852e-22
               11500        1.064900e-04        3.453841e-22
               11600        1.042830e-04        3.453841e-22
               11700        1.085730e-04        1.630678e-22
               11800        1.065000e-04        1.630678e-22
               11900        1.072550e-04        6.385022e-23
               12000        1.059360e-04        6.385022e-23
               12100        1.116220e-04        2.347520e-23
               12200        1.036630e-04        2.347520e-23
               12300        8.103300e-05        9.736912e-24
               12400        9.853100e-05        9.736912e-24
               12500        1.036500e-04        3.614761e-24
               12600        1.072500e-04        3.614761e-24
               12700        1.150360e-04        1.444453e-24
               12800        1.073820e-04        1.444453e-24
               12900        1.072300e-04        6.886994e-25
               13000        1.031970e-04        6.886994e-25
               13100        1.088390e-04        2.657054e-25
               13200        1.141510e-04        2.657054e-25
               13300        9.931400e-05        1.187574e-25
               13400        8.951900e-05        1.187574e-25
               13500        9.268800e-05        5.966243e-26
               13600        8.403700e-05        5.965612e-26
               13700        9.394300e-05        4.502802e-26
               13800        8.280700e-05        4.502802e-26
               13900        1.020220e-04        2.773940e-26
               14000        1.008420e-04        2.773940e-26
               14100        1.255640e-04        1.898107e-26
               14200        1.150440e-04        1.898107e-26
               14300        1.049930e-04        1.690469e-26
               14400        1.038530e-04        1.690469e-26
               14500        1.148000e-04        1.587382e-26
               14600        1.113350e-04        1.587382e-26
               14700        1.052040e-04        1.444072e-26
               14800        1.309150e-04        1.444072e-26
               14900        1.140350e-04        2.130415e-26
               15000        1.026930e-04        2.130415e-26
               15100        1.040730e-04        2.424055e-26
               15200        1.015830e-04        2.424055e-26
               15300        1.001170e-04        2.204971e-26
               15400        9.914700e-05        2.204971e-26
               15500        1.150740e-04        2.221658e-26
               15600        9.958400e-05        2.221658e-26
               15700        1.057380e-04        1.952905e-26
               15800        1.032320e-04        1.952905e-26
               15900        1.020760e-04        1.859134e-26
               16000        1.040000e-04        1.859134e-26
               16100        1.031500e-04        1.815814e-26
               16200        1.055900e-04        1.815814e-26
               16300        9.904000e-05        2.072427e-26
               16400        1.097120e-04        2.072427e-26
               16500        1.053200e-04        2.248589e-26
               16600        1.175110e-04        2.248589e-26
               16700        1.049040e-04        2.205910e-26
               16800        1.060870e-04        2.205910e-26
               16900        1.010150e-04        2.041846e-26
               17000        1.022690e-04        2.041846e-26
               17100        1.028640e-04        2.196851e-26
               17200        1.140350e-04        2.196851e-26
               17300        1.055310e-04        1.911564e-26
               17400        1.061710e-04        1.911564e-26
               17500        1.051240e-04        2.228489e-26
               17600        1.039820e-04        2.228489e-26
               17700        1.164100e-04        2.666123e-26
               17800        1.024940e-04        2.196504e-26
               17900        1.027730e-04        2.196504e-26
               18000        1.077060e-04        2.213688e-26
               18100        1.035120e-04        2.213688e-26
               18200        1.453750e-04        2.122698e-26
               18300        1.031370e-04        2.122698e-26
               18400        1.140790e-04        2.115970e-26
               18500        1.088720e-04        2.115970e-26
               18600        1.070980e-04        1.685516e-26
               18700        1.049390e-04        1.685516e-26
               18800        1.050190e-04        1.586245e-26
               18900        1.124600e-04        1.586245e-26
               19000        1.076640e-04        2.525436e-26
               19100        1.043890e-04        2.525436e-26
               19200        1.076810e-04        2.469575e-26
               19300        1.060510e-04        2.469575e-26
               19400        1.168870e-04        2.251754e-26
               19500        1.075250e-04        2.251754e-26
               19600        1.171810e-04        2.234035e-26
               19700        1.211380e-04        2.234035e-26
               19800        1.070450e-04        1.924714e-26
               19900        1.087970e-04        1.924714e-26
               20000        1.092150e-04        1.526343e-26
               20100        1.136450e-04        1.526343e-26
               20200        1.158280e-04        1.962651e-26
               20300        1.055570e-04        1.962651e-26
               20400        1.158370e-04        1.624980e-26
               20500        1.200720e-04        1.624980e-26
               20600        1.110220e-04        1.769496e-26
               20700        1.498410e-04        1.769496e-26
               20800        1.238750e-04        1.710278e-26
               20900        1.222400e-04        1.710278e-26
               21000        1.234580e-04        2.482809e-26
               21100        1.631780e-04        2.482809e-26
               21200        1.448230e-04        2.099618e-26
               21300        1.377880e-04        2.099618e-26
               21400        1.445660e-04        1.664717e-26
               21500        1.444570e-04        1.664717e-26
               21600        1.244560e-04        1.957570e-26
               21700        1.149200e-04        1.957570e-26
               21800        1.248430e-04        2.249509e-26
               21900        1.333690e-04        2.249509e-26
               22000        1.005910e-04        2.618720e-26
               22100        1.441540e-04        2.618720e-26
               22200        1.419680e-04        2.197801e-26
               22300        1.641380e-04        2.197801e-26
               22400        1.172820e-04        2.002001e-26
               22500        1.163940e-04        2.002001e-26
               22600        1.146870e-04        1.927793e-26
               22700        1.140710e-04        2.160289e-26
               22800        1.195760e-04        2.160289e-26
               22900        1.130380e-04        1.538951e-26
               23000        1.159500e-04        1.538951e-26
               23100        1.156770e-04        1.700590e-26
               23200        1.148770e-04        1.700590e-26
               23300        1.150760e-04        1.413533e-26
               23400        1.173020e-04        1.413533e-26
               23500        1.135360e-04        1.689120e-26
               23600        1.134360e-04        1.689120e-26
               23700        1.124620e-04        1.812893e-26
               23800        1.156120e-04        1.812893e-26
               23900        1.196070e-04        2.130562e-26
               24000        1.164170e-04        2.130562e-26
               24100        1.143890e-04        2.806075e-26
               24200        1.084370e-04        2.806075e-26
               24300        1.171330e-04        2.025220e-26
               24400        1.138120e-04        2.019221e-26
               24500        1.139960e-04        2.438938e-26
               24600        1.126350e-04        2.457796e-26
               24700        1.172950e-04        2.334089e-26
               24800        1.165910e-04        2.334855e-26
               24900        1.170210e-04        1.975506e-26
               25000        1.129050e-04        1.970507e-26
               25100        8.234900e-05        1.725832e-26
               25200        1.109790e-04        1.965973e-26
               25300        1.147260e-04        1.965973e-26
               25400        1.221770e-04        2.046201e-26
               25500        1.159640e-04        2.046201e-26
               25600        1.166390e-04        2.021630e-26
               25700        8.733000e-05        2.021630e-26
               25800        1.070510e-04        2.268440e-26
               25900        8.667200e-05        2.268440e-26
               26000        1.086140e-04        1.699245e-26
               26100        8.384100e-05        1.699245e-26
               26200        1.070120e-04        1.958246e-26
               26300        8.612400e-05        1.958246e-26
               26400        1.065450e-04        1.856039e-26
               26500        8.643500e-05        1.856276e-26
               26600        1.091090e-04        2.066109e-26
               26700        8.421200e-05        2.066109e-26
               26800        1.071570e-04        1.933732e-26
               26900        8.980700e-05        1.933732e-26
               27000        1.063860e-04        1.962645e-26
               27100        8.555100e-05        1.962645e-26
               27200        1.073400e-04        1.997418e-26
               27300        8.311700e-05        1.997418e-26
               27400        1.083900e-04        1.950385e-26
               27500        8.434900e-05        1.950385e-26
               27600        1.101230e-04        1.769672e-26
               27700        8.300100e-05        1.769672e-26
               27800        1.094900e-04        1.894252e-26
               27900        8.603500e-05        1.894646e-26
               28000        1.322900e-04        1.979330e-26
               28100        1.145050e-04        1.979330e-26
               28200        1.162090e-04        1.943715e-26
               28300        1.128790e-04        1.943715e-26
               28400        1.127670e-04        2.035538e-26
               28500        1.169210e-04        2.035538e-26
               28600        1.150030e-04        1.559869e-26
               28700        1.170140e-04        1.559869e-26
               28800        1.145370e-04        1.391329e-26
               28900        8.516700e-05        1.391329e-26
               29000        1.148370e-04        1.975090e-26
               29100        1.156060e-04        1.975090e-26
               29200        1.128680e-04        1.832061e-26
               29300        1.131250e-04        1.832061e-26
               29400        1.117030e-04        2.152029e-26
               29500        1.109120e-04        2.152266e-26
               29600        1.105770e-04        1.696470e-26
               29700        8.546500e-05        1.696470e-26
               29800        1.016870e-04        1.681999e-26
               29900        8.352700e-05        1.681999e-26
               30000        1.028990e-04        2.094260e-26
               30100        8.423400e-05        2.094260e-26
               30200        1.054630e-04        1.996051e-26
               30300        8.659700e-05        1.996051e-26
               30400        1.044680e-04        1.887927e-26
               30500        8.765900e-05        1.887927e-26
               30600        1.014370e-04        1.668917e-26
               30700        8.864200e-05        1.668917e-26
               30800        1.018930e-04        1.728993e-26
               30900        8.669500e-05        1.728993e-26
               31000        1.006450e-04        1.855063e-26
               31100        8.943100e-05        1.855063e-26
               31200        1.033090e-04        2.166594e-26
               31300        8.401100e-05        2.166594e-26
               31400        1.036920e-04        2.064053e-26
               31500        9.141300e-05        2.064053e-26
               31600        1.116370e-04        2.292410e-26
               31700        8.631000e-05        2.292410e-26
               31800        1.007480e-04        1.917782e-26
               31900        8.403600e-05        1.917782e-26
               32000        1.033210e-04        1.650907e-26
               32100        8.489900e-05        1.650907e-26
               32200        1.050170e-04        1.805544e-26
               32300        8.339700e-05        1.805544e-26
               32400        1.152190e-04        1.723418e-26
               32500        1.165120e-04        1.723418e-26
               32600        1.127830e-04        1.596297e-26
               32700        1.107900e-04        1.596297e-26
               32800        1.100500e-04        2.248246e-26
               32900        1.179910e-04        2.248246e-26
               33000        1.137160e-04        1.963014e-26
               33100        1.098950e-04        1.963014e-26
               33200        9.145700e-05        2.060928e-26
               33300        1.009570e-04        2.060928e-26
               33400        9.300700e-05        1.836713e-26
               33500        1.017180e-04        1.836713e-26
               33600        9.130200e-05        1.762094e-26
               33700        1.018140e-04        1.762094e-26
               33800        9.463100e-05        1.777304e-26
               33900        1.002050e-04        1.777304e-26
               34000        9.278600e-05        1.684481e-26
               34100        9.881700e-05        1.684481e-26
               34200        1.346290e-04        1.899169e-26
               34300        8.739800e-05        1.899169e-26
               34400        9.308800e-05        1.691101e-26
               34500        9.284300e-05        1.691101e-26
               34600        1.152260e-04        2.216621e-26
               34700        9.577400e-05        2.216621e-26
               34800        1.142600e-04        1.802203e-26
               34900        1.045550e-04        1.802203e-26
               35000        9.470600e-05        2.061500e-26
               35100        8.401500e-05        2.061500e-26
               35200        1.042720e-04        2.356294e-26
               35300        1.034620e-04        2.356294e-26
               35400        1.117830e-04        2.078410e-26
               35500        1.051090e-04        2.078410e-26
               35600        9.633100e-05        2.506827e-26
               35700        1.181020e-04        2.506827e-26
               35800        1.070530e-04        2.000196e-26
               35900        1.197020e-04        2.000196e-26
               36000        1.056800e-04        2.071239e-26
               36100        1.139780e-04        2.071239e-26
               36200        1.158100e-04        2.115871e-26
               36300        1.118630e-04        2.115871e-26
               36400        1.075220e-04        2.343911e-26
               36500        1.196880e-04        2.343911e-26
               36600        1.228150e-04        1.912641e-26
               36700        1.031470e-04        1.912641e-26
               36800        1.095760e-04        2.100103e-26
               36900        1.057340e-04        2.100103e-26
               37000        1.087030e-04        2.225762e-26
               37100        1.147460e-04        2.225762e-26
               37200        1.073720e-04        1.672743e-26
               37300        1.154560e-04        1.672743e-26
               37400        8.186300e-05        1.672743e-26
               37500        1.153800e-04        1.585204e-26
               37600        1.161150e-04        1.608649e-26
               37700        1.114240e-04        1.731344e-26
               37800        1.154520e-04        1.731344e-26
               37900        1.167650e-04        1.731344e-26
               38000        1.075420e-04        1.925330e-26
               38100        1.091670e-04        1.877370e-26
               38200        1.157680e-04        1.901548e-26
               38300        1.049460e-04        1.901548e-26
               38400        1.159640e-04        2.320689e-26
               38500        1.084100e-04        2.320689e-26
               38600        1.141660e-04        2.108948e-26
               38700        1.123440e-04        2.108948e-26
               38800        1.060600e-04        2.079408e-26
               38900        1.141460e-04        2.079408e-26
               39000        1.142930e-04        2.124842e-26
               39100        1.059040e-04        2.124842e-26
               39200        1.184380e-04        1.871915e-26
               39300        1.148760e-04        1.871915e-26
               39400        1.188000e-04        2.070243e-26
               39500        1.198070e-04        2.070243e-26
               39600        1.220780e-04        1.837942e-26
               39700        1.265320e-04        1.837705e-26
               39800        1.481470e-04        1.616920e-26
               39900        1.392680e-04        1.934630e-26
               40000        1.566030e-04        1.934630e-26
               40100        1.457740e-04        1.807760e-26
               40200        1.281950e-04        1.807760e-26
               40300        1.525100e-04        1.979063e-26
               40400        8.006600e-05        1.979063e-26
               40500        1.158100e-04        2.141112e-26
               40600        1.505990e-04        2.158691e-26
               40700        1.676390e-04        1.867192e-26
               40800        1.437520e-04        1.867034e-26
               40900        1.330390e-04        1.809584e-26
               41000        1.456050e-04        2.216342e-26
               41100        1.430000e-04        2.216342e-26
               41200        1.445520e-04        2.111804e-26
               41300        1.455060e-04        2.111804e-26
               41400        1.442890e-04        1.979742e-26
               41500        1.355410e-04        1.979190e-26
               41600        1.444780e-04        1.727911e-26
               41700        1.336590e-04        1.727911e-26
               41800        1.366150e-04        1.468879e-26
               41900        1.409790e-04        1.468879e-26
               42000        1.361860e-04        1.855910e-26
               42100        1.441200e-04        1.855910e-26
               42200        1.418150e-04        1.810415e-26
               42300        1.323630e-04        1.810415e-26
               42400        1.415560e-04        1.533017e-26
               42500        1.302360e-04        1.533017e-26
               42600        1.436790e-04        1.521822e-26
               42700        1.457970e-04        1.521822e-26
               42800        1.244270e-04        2.101820e-26
               42900        1.408630e-04        2.101584e-26
               43000        1.509700e-04        2.047219e-26
               43100        1.181510e-04        2.047219e-26
               43200        1.602870e-04        1.650453e-26
               43300        1.166320e-04        1.650453e-26
               43400        1.419790e-04        1.360584e-26
               43500        1.257670e-04        1.360584e-26
               43600        8.750400e-05        1.680256e-26
               43700        1.208430e-04        1.680256e-26
               43800        1.050350e-04        1.615197e-26
               43900        1.066790e-04        1.615197e-26
               44000        8.503400e-05        1.553689e-26
               44100        1.053340e-04        1.553689e-26
               44200        1.075130e-04        2.098672e-26
               44300        1.064790e-04        2.098672e-26
               44400        1.037420e-04        2.114798e-26
               44500        1.170190e-04        2.114798e-26
               44600        1.048520e-04        2.206417e-26
               44700        1.053170e-04        2.206417e-26
               44800        1.074130e-04        1.783678e-26
               44900        1.029970e-04        1.783678e-26
               45000        1.053770e-04        1.852948e-26
               45100        1.127170e-04        1.852948e-26
               45200        1.207830e-04        2.132818e-26
               45300        1.180130e-04        2.132818e-26
               45400        1.202680e-04        2.102369e-26
               45500        1.039050e-04        2.102685e-26
               45600        1.150200e-04        2.225040e-26
               45700        1.154520e-04        2.225040e-26
               45800        1.051560e-04        2.429412e-26
               45900        9.228000e-05        2.429412e-26
               46000        1.049910e-04        2.016365e-26
               46100        1.152330e-04        2.016365e-26
               46200        1.141630e-04        2.055424e-26
               46300        1.097040e-04        2.055424e-26
               46400        1.070440e-04        2.055424e-26
               46500        1.133740e-04        1.549630e-26
               46600        1.155190e-04        1.545754e-26
               46700        1.051400e-04        2.002758e-26
               46800        1.044950e-04        2.002817e-26
               46900        1.040400e-04        2.306324e-26
               47000        1.281550e-04        2.306324e-26
               47100        1.160460e-04        1.767359e-26
               47200        1.168230e-04        1.767359e-26
               47300        1.286560e-04        1.767359e-26
               47400        1.120280e-04        1.585982e-26
               47500        1.503770e-04        1.574250e-26
               47600        1.531110e-04        1.825848e-26
               47700        1.403060e-04        1.879843e-26
               47800        1.212200e-04        2.057490e-26
               47900        1.171160e-04        2.147219e-26
               48000        1.417560e-04        2.303473e-26
               48100        1.495620e-04        2.401164e-26
               48200        1.434780e-04        2.064958e-26
               48300        1.313950e-04        2.019790e-26
               48400        1.211830e-04        1.926539e-26
               48500        1.145740e-04        2.062149e-26
               48600        1.458470e-04        2.195531e-26
               48700        1.454950e-04        2.268422e-26
               48800        1.423180e-04        2.340757e-26
               48900        1.452490e-04        2.335841e-26
               49000        1.409120e-04        2.139567e-26
               49100        1.098030e-04        2.160554e-26
               49200        1.128460e-04        2.314927e-26
               49300        1.063650e-04        2.124430e-26
               49400        1.082100e-04        1.791997e-26
               49500        1.034760e-04        2.214269e-26
               49600        1.058790e-04        2.130571e-26
               49700        1.038060e-04        2.267673e-26
               49800        1.130560e-04        2.162227e-26
               49900        1.075370e-04        2.162227e-26
               50000        1.058040e-04        1.783671e-26
               50100        1.007910e-04        1.783671e-26
               50200        1.042840e-04        2.001139e-26
               50300        1.014730e-04        2.001139e-26
               50400        1.124320e-04        1.734833e-26
               50500        1.024670e-04        1.734833e-26
               50600        1.018030e-04        2.135664e-26
               50700        1.056220e-04        2.135664e-26
               50800        1.054760e-04        2.124501e-26
               50900        1.064480e-04        2.124501e-26
               51000        1.168950e-04        2.107437e-26
               51100        1.047330e-04        2.107437e-26
               51200        1.092870e-04        1.943353e-26
               51300        1.015060e-04        1.943353e-26
               51400        1.076560e-04        1.943353e-26
               51500        1.122640e-04        2.074404e-26
               51600        1.064690e-04        2.060980e-26
               51700        1.012220e-04        2.078506e-26
               51800        1.040550e-04        2.078506e-26
               51900        1.038530e-04        1.853404e-26
               52000        1.168570e-04        1.853404e-26
               52100        9.057100e-05        2.358733e-26
               52200        9.450000e-05        2.358733e-26
               52300        8.158400e-05        2.447409e-26
               52400        1.119790e-04        2.447409e-26
               52500        1.027230e-04        2.703143e-26
               52600        9.209000e-05        2.703143e-26
               52700        8.312300e-05        2.703143e-26
               52800        1.105540e-04        2.161881e-26
               52900        9.374200e-05        2.170717e-26
               53000        1.115950e-04        1.638075e-26
               53100        9.655100e-05        1.722396e-26
               53200        1.118390e-04        1.810956e-26
               53300        8.362200e-05        1.847790e-26
               53400        9.503300e-05        2.052660e-26
               53500        8.433600e-05        2.001477e-26
               53600        1.128140e-04        2.165467e-26
               53700        1.033480e-04        2.173633e-26
               53800        1.121350e-04        2.115162e-26
               53900        1.040600e-04        2.134806e-26
               54000        1.111790e-04        1.826027e-26
               54100        1.016050e-04        1.895317e-26
               54200        1.355870e-04        1.971908e-26
               54300        8.629200e-05        2.183576e-26
               54400        1.179230e-04        1.921360e-26
               54500        1.073490e-04        2.092594e-26
               54600        9.619200e-05        1.958079e-26
               54700        8.539300e-05        1.920437e-26
               54800        9.167000e-05        1.804617e-26
               54900        1.054310e-04        1.858897e-26
               55000        1.099460e-04        2.069765e-26
               55100        1.013190e-04        2.331322e-26
               55200        1.121020e-04        2.311995e-26
               55300        9.245100e-05        1.798139e-26
               55400        1.108710e-04        1.853351e-26
               55500        1.030970e-04        1.678734e-26
               55600        1.114770e-04        1.656634e-26
               55700        1.070970e-04        1.930762e-26
               55800        1.121900e-04        1.929894e-26
               55900        1.064730e-04        1.934306e-26
               56000        1.123780e-04        1.934306e-26
               56100        1.069510e-04        1.901289e-26
               56200        1.111690e-04        1.901289e-26
               56300        1.030980e-04        1.908476e-26
               56400        1.091550e-04        1.908476e-26
               56500        1.166480e-04        1.455695e-26
               56600        1.042020e-04        1.455695e-26
               56700        1.017910e-04        2.090068e-26
               56800        1.078530e-04        2.090068e-26
               56900        1.049450e-04        2.090068e-26
               57000        1.155290e-04        1.542838e-26
               57100        1.071030e-04        1.531991e-26
               57200        1.035950e-04        1.768153e-26
               57300        1.046950e-04        1.851356e-26
               57400        1.064830e-04        1.941057e-26
               57500        1.065910e-04        1.945680e-26
               57600        1.046670e-04        1.908878e-26
               57700        1.071030e-04        1.933763e-26
               57800        1.057130e-04        2.273562e-26
               57900        1.082060e-04        2.304878e-26
               58000        1.068090e-04        2.092519e-26
               58100        1.052250e-04        1.870277e-26
               58200        1.058850e-04        1.803619e-26
               58300        1.100870e-04        1.796282e-26
               58400        1.364440e-04        1.695946e-26
               58500        1.128920e-04        1.759667e-26
               58600        1.049090e-04        2.160762e-26
               58700        9.864300e-05        2.103452e-26
               58800        1.061150e-04        2.516328e-26
               58900        1.183580e-04        2.446170e-26
               59000        1.185800e-04        2.226553e-26
               59100        1.157730e-04        2.156175e-26
               59200        1.192920e-04        1.712134e-26
               59300        1.047910e-04        1.639701e-26
               59400        1.132010e-04        1.430910e-26
               59500        1.159810e-04        1.949997e-26
               59600        1.165850e-04        1.949997e-26
               59700        1.074130e-04        1.842023e-26
               59800        1.066800e-04        1.842023e-26
               59900        1.158180e-04        2.131751e-26
               60000        1.414300e-04        2.132303e-26
               60100        1.114170e-04        2.236647e-26
               60200        1.081870e-04        2.236647e-26
               60300        1.158390e-04        2.186949e-26
               60400        1.144850e-04        2.186949e-26
               60500        1.145080e-04        1.954750e-26
               60600        1.162620e-04        1.954040e-26
               60700        1.155810e-04        2.639756e-26
               60800        1.148150e-04        2.639756e-26
               60900        1.153790e-04        2.128099e-26
               61000        1.160350e-04        2.128099e-26
               61100        1.065390e-04        1.871028e-26
               61200        1.061410e-04        1.871028e-26
               61300        1.043930e-04        2.271075e-26
               61400        1.053880e-04        2.271075e-26
               61500        1.171770e-04        1.860434e-26
               61600        1.152490e-04        1.860434e-26
               61700        1.042610e-04        2.392589e-26
               61800        1.047050e-04        2.392589e-26
               61900        1.040410e-04        1.792401e-26
               62000        1.110690e-04        1.792401e-26
               62100        1.075020e-04        2.035180e-26
               62200        1.050970e-04        2.035180e-26
               62300        1.067540e-04        2.149740e-26
               62400        1.044030e-04        2.149740e-26
               62500        1.046180e-04        1.761568e-26
               62600        1.331720e-04        1.761568e-26
               62700        1.173280e-04        2.429617e-26
               62800        1.032560e-04        2.429617e-26
               62900        1.077190e-04        2.429617e-26
               63000        1.055300e-04        1.981215e-26
               63100        1.066170e-04        2.075503e-26
               63200        1.143950e-04        2.075503e-26
               63300        1.032050e-04        2.063190e-26
               63400        1.029660e-04        2.063190e-26
               63500        1.036910e-04        2.458767e-26
               63600        1.049280e-04        2.458767e-26
               63700        1.079240e-04        2.695552e-26
               63800        1.057760e-04        2.695552e-26
               63900        1.128160e-04        2.236206e-26
               64000        1.050320e-04        2.236206e-26
               64100        1.061010e-04        2.444386e-26
               64200        1.168090e-04        2.444386e-26
               64300        1.144880e-04        2.330866e-26
               64400        1.078170e-04        2.330866e-26
               64500        1.190230e-04        1.995650e-26
               64600        1.060170e-04        1.995650e-26
               64700        1.061020e-04        2.115632e-26
               64800        1.066930e-04        2.114844e-26
               64900        1.038220e-04        1.984599e-26
               65000        1.045460e-04        1.984599e-26
               65100        1.165780e-04        2.016764e-26
               65200        1.057660e-04        2.016764e-26
               65300        1.073890e-04        2.161259e-26
               65400        1.036850e-04        2.161259e-26
               65500        1.047490e-04        1.707271e-26
               65600        1.169620e-04        1.707271e-26
               65700        1.009580e-04        1.854564e-26
               65800        1.050990e-04        1.853223e-26
               65900        9.935000e-05        1.999142e-26
               66000        1.003420e-04        1.999142e-26
               66100        1.194680e-04        2.347551e-26
               66200        1.030880e-04        2.347551e-26
               66300        1.045760e-04        2.498092e-26
               66400        1.120950e-04        2.498092e-26
               66500        1.001620e-04        2.470034e-26
               66600        1.040530e-04        2.470034e-26
               66700        1.016610e-04        2.209395e-26
               66800        1.013610e-04        2.209395e-26
               66900        1.000160e-04        2.111569e-26
               67000        1.128290e-04        2.111254e-26
               67100        1.002040e-04        2.061250e-26
               67200        9.987200e-05        2.061250e-26
               67300        1.000990e-04        1.982696e-26
               67400        1.023230e-04        1.982696e-26
               67500        1.154620e-04        2.084274e-26
               67600        1.023590e-04        2.084274e-26
               67700        1.015540e-04        1.971707e-26
               67800        1.025060e-04        1.971707e-26
               67900        1.016430e-04        1.949105e-26
               68000        9.907100e-05        1.949105e-26
               68100        1.229370e-04        1.634605e-26
               68200        1.109660e-04        1.634605e-26
               68300        1.099780e-04        1.634605e-26
               68400        1.150640e-04        1.848124e-26
               68500        1.049210e-04        1.803044e-26
               68600        1.081260e-04        1.740648e-26
               68700        1.153380e-04        1.481086e-26
               68800        1.099670e-04        1.481086e-26
               68900        1.113590e-04        1.596537e-26
               69000        1.100570e-04        1.596478e-26
               69100        1.087070e-04        2.337512e-26
               69200        1.087180e-04        2.337512e-26
               69300        1.126930e-04        1.978001e-26
               69400        1.284270e-04        1.978001e-26
               69500        1.074120e-04        1.834459e-26
               69600        1.150680e-04        1.834459e-26
               69700        1.149340e-04        1.835364e-26
               69800        1.106110e-04        1.835364e-26
               69900        1.269620e-04        2.023942e-26
               70000        1.264320e-04        2.023942e-26
               70100        1.115300e-04        2.128915e-26
               70200        1.164030e-04        2.128915e-26
               70300        1.185600e-04        2.114734e-26
               70400        1.149270e-04        2.114734e-26
               70500        1.125230e-04        2.235171e-26
               70600        1.132510e-04        2.235171e-26
               70700        1.135220e-04        2.333279e-26
               70800        1.330210e-04        2.333279e-26
               70900        1.028490e-04        2.314942e-26
               71000        1.010650e-04        2.314942e-26
               71100        1.023590e-04        2.382592e-26
               71200        1.019230e-04        2.382592e-26
               71300        1.010670e-04        2.670966e-26
               71400        1.009160e-04        2.670966e-26
               71500        1.045430e-04        2.449798e-26
               71600        1.010270e-04        2.448402e-26
               71700        1.011520e-04        2.398210e-26
               71800        1.015760e-04        2.398210e-26
               71900        9.980500e-05        1.815175e-26
               72000        1.017480e-04        1.815175e-26
               72100        1.036580e-04        2.064502e-26
               72200        1.012540e-04        2.064502e-26
               72300        1.030030e-04        1.797349e-26
               72400        1.018730e-04        1.797349e-26
               72500        1.319000e-04        1.964176e-26
               72600        1.060240e-04        1.964176e-26
               72700        1.092000e-04        1.809296e-26
               72800        1.074490e-04        1.809296e-26
               72900        1.151340e-04        2.184829e-26
               73000        1.225300e-04        2.184829e-26
               73100        1.147180e-04        1.879475e-26
               73200        1.277170e-04        1.879475e-26
               73300        1.064110e-04        2.040169e-26
               73400        1.114400e-04        2.040169e-26
               73500        1.387480e-04        1.998759e-26
               73600        1.257640e-04        1.998759e-26
               73700        1.301580e-04        1.846282e-26
               73800        1.174080e-04        1.846282e-26
               73900        1.162710e-04        1.664875e-26
               74000        1.239180e-04        1.664875e-26
               74100        1.184780e-04        1.645054e-26
               74200        1.118750e-04        1.645133e-26
               74300        1.174760e-04        2.138721e-26
               74400        1.153450e-04        2.138583e-26
               74500        1.464570e-04        2.324963e-26
               74600        1.263960e-04        2.316538e-26
               74700        1.136440e-04        2.145528e-26
               74800        1.174160e-04        2.135820e-26
               74900        1.138990e-04        2.332023e-26
               75000        1.203180e-04        2.332023e-26
               75100        1.275170e-04        2.372153e-26
               75200        1.070880e-04        2.372153e-26
               75300        1.189890e-04        1.889855e-26
               75400        9.213300e-05        2.113669e-26
               75500        1.265160e-04        2.113669e-26
               75600        1.109770e-04        2.271941e-26
               75700        1.196300e-04        2.271941e-26
               75800        1.229800e-04        1.902597e-26
               75900        1.155840e-04        1.902597e-26
               76000        1.152310e-04        2.171678e-26
               76100        1.259880e-04        2.171678e-26
               76200        1.162660e-04        1.545407e-26
               76300        1.213580e-04        1.545407e-26
               76400        1.190580e-04        1.772407e-26
               76500        1.143530e-04        1.772407e-26
               76600        1.236770e-04        2.014046e-26
               76700        1.246040e-04        2.013494e-26
               76800        1.155930e-04        2.131253e-26
               76900        1.526410e-04        2.131253e-26
               77000        1.095820e-04        1.806071e-26
               77100        1.140120e-04        1.806071e-26
               77200        1.236190e-04        1.699840e-26
               77300        1.125310e-04        1.699840e-26
               77400        1.104190e-04        1.596499e-26
               77500        1.173970e-04        1.596499e-26
               77600        1.248270e-04        1.745359e-26
               77700        1.147100e-04        1.745359e-26
               77800        1.102530e-04        2.165154e-26
               77900        1.274400e-04        2.165154e-26
               78000        1.119360e-04        1.821468e-26
               78100        1.105060e-04        1.821468e-26
               78200        1.282640e-04        2.051042e-26
               78300        1.193000e-04        2.051042e-26
               78400        1.155390e-04        1.808617e-26
               78500        1.136810e-04        1.808617e-26
               78600        1.231070e-04        2.052082e-26
               78700        1.161980e-04        2.052082e-26
               78800        1.143620e-04        2.052082e-26
               78900        1.094470e-04        1.782298e-26
               79000        8.893900e-05        1.786207e-26
               79100        1.007370e-04        2.498228e-26
               79200        1.011090e-04        2.498228e-26
               79300        1.101810e-04        2.261368e-26
               79400        1.067930e-04        2.261368e-26
               79500        1.023640e-04        1.853150e-26
               79600        1.054310e-04        1.853150e-26
               79700        1.016880e-04        1.806030e-26
               79800        1.017880e-04        1.806030e-26
               79900        1.030940e-04        1.931993e-26
               80000        1.038360e-04        1.931993e-26
               80100        1.032490e-04        1.873557e-26
               80200        1.145610e-04        1.873557e-26
               80300        1.057100e-04        2.460807e-26
               80400        1.027480e-04        2.460807e-26
               80500        1.019560e-04        2.183271e-26
               80600        1.043240e-04        2.183271e-26
               80700        1.185120e-04        2.378199e-26
               80800        1.063340e-04        2.378199e-26
               80900        1.060820e-04        1.677923e-26
               81000        1.013980e-04        1.677923e-26
               81100        1.013660e-04        1.861642e-26
               81200        1.025370e-04        1.861642e-26
               81300        1.080290e-04        1.958912e-26
               81400        1.050140e-04        1.958912e-26
               81500        1.074400e-04        1.845697e-26
               81600        1.012210e-04        1.845697e-26
               81700        1.056210e-04        2.068192e-26
               81800        1.076400e-04        2.068192e-26
               81900        1.064410e-04        2.279615e-26
               82000        1.004420e-04        2.279615e-26
               82100        1.019420e-04        2.055294e-26
               82200        1.012350e-04        2.056201e-26
               82300        1.005900e-04        1.950650e-26
               82400        1.031340e-04        1.950650e-26
               82500        1.042250e-04        1.810120e-26
               82600        1.078920e-04        1.810120e-26
               82700        1.427070e-04        2.253097e-26
               82800        1.027210e-04        2.253097e-26
               82900        1.045560e-04        1.861654e-26
               83000        9.930800e-05        1.861654e-26
               83100        1.054310e-04        1.990857e-26
               83200        1.049640e-04        1.990857e-26
               83300        1.080380e-04        1.800046e-26
               83400        1.024260e-04        1.800046e-26
               83500        1.017180e-04        1.906549e-26
               83600        9.894100e-05        1.906549e-26
               83700        1.082200e-04        1.584977e-26
               83800        9.894100e-05        1.584977e-26
               83900        1.049970e-04        2.002702e-26
               84000        1.022180e-04        2.002702e-26
               84100        1.008550e-04        2.059362e-26
               84200        1.058020e-04        2.059362e-26
               84300        1.031940e-04        2.019297e-26
               84400        1.082000e-04        2.019613e-26
               84500        9.945600e-05        1.569875e-26
               84600        1.014500e-04        1.569875e-26
               84700        1.013180e-04        2.085153e-26
               84800        1.044640e-04        2.085153e-26
               84900        1.042530e-04        2.001233e-26
               85000        1.053250e-04        2.000759e-26
               85100        1.005330e-04        2.072406e-26
               85200        1.005480e-04        2.072406e-26
               85300        1.055180e-04        1.889257e-26
               85400        1.050550e-04        1.889257e-26
               85500        1.012190e-04        1.887144e-26
               85600        1.029380e-04        1.887144e-26
               85700        1.338340e-04        1.820156e-26
               85800        1.046260e-04        1.820156e-26
               85900        1.038850e-04        1.313678e-26
               86000        9.794000e-05        1.313678e-26
               86100        1.044760e-04        1.691249e-26
               86200        1.062890e-04        1.691249e-26
               86300        1.043210e-04        1.934997e-26
               86400        9.794600e-05        1.934997e-26
               86500        1.020850e-04        1.757912e-26
               86600        1.301350e-04        1.757912e-26
               86700        1.013800e-04        1.775203e-26
               86800        1.058230e-04        1.775203e-26
               86900        1.036690e-04        1.715401e-26
               87000        1.066960e-04        1.715401e-26
               87100        1.038730e-04        1.850977e-26
               87200        1.127760e-04        1.850977e-26
               87300        1.038870e-04        2.539352e-26
               87400        1.051070e-04        2.539352e-26
               87500        1.134610e-04        1.870387e-26
               87600        1.048550e-04        1.870387e-26
               87700        1.059800e-04        1.567057e-26
               87800        1.052850e-04        1.567057e-26
               87900        1.068420e-04        2.290408e-26
               88000        1.018580e-04        2.290112e-26
               88100        1.064920e-04        2.199117e-26
               88200        1.072920e-04        2.199117e-26
               88300        1.069040e-04        2.015351e-26
               88400        1.060300e-04        2.015351e-26
               88500        1.020930e-04        1.590200e-26
               88600        1.031460e-04        1.590200e-26
               88700        1.068480e-04        1.571980e-26
               88800        1.086460e-04        1.571980e-26
               88900        1.010480e-04        1.700650e-26
               89000        1.005440e-04        1.700650e-26
               89100        1.308930e-04        1.586898e-26
               89200        1.072160e-04        1.586898e-26
               89300        8.113000e-05        1.644396e-26
               89400        1.054740e-04        1.644396e-26
               89500        1.032940e-04        2.049044e-26
               89600        1.039530e-04        2.049044e-26
               89700        1.098420e-04        1.893829e-26
               89800        1.047710e-04        1.893829e-26
               89900        1.027240e-04        1.830752e-26
               90000        1.000150e-04        1.830910e-26
               90100        1.106960e-04        1.999642e-26
               90200        1.077390e-04        1.999642e-26
               90300        1.000050e-04        1.972909e-26
               90400        1.219890e-04        1.972909e-26
               90500        1.081400e-04        1.930571e-26
               90600        1.063660e-04        1.930571e-26
               90700        1.054230e-04        2.315902e-26
               90800        1.031630e-04        2.315902e-26
               90900        1.020380e-04        2.139698e-26
               91000        1.055460e-04        2.126155e-26
               91100        1.057020e-04        2.391157e-26
               91200        1.041310e-04        2.348387e-26
               91300        1.057050e-04        1.744414e-26
               91400        1.035470e-04        1.650880e-26
               91500        1.019420e-04        1.824909e-26
               91600        1.050000e-04        1.787275e-26
               91700        1.064710e-04        2.175566e-26
               91800        1.138270e-04        2.368578e-26
               91900        1.017360e-04        2.214977e-26
               92000        1.038390e-04        2.160350e-26
               92100        1.065510e-04        2.144411e-26
               92200        1.085700e-04        2.090481e-26
               92300        1.058580e-04        2.345153e-26
               92400        1.105940e-04        2.248787e-26
               92500        1.049810e-04        2.143694e-26
               92600        1.140540e-04        2.365092e-26
               92700        1.067990e-04        2.027548e-26
               92800        1.066790e-04        1.906321e-26
               92900        1.124050e-04        1.802092e-26
               93000        8.036500e-05        1.725939e-26
               93100        1.134860e-04        1.853492e-26
               93200        1.127910e-04        1.958580e-26
               93300        1.173650e-04        1.607584e-26
               93400        1.177200e-04        1.573001e-26
               93500        1.137520e-04        1.764925e-26
               93600        1.136400e-04        1.771836e-26
               93700        1.123580e-04        1.455624e-26
               93800        1.071120e-04        1.424611e-26
               93900        1.123740e-04        1.870687e-26
               94000        1.351080e-04        2.259585e-26
               94100        1.062340e-04        2.108643e-26
               94200        1.045250e-04        2.299885e-26
               94300        9.360900e-05        2.122180e-26
               94400        1.123980e-04        2.333786e-26
               94500        1.178090e-04        2.035732e-26
               94600        1.072560e-04        1.620690e-26
               94700        1.046950e-04        1.675534e-26
               94800        1.169920e-04        1.720065e-26
               94900        1.136560e-04        1.558142e-26
               95000        1.038160e-04        1.484741e-26
               95100        1.156510e-04        1.477265e-26
               95200        1.041140e-04        1.607626e-26
               95300        1.131760e-04        1.675357e-26
               95400        1.051790e-04        1.851264e-26
               95500        1.046880e-04        1.859589e-26
               95600        1.109140e-04        1.759698e-26
               95700        1.053340e-04        1.759698e-26
               95800        1.112110e-04        2.077479e-26
               95900        1.108080e-04        2.077479e-26
               96000        1.207300e-04        2.244254e-26
               96100        1.167580e-04        2.244254e-26
               96200        1.115070e-04        1.778822e-26
               96300        1.043360e-04        1.778822e-26
               96400        1.123440e-04        1.912671e-26
               96500        1.046380e-04        1.912671e-26
               96600        1.058610e-04        2.450589e-26
               96700        1.037320e-04        2.450589e-26
               96800        1.099190e-04        2.039795e-26
               96900        1.028540e-04        2.039795e-26
               97000        1.148190e-04        2.187745e-26
               97100        1.136770e-04        2.187745e-26
               97200        1.126570e-04        1.581568e-26
               97300        1.090280e-04        1.581568e-26
               97400        1.009640e-04        1.670355e-26
               97500        8.928000e-05        1.670355e-26
               97600        8.060100e-05        1.791411e-26
               97700        8.063200e-05        1.791411e-26
               97800        9.044700e-05        1.746496e-26
               97900        8.988500e-05        1.746496e-26
               98000        8.853200e-05        1.853334e-26
               98100        8.892600e-05        1.853334e-26
               98200        8.828200e-05        1.725091e-26
               98300        8.702000e-05        1.725091e-26
               98400        8.722600e-05        1.641990e-26
               98500        9.717800e-05        1.641990e-26
               98600        9.879500e-05        2.608774e-26
               98700        9.797200e-05        2.608774e-26
               98800        9.595600e-05        2.016298e-26
               98900        9.693300e-05        2.016298e-26
               99000        9.710900e-05        2.013856e-26
               99100        9.733400e-05        2.013856e-26
               99200        9.832600e-05        1.937755e-26
               99300        8.629400e-05        1.937755e-26
               99400        8.849100e-05        2.069696e-26
               99500        8.465000e-05        2.069696e-26
               99600        1.065440e-04        2.129706e-26
               99700        8.177500e-05        2.129706e-26
               99800        7.890700e-05        2.129706e-26
               99900        8.892500e-05        1.747501e-26
              100000        9.336300e-05        1.733675e-26
