Period: 100
               Epoch           Time cost                Loss
                 100        1.344070e-04        5.725299e+04
                 200        7.470500e-05        3.368519e+04
                 300        8.148000e-05        1.918050e+04
                 400        1.937100e-04        2.033244e+04
                 500        1.303930e-04        1.258396e+04
                 600        1.243980e-04        1.258396e+04
                 700        1.244040e-04        1.258396e+04
                 800        8.201100e-05        1.258396e+04
                 900        1.087950e-04        7.954431e+03
                1000        1.129710e-04        7.954350e+03
                1100        1.336960e-04        7.954431e+03
                1200        1.319960e-04        7.954273e+03
                1300        1.263620e-04        4.089811e+03
                1400        1.429060e-04        4.089811e+03
                1500        8.060400e-05        4.089811e+03
                1600        1.315800e-04        4.089811e+03
                1700        1.298700e-04        4.089811e+03
                1800        8.021600e-05        1.224657e+03
                1900        1.219630e-04        1.159653e+03
                2000        8.279400e-05        1.224248e+03
                2100        1.299910e-04        1.224660e+03
                2200        1.188840e-04        7.248714e+02
                2300        1.115750e-04        7.248787e+02
                2400        1.182240e-04        7.248714e+02
                2500        1.085830e-04        7.248714e+02
                2600        1.131530e-04        5.039310e+02
                2700        1.140170e-04        5.039292e+02
                2800        1.110720e-04        5.039292e+02
                2900        8.397800e-05        5.039292e+02
                3000        1.168470e-04        2.847686e+02
                3100        1.412270e-04        2.847686e+02
                3200        1.350570e-04        2.847686e+02
                3300        1.354490e-04        2.847686e+02
                3400        1.364760e-04        1.764855e+02
                3500        1.324750e-04        1.764855e+02
                3600        1.310530e-04        1.764855e+02
                3700        1.316830e-04        1.764855e+02
                3800        1.257030e-04        1.043300e+02
                3900        1.248440e-04        1.043300e+02
                4000        1.370670e-04        1.043300e+02
                4100        1.322530e-04        1.043300e+02
                4200        1.365410e-04        1.043300e+02
                4300        1.458340e-04        3.607571e+01
                4400        1.503080e-04        3.784753e+01
                4500        1.447480e-04        3.784950e+01
                4600        1.381380e-04        3.785031e+01
                4700        1.434790e-04        2.120576e+01
                4800        1.264590e-04        2.120592e+01
                4900        1.399650e-04        2.120576e+01
                5000        1.433940e-04        2.120576e+01
                5100        1.383990e-04        1.078948e+01
                5200        1.372390e-04        1.066753e+01
                5300        1.271460e-04        1.079121e+01
                5400        1.364520e-04        1.079079e+01
                5500        1.384040e-04        1.078948e+01
                5600        1.402140e-04        3.060772e+00
                5700        1.400430e-04        3.122533e+00
                5800        1.448720e-04        3.122598e+00
                5900        1.282560e-04        3.122620e+00
                6000        1.487360e-04        1.601380e+00
                6100        1.429130e-04        1.601380e+00
                6200        1.387810e-04        1.601256e+00
                6300        1.165310e-04        1.601260e+00
                6400        1.224640e-04        9.885245e-01
                6500        1.254300e-04        9.885245e-01
                6600        9.228900e-05        9.885245e-01
                6700        1.246890e-04        6.028911e-01
                6800        1.345670e-04        6.028911e-01
                6900        9.628000e-05        6.028913e-01
                7000        1.294110e-04        3.555781e-01
                7100        1.295560e-04        3.555781e-01
                7200        1.402740e-04        3.555781e-01
                7300        9.029700e-05        3.555781e-01
                7400        1.749340e-04        2.389957e-01
                7500        1.331690e-04        2.389933e-01
                7600        8.896400e-05        2.389933e-01
                7700        1.366190e-04        1.617086e-01
                7800        1.377720e-04        1.617086e-01
                7900        1.384880e-04        1.617086e-01
                8000        1.371930e-04        1.080176e-01
                8100        1.327530e-04        1.080176e-01
                8200        1.356100e-04        1.080176e-01
                8300        1.255330e-04        1.080176e-01
                8400        1.448080e-04        4.096828e-02
                8500        1.126250e-04        4.096020e-02
                8600        1.436120e-04        3.941272e-02
                8700        1.435200e-04        2.485719e-02
                8800        1.350520e-04        2.485719e-02
                8900        1.340720e-04        2.485719e-02
                9000        1.366220e-04        1.410931e-02
                9100        1.440740e-04        1.410931e-02
                9200        9.248100e-05        1.410931e-02
                9300        1.376920e-04        1.410931e-02
                9400        1.437850e-04        1.410931e-02
                9500        1.273550e-04        5.225019e-03
                9600        8.653800e-05        5.225459e-03
                9700        1.391960e-04        5.225140e-03
                9800        1.368560e-04        2.635293e-03
                9900        1.397180e-04        2.635418e-03
               10000        1.327100e-04        2.635293e-03
               10100        1.341270e-04        2.635471e-03
               10200        1.994480e-04        1.392766e-03
               10300        1.193280e-04        1.392765e-03
               10400        1.337520e-04        1.392766e-03
               10500        8.774300e-05        1.392766e-03
               10600        1.467800e-04        8.208386e-04
               10700        1.339520e-04        8.208632e-04
               10800        1.280340e-04        8.208666e-04
               10900        1.418130e-04        8.208666e-04
               11000        1.383140e-04        8.208666e-04
               11100        9.009000e-05        2.957827e-04
               11200        1.423820e-04        2.884495e-04
               11300        1.330290e-04        2.958942e-04
               11400        9.195100e-05        2.884402e-04
               11500        1.404080e-04        1.492370e-04
               11600        1.594830e-04        1.492370e-04
               11700        1.404680e-04        1.492370e-04
               11800        1.397940e-04        1.492370e-04
               11900        1.442360e-04        9.214499e-05
               12000        1.449220e-04        9.217875e-05
               12100        1.023940e-04        9.217763e-05
               12200        1.492090e-04        9.214499e-05
               12300        1.883150e-04        9.214499e-05
               12400        1.557440e-04        9.217875e-05
               12500        1.577830e-04        3.097649e-05
               12600        1.555770e-04        2.985921e-05
               12700        1.585910e-04        2.985921e-05
               12800        1.708520e-04        2.985921e-05
               12900        1.599730e-04        1.777989e-05
               13000        1.664200e-04        1.777989e-05
               13100        1.748280e-04        1.777989e-05
               13200        1.186490e-04        1.777989e-05
               13300        1.700860e-04        1.009657e-05
               13400        1.692430e-04        1.009657e-05
               13500        1.703430e-04        1.009657e-05
               13600        1.851200e-04        1.009657e-05
               13700        1.828130e-04        6.373013e-06
               13800        1.871440e-04        6.373013e-06
               13900        2.006670e-04        6.373013e-06
               14000        1.977340e-04        6.373013e-06
               14100        2.025710e-04        3.078369e-06
               14200        1.984280e-04        3.078243e-06
               14300        1.787940e-04        3.078369e-06
               14400        1.251370e-04        3.078369e-06
               14500        2.643190e-04        3.078243e-06
               14600        2.049220e-04        1.224648e-06
               14700        2.018470e-04        1.215129e-06
               14800        1.873690e-04        1.224806e-06
               14900        1.908670e-04        1.224809e-06
               15000        1.970330e-04        7.660472e-07
               15100        2.064110e-04        7.660472e-07
               15200        1.324110e-04        7.660524e-07
               15300        2.281360e-04        7.660524e-07
               15400        1.979470e-04        4.587168e-07
               15500        2.266010e-04        4.587316e-07
               15600        2.086760e-04        4.587316e-07
               15700        2.106470e-04        4.587316e-07
               15800        2.321790e-04        3.327394e-07
               15900        2.100500e-04        3.327394e-07
               16000        2.280230e-04        3.327394e-07
               16100        2.194930e-04        3.327394e-07
               16200        2.403260e-04        1.187472e-07
               16300        2.366040e-04        1.187519e-07
               16400        2.217690e-04        1.187372e-07
               16500        1.737290e-04        1.157257e-07
               16600        3.191080e-04        8.614305e-08
               16700        2.459060e-04        8.614305e-08
               16800        1.577230e-04        8.614305e-08
               16900        2.418800e-04        8.614305e-08
               17000        1.555650e-04        4.784659e-08
               17100        2.426460e-04        4.784976e-08
               17200        2.410650e-04        4.784976e-08
               17300        2.424650e-04        4.784659e-08
               17400        1.662800e-04        2.487543e-08
               17500        2.556540e-04        2.487489e-08
               17600        2.467850e-04        2.487491e-08
               17700        1.835360e-04        2.487489e-08
               17800        2.397340e-04        1.647443e-08
               17900        2.915000e-04        1.647443e-08
               18000        2.424450e-04        1.647443e-08
               18100        2.487040e-04        1.647443e-08
               18200        2.749710e-04        6.463977e-09
               18300        2.719120e-04        6.464832e-09
               18400        2.643580e-04        6.462534e-09
               18500        2.682580e-04        3.596543e-09
               18600        3.289340e-04        3.596543e-09
               18700        2.725770e-04        3.596543e-09
               18800        2.698950e-04        3.596543e-09
               18900        1.849150e-04        2.241281e-09
               19000        2.753240e-04        2.241281e-09
               19100        2.937370e-04        2.241281e-09
               19200        2.677010e-04        2.241281e-09
               19300        2.905560e-04        1.295387e-09
               19400        2.667100e-04        1.295387e-09
               19500        2.780370e-04        1.295387e-09
               19600        2.061000e-04        1.295387e-09
               19700        3.054040e-04        6.999698e-10
               19800        3.444060e-04        6.999698e-10
               19900        3.135270e-04        6.999698e-10
               20000        3.819100e-04        6.999698e-10
               20100        2.969360e-04        4.107316e-10
               20200        5.096820e-04        4.107434e-10
               20300        4.950670e-04        4.107434e-10
               20400        4.051140e-04        4.107366e-10
               20500        4.859680e-04        4.107316e-10
               20600        4.717270e-04        1.342869e-10
               20700        4.237870e-04        1.386114e-10
               20800        4.664550e-04        1.386087e-10
               20900        4.712450e-04        1.385943e-10
               21000        4.401210e-04        7.597837e-11
               21100        3.451410e-04        7.597837e-11
               21200        4.455230e-04        7.598320e-11
               21300        2.926800e-04        7.597837e-11
               21400        4.406230e-04        3.437941e-11
               21500        4.635280e-04        3.438039e-11
               21600        5.106010e-04        3.302800e-11
               21700        4.381000e-04        3.438890e-11
               21800        3.987960e-04        1.783332e-11
               21900        3.844030e-04        1.783332e-11
               22000        4.927830e-04        1.783332e-11
               22100        3.626570e-04        1.783332e-11
               22200        3.659000e-04        1.149767e-11
               22300        2.427760e-04        1.149767e-11
               22400        3.472360e-04        1.149767e-11
               22500        3.623970e-04        1.149768e-11
               22600        3.514530e-04        1.149767e-11
               22700        3.665340e-04        4.592121e-12
               22800        2.617450e-04        4.501603e-12
               22900        3.482710e-04        4.591685e-12
               23000        3.898300e-04        4.592038e-12
               23100        3.663230e-04        2.496159e-12
               23200        3.952620e-04        2.496095e-12
               23300        3.601670e-04        2.496159e-12
               23400        3.315690e-04        2.496159e-12
               23500        2.293060e-04        2.496095e-12
               23600        3.369360e-04        9.558875e-13
               23700        3.201950e-04        9.557124e-13
               23800        3.301720e-04        9.557215e-13
               23900        3.432150e-04        9.324759e-13
               24000        3.351450e-04        4.085027e-13
               24100        3.438430e-04        4.084902e-13
               24200        2.141260e-04        4.084902e-13
               24300        3.471960e-04        4.084902e-13
               24400        3.373270e-04        2.632126e-13
               24500        2.194230e-04        2.632126e-13
               24600        3.453320e-04        2.632126e-13
               24700        3.267960e-04        2.632126e-13
               24800        3.599250e-04        1.584210e-13
               24900        3.092640e-04        1.584210e-13
               25000        3.032960e-04        1.584210e-13
               25100        3.133500e-04        1.584210e-13
               25200        3.300250e-04        9.197497e-14
               25300        2.034880e-04        9.197497e-14
               25400        3.128880e-04        9.197940e-14
               25500        2.302640e-04        9.197497e-14
               25600        3.268760e-04        9.197497e-14
               25700        3.101740e-04        2.812510e-14
               25800        2.058750e-04        2.813478e-14
               25900        2.946600e-04        2.562766e-14
               26000        3.098410e-04        2.812951e-14
               26100        3.208330e-04        2.813478e-14
               26200        2.071810e-04        2.812510e-14
               26300        3.344930e-04        9.569828e-15
               26400        3.159220e-04        9.741259e-15
               26500        2.931760e-04        9.741915e-15
               26600        2.959010e-04        9.569828e-15
               26700        3.024340e-04        4.974502e-15
               26800        2.938870e-04        4.974549e-15
               26900        2.821050e-04        4.974502e-15
               27000        2.135120e-04        4.974619e-15
               27100        2.859100e-04        2.470695e-15
               27200        2.940670e-04        2.470695e-15
               27300        2.935140e-04        2.470695e-15
               27400        2.865620e-04        2.470695e-15
               27500        2.984890e-04        1.218854e-15
               27600        2.154800e-04        1.219186e-15
               27700        2.939810e-04        1.219099e-15
               27800        3.204170e-04        1.187410e-15
               27900        2.147920e-04        7.128567e-16
               28000        2.662760e-04        7.128561e-16
               28100        2.547810e-04        7.128561e-16
               28200        3.049490e-04        7.128567e-16
               28300        2.878470e-04        2.865612e-16
               28400        2.617830e-04        2.865541e-16
               28500        2.723320e-04        2.865297e-16
               28600        2.838700e-04        2.812839e-16
               28700        2.698820e-04        1.528737e-16
               28800        2.836610e-04        1.528738e-16
               28900        1.996650e-04        1.528738e-16
               29000        2.599210e-04        1.528738e-16
               29100        3.144710e-04        9.822870e-17
               29200        2.484190e-04        9.822856e-17
               29300        1.995410e-04        9.822856e-17
               29400        2.866400e-04        9.822856e-17
               29500        2.813290e-04        4.645144e-17
               29600        2.809330e-04        4.644702e-17
               29700        2.949620e-04        4.585498e-17
               29800        2.692530e-04        4.644883e-17
               29900        2.799440e-04        2.645016e-17
               30000        1.774780e-04        2.645016e-17
               30100        2.780890e-04        2.645016e-17
               30200        2.774420e-04        2.645016e-17
               30300        2.845550e-04        1.588357e-17
               30400        1.929710e-04        1.588357e-17
               30500        2.931150e-04        1.588357e-17
               30600        2.811950e-04        1.588308e-17
               30700        2.969900e-04        1.026664e-17
               30800        2.756670e-04        1.026622e-17
               30900        1.892940e-04        1.026627e-17
               31000        2.984600e-04        1.026664e-17
               31100        2.439870e-04        4.694088e-18
               31200        3.095730e-04        4.694088e-18
               31300        2.950120e-04        4.694088e-18
               31400        1.853170e-04        4.694088e-18
               31500        2.187300e-04        2.895661e-18
               31600        2.939240e-04        2.895661e-18
               31700        2.690920e-04        2.895661e-18
               31800        2.783780e-04        2.895661e-18
               31900        2.070960e-04        2.895661e-18
               32000        2.854540e-04        2.895661e-18
               32100        2.031120e-04        9.569828e-19
               32200        2.999040e-04        9.569828e-19
               32300        1.691470e-04        9.569828e-19
               32400        2.089740e-04        9.672606e-19
               32500        2.809520e-04        3.991924e-19
               32600        2.040720e-04        3.973412e-19
               32700        2.790570e-04        3.991691e-19
               32800        2.100940e-04        3.992041e-19
               32900        2.713500e-04        2.526924e-19
               33000        2.041300e-04        2.526924e-19
               33100        2.735970e-04        2.526924e-19
               33200        2.157870e-04        2.526932e-19
               33300        2.642170e-04        1.486415e-19
               33400        1.930160e-04        1.486415e-19
               33500        2.759360e-04        1.486415e-19
               33600        1.947210e-04        1.486415e-19
               33700        2.623470e-04        8.419291e-20
               33800        1.990570e-04        8.419291e-20
               33900        2.626720e-04        8.419771e-20
               34000        1.957960e-04        8.419291e-20
               34100        1.992970e-04        4.827882e-20
               34200        2.003650e-04        4.827882e-20
               34300        2.526120e-04        4.827882e-20
               34400        2.093510e-04        4.827882e-20
               34500        2.575790e-04        2.378066e-20
               34600        2.034610e-04        2.436266e-20
               34700        2.529680e-04        2.435432e-20
               34800        2.604920e-04        2.436036e-20
               34900        1.923130e-04        1.284307e-20
               35000        2.577340e-04        1.284307e-20
               35100        1.988100e-04        1.284307e-20
               35200        2.664890e-04        1.284307e-20
               35300        1.961950e-04        1.284307e-20
               35400        2.518610e-04        5.058992e-21
               35500        2.151250e-04        5.152164e-21
               35600        1.803440e-04        5.151258e-21
               35700        2.473870e-04        5.151364e-21
               35800        1.865900e-04        5.058992e-21
               35900        2.544190e-04        1.563206e-21
               36000        1.851810e-04        1.598532e-21
               36100        2.520990e-04        1.599069e-21
               36200        1.885100e-04        1.563206e-21
               36300        2.336020e-04        1.563206e-21
               36400        2.090850e-04        5.374531e-22
               36500        1.955320e-04        5.243595e-22
               36600        2.189540e-04        5.374861e-22
               36700        1.563400e-04        5.375571e-22
               36800        1.814230e-04        3.415544e-22
               36900        2.583520e-04        3.416279e-22
               37000        2.345210e-04        3.415544e-22
               37100        2.599670e-04        3.416278e-22
               37200        1.910900e-04        1.452503e-22
               37300        1.580080e-04        1.416724e-22
               37400        1.805340e-04        1.452414e-22
               37500        2.518950e-04        9.957997e-23
               37600        1.820130e-04        9.957997e-23
               37700        2.357560e-04        9.957997e-23
               37800        1.825760e-04        9.957997e-23
               37900        2.388820e-04        5.548810e-23
               38000        1.776550e-04        5.548725e-23
               38100        2.396420e-04        5.548725e-23
               38200        1.367030e-04        5.548810e-23
               38300        2.006710e-04        4.420847e-23
               38400        2.101070e-04        4.420847e-23
               38500        2.273590e-04        4.420847e-23
               38600        1.978040e-04        4.420847e-23
               38700        2.147270e-04        2.599937e-23
               38800        2.136090e-04        2.599937e-23
               38900        2.020980e-04        2.599925e-23
               39000        2.120480e-04        2.599937e-23
               39100        2.167230e-04        1.565174e-23
               39200        2.025550e-04        1.565174e-23
               39300        1.934480e-04        1.565158e-23
               39400        2.271320e-04        1.565174e-23
               39500        2.073790e-04        1.033612e-23
               39600        1.451930e-04        1.033612e-23
               39700        2.251680e-04        1.033569e-23
               39800        1.853680e-04        1.033612e-23
               39900        2.277920e-04        6.738310e-24
               40000        2.255710e-04        6.738299e-24
               40100        1.720190e-04        6.738863e-24
               40200        2.281030e-04        6.738299e-24
               40300        2.064250e-04        3.849238e-24
               40400        2.287270e-04        3.849238e-24
               40500        1.994210e-04        3.849238e-24
               40600        2.061390e-04        3.849238e-24
               40700        1.970480e-04        2.223801e-24
               40800        2.262930e-04        2.223853e-24
               40900        1.945520e-04        2.223760e-24
               41000        2.265910e-04        2.223760e-24
               41100        1.997250e-04        2.223853e-24
               41200        2.121590e-04        7.324889e-25
               41300        2.227210e-04        7.324549e-25
               41400        1.943090e-04        7.324110e-25
               41500        2.163910e-04        7.174209e-25
               41600        2.129780e-04        4.065900e-25
               41700        2.242200e-04        4.065900e-25
               41800        1.959830e-04        4.065908e-25
               41900        2.046630e-04        4.065908e-25
               42000        1.982070e-04        2.398665e-25
               42100        2.056740e-04        2.398665e-25
               42200        2.259600e-04        2.398665e-25
               42300        2.181710e-04        2.398665e-25
               42400        2.271350e-04        1.497757e-25
               42500        2.139140e-04        1.497757e-25
               42600        1.930190e-04        1.497702e-25
               42700        2.114020e-04        1.497702e-25
               42800        2.088400e-04        8.664345e-26
               42900        2.135100e-04        8.663340e-26
               43000        2.090370e-04        8.663340e-26
               43100        1.962530e-04        8.664345e-26
               43200        1.888340e-04        7.466809e-26
               43300        1.880380e-04        7.466809e-26
               43400        2.180300e-04        7.466809e-26
               43500        1.941630e-04        7.466809e-26
               43600        1.360740e-04        4.528825e-26
               43700        2.212720e-04        4.528825e-26
               43800        1.893820e-04        4.528825e-26
               43900        2.230310e-04        4.528825e-26
               44000        2.031700e-04        3.269763e-26
               44100        1.917160e-04        3.269763e-26
               44200        2.196740e-04        3.269763e-26
               44300        1.966330e-04        3.269763e-26
               44400        2.200400e-04        3.269763e-26
               44500        2.026030e-04        2.474947e-26
               44600        1.391630e-04        2.523977e-26
               44700        2.341420e-04        2.474947e-26
               44800        1.939370e-04        2.520111e-26
               44900        2.119700e-04        2.082700e-26
               45000        1.652570e-04        2.082700e-26
               45100        2.095880e-04        2.082700e-26
               45200        2.142340e-04        2.082700e-26
               45300        2.115980e-04        2.707154e-26
               45400        2.116380e-04        2.729878e-26
               45500        2.161100e-04        2.729770e-26
               45600        2.124090e-04        2.733191e-26
               45700        1.882180e-04        2.327632e-26
               45800        2.118660e-04        2.327632e-26
               45900        1.977730e-04        2.327746e-26
               46000        2.137580e-04        2.327632e-26
               46100        2.442670e-04        2.073917e-26
               46200        2.094110e-04        2.073917e-26
               46300        2.011920e-04        2.073917e-26
               46400        1.945060e-04        2.073917e-26
               46500        2.099140e-04        2.073917e-26
               46600        2.340090e-04        2.323330e-26
               46700        1.705700e-04        2.353976e-26
               46800        2.193170e-04        2.353976e-26
               46900        2.211740e-04        2.323394e-26
               47000        1.393430e-04        2.268899e-26
               47100        2.243140e-04        2.268899e-26
               47200        1.664420e-04        2.268899e-26
               47300        2.202310e-04        2.268899e-26
               47400        2.195910e-04        1.818205e-26
               47500        1.810940e-04        1.819152e-26
               47600        1.320790e-04        1.818205e-26
               47700        2.074780e-04        1.818205e-26
               47800        1.769990e-04        1.818205e-26
               47900        2.134330e-04        1.940015e-26
               48000        2.018780e-04        1.927683e-26
               48100        1.768440e-04        1.940024e-26
               48200        2.108500e-04        1.939654e-26
               48300        1.876770e-04        2.004351e-26
               48400        2.081510e-04        2.004213e-26
               48500        1.870360e-04        2.004351e-26
               48600        2.226330e-04        2.004213e-26
               48700        1.955940e-04        1.872606e-26
               48800        2.175710e-04        1.872606e-26
               48900        1.973440e-04        1.872606e-26
               49000        1.670480e-04        1.872606e-26
               49100        2.000480e-04        2.058901e-26
               49200        1.856750e-04        2.058901e-26
               49300        1.284950e-04        2.058901e-26
               49400        2.086120e-04        2.058901e-26
               49500        1.722360e-04        2.298722e-26
               49600        2.048620e-04        2.299785e-26
               49700        1.878750e-04        2.298959e-26
               49800        1.845200e-04        2.298959e-26
               49900        2.072120e-04        2.298959e-26
               50000        1.874010e-04        2.179697e-26
               50100        2.097190e-04        2.176348e-26
               50200        1.876730e-04        2.217951e-26
               50300        2.148320e-04        2.217951e-26
               50400        1.917640e-04        2.568311e-26
               50500        1.913610e-04        2.568311e-26
               50600        2.292690e-04        2.568311e-26
               50700        1.623930e-04        2.568311e-26
               50800        2.139610e-04        2.062146e-26
               50900        1.672360e-04        2.062146e-26
               51000        2.210510e-04        2.062146e-26
               51100        1.675100e-04        2.062146e-26
               51200        2.259610e-04        1.989999e-26
               51300        1.630410e-04        1.989999e-26
               51400        2.096920e-04        1.989999e-26
               51500        2.018980e-04        2.213492e-26
               51600        2.084650e-04        2.213492e-26
               51700        1.947700e-04        2.213492e-26
               51800        1.934240e-04        2.213492e-26
               51900        2.071280e-04        1.898820e-26
               52000        1.976690e-04        1.898820e-26
               52100        1.452530e-04        1.898820e-26
               52200        2.107310e-04        1.898820e-26
               52300        1.733640e-04        1.892992e-26
               52400        2.134520e-04        1.924263e-26
               52500        1.951930e-04        1.894225e-26
               52600        2.082880e-04        1.892929e-26
               52700        2.197730e-04        2.028280e-26
               52800        2.053580e-04        2.028280e-26
               52900        2.211220e-04        2.028280e-26
               53000        2.677250e-04        2.028280e-26
               53100        2.152810e-04        2.410616e-26
               53200        1.649130e-04        2.349080e-26
               53300        2.273140e-04        2.351832e-26
               53400        1.621240e-04        2.344047e-26
               53500        2.176160e-04        2.005518e-26
               53600        1.666040e-04        2.005420e-26
               53700        2.140780e-04        2.006919e-26
               53800        1.591700e-04        1.971831e-26
               53900        2.205970e-04        1.852071e-26
               54000        1.653150e-04        1.851835e-26
               54100        2.104910e-04        1.851835e-26
               54200        2.020260e-04        1.852071e-26
               54300        2.022650e-04        1.830753e-26
               54400        2.077520e-04        1.830753e-26
               54500        1.367190e-04        1.830753e-26
               54600        1.937070e-04        1.830753e-26
               54700        2.122500e-04        2.428314e-26
               54800        1.992830e-04        2.433649e-26
               54900        2.043790e-04        2.438782e-26
               55000        2.131950e-04        2.524595e-26
               55100        2.054040e-04        1.819161e-26
               55200        1.988190e-04        1.819161e-26
               55300        1.964810e-04        1.819161e-26
               55400        2.021870e-04        1.819161e-26
               55500        2.210860e-04        2.159710e-26
               55600        1.494540e-04        2.159783e-26
               55700        1.822520e-04        2.157499e-26
               55800        2.021300e-04        2.149541e-26
               55900        2.118450e-04        2.653353e-26
               56000        1.303650e-04        2.652850e-26
               56100        1.876870e-04        2.653353e-26
               56200        1.890150e-04        2.652850e-26
               56300        1.964110e-04        2.653353e-26
               56400        2.019030e-04        2.652850e-26
               56500        2.075150e-04        1.896475e-26
               56600        2.249160e-04        1.896002e-26
               56700        2.576860e-04        1.873996e-26
               56800        2.252040e-04        1.895695e-26
               56900        2.485290e-04        2.004581e-26
               57000        2.037470e-04        2.004581e-26
               57100        2.265430e-04        2.004187e-26
               57200        1.948070e-04        2.273051e-26
               57300        2.052090e-04        2.273051e-26
               57400        1.915470e-04        2.273051e-26
               57500        2.143260e-04        2.273051e-26
               57600        2.007450e-04        2.249387e-26
               57700        1.992680e-04        2.249387e-26
               57800        2.031910e-04        2.249387e-26
               57900        1.441170e-04        2.249387e-26
               58000        1.584630e-04        1.951491e-26
               58100        2.125100e-04        1.951491e-26
               58200        2.018730e-04        1.951491e-26
               58300        1.625370e-04        1.951491e-26
               58400        2.067290e-04        2.096967e-26
               58500        2.074080e-04        2.096336e-26
               58600        1.665490e-04        2.096336e-26
               58700        2.126430e-04        2.096967e-26
               58800        1.610140e-04        1.818430e-26
               58900        2.224850e-04        1.818430e-26
               59000        2.046780e-04        1.818430e-26
               59100        2.015130e-04        1.818430e-26
               59200        2.105280e-04        1.691273e-26
               59300        1.971420e-04        1.691273e-26
               59400        2.084340e-04        1.691273e-26
               59500        1.935850e-04        1.691273e-26
               59600        2.142890e-04        1.922443e-26
               59700        2.033820e-04        1.918490e-26
               59800        2.134900e-04        1.917945e-26
               59900        2.048210e-04        1.822622e-26
               60000        2.123630e-04        1.822622e-26
               60100        2.042080e-04        1.822622e-26
               60200        2.216590e-04        1.822622e-26
               60300        2.104310e-04        1.739169e-26
               60400        2.086200e-04        1.739169e-26
               60500        2.180040e-04        1.739169e-26
               60600        2.106370e-04        1.738853e-26
               60700        2.136060e-04        1.812701e-26
               60800        2.082580e-04        1.812701e-26
               60900        2.078620e-04        1.812701e-26
               61000        1.967770e-04        1.812701e-26
               61100        2.179030e-04        1.974348e-26
               61200        1.980900e-04        1.974348e-26
               61300        2.063490e-04        1.974348e-26
               61400        2.015180e-04        1.974348e-26
               61500        1.972570e-04        2.031592e-26
               61600        2.090610e-04        2.029277e-26
               61700        2.029540e-04        2.028383e-26
               61800        2.015510e-04        2.023937e-26
               61900        1.939140e-04        2.070954e-26
               62000        1.995960e-04        2.070954e-26
               62100        2.072760e-04        2.071033e-26
               62200        2.074360e-04        2.071033e-26
               62300        2.080890e-04        2.044148e-26
               62400        2.095280e-04        2.043766e-26
               62500        2.012500e-04        2.044063e-26
               62600        2.216450e-04        2.075773e-26
               62700        2.083520e-04        1.847633e-26
               62800        2.058530e-04        1.852824e-26
               62900        1.942620e-04        1.841088e-26
               63000        1.920360e-04        1.842370e-26
               63100        1.910840e-04        1.903893e-26
               63200        2.035830e-04        1.904110e-26
               63300        1.993500e-04        1.903893e-26
               63400        1.880560e-04        1.903893e-26
               63500        1.853690e-04        1.903893e-26
               63600        1.930140e-04        1.904110e-26
               63700        1.854760e-04        1.884949e-26
               63800        1.953340e-04        1.924568e-26
               63900        2.140160e-04        1.918478e-26
               64000        1.916880e-04        1.884949e-26
               64100        1.974780e-04        2.296241e-26
               64200        1.913500e-04        2.295925e-26
               64300        1.936010e-04        2.295925e-26
               64400        1.900670e-04        2.282991e-26
               64500        1.955740e-04        2.285316e-26
               64600        2.203660e-04        2.282710e-26
               64700        1.931440e-04        1.811974e-26
               64800        2.027000e-04        1.811974e-26
               64900        2.086010e-04        1.811974e-26
               65000        2.050280e-04        1.811974e-26
               65100        1.960950e-04        1.920132e-26
               65200        2.090970e-04        1.920132e-26
               65300        2.108400e-04        1.920132e-26
               65400        2.001170e-04        1.920132e-26
               65500        2.213110e-04        1.920132e-26
               65600        1.909400e-04        1.920233e-26
               65700        1.993840e-04        1.925546e-26
               65800        2.079250e-04        1.935164e-26
               65900        2.042030e-04        1.920233e-26
               66000        1.994020e-04        1.920233e-26
               66100        1.733440e-04        1.957882e-26
               66200        1.938170e-04        1.957542e-26
               66300        1.760920e-04        1.942490e-26
               66400        1.255630e-04        1.961556e-26
               66500        1.790720e-04        2.227593e-26
               66600        1.767780e-04        2.227515e-26
               66700        1.906550e-04        2.227515e-26
               66800        1.223150e-04        2.227593e-26
               66900        1.894990e-04        1.962881e-26
               67000        1.293880e-04        1.962802e-26
               67100        1.818960e-04        1.962955e-26
               67200        1.904210e-04        1.962802e-26
               67300        1.921380e-04        1.826135e-26
               67400        1.982430e-04        1.826135e-26
               67500        1.234380e-04        1.826135e-26
               67600        1.967860e-04        1.826135e-26
               67700        1.907970e-04        1.913588e-26
               67800        1.828980e-04        1.913588e-26
               67900        1.898700e-04        1.914002e-26
               68000        1.980450e-04        1.914002e-26
               68100        1.999230e-04        1.827099e-26
               68200        1.633530e-04        1.827099e-26
               68300        1.920750e-04        1.827099e-26
               68400        1.865100e-04        1.827099e-26
               68500        2.035170e-04        2.048760e-26
               68600        1.338950e-04        2.048760e-26
               68700        2.499810e-04        2.048760e-26
               68800        1.602410e-04        2.048760e-26
               68900        2.054440e-04        2.055387e-26
               69000        1.911720e-04        2.055387e-26
               69100        1.304340e-04        2.055387e-26
               69200        2.035970e-04        2.055387e-26
               69300        1.870740e-04        2.059926e-26
               69400        1.896760e-04        2.059926e-26
               69500        2.028690e-04        2.059926e-26
               69600        1.887190e-04        2.059926e-26
               69700        1.901330e-04        2.128891e-26
               69800        2.041120e-04        2.134299e-26
               69900        2.010480e-04        2.171845e-26
               70000        2.099040e-04        2.131218e-26
               70100        1.688110e-04        2.033705e-26
               70200        1.950120e-04        2.033705e-26
               70300        2.050740e-04        2.033705e-26
               70400        2.099790e-04        2.033705e-26
               70500        2.031820e-04        1.946823e-26
               70600        1.629400e-04        1.946823e-26
               70700        2.012090e-04        1.946823e-26
               70800        1.424100e-04        1.946823e-26
               70900        2.076720e-04        1.680651e-26
               71000        2.026020e-04        1.680641e-26
               71100        1.999020e-04        1.680641e-26
               71200        1.943200e-04        1.680641e-26
               71300        2.020370e-04        1.624369e-26
               71400        2.225840e-04        1.623333e-26
               71500        1.418650e-04        1.619188e-26
               71600        2.029980e-04        1.627146e-26
               71700        1.989860e-04        1.988957e-26
               71800        2.064120e-04        1.988957e-26
               71900        2.048980e-04        1.988957e-26
               72000        2.017340e-04        2.025979e-26
               72100        2.030110e-04        2.025979e-26
               72200        1.338060e-04        2.025979e-26
               72300        2.069970e-04        2.025979e-26
               72400        1.949980e-04        1.771808e-26
               72500        2.018560e-04        1.771808e-26
               72600        2.009710e-04        1.771808e-26
               72700        2.092440e-04        1.771808e-26
               72800        1.626300e-04        1.864383e-26
               72900        2.165860e-04        1.864383e-26
               73000        2.197520e-04        1.864383e-26
               73100        2.172250e-04        1.864383e-26
               73200        1.413960e-04        1.816791e-26
               73300        2.208180e-04        1.816791e-26
               73400        2.096730e-04        1.816791e-26
               73500        2.224760e-04        1.816791e-26
               73600        2.082230e-04        1.816791e-26
               73700        2.242110e-04        1.859660e-26
               73800        2.130720e-04        1.867144e-26
               73900        2.165910e-04        1.861213e-26
               74000        2.361250e-04        1.865362e-26
               74100        2.133590e-04        1.854263e-26
               74200        2.034470e-04        1.854255e-26
               74300        1.331360e-04        1.854255e-26
               74400        2.109320e-04        1.854255e-26
               74500        2.292410e-04        2.010980e-26
               74600        2.050050e-04        2.010980e-26
               74700        1.980960e-04        2.011567e-26
               74800        2.247510e-04        2.010980e-26
               74900        2.139820e-04        1.867467e-26
               75000        1.522760e-04        1.867388e-26
               75100        2.053810e-04        1.867388e-26
               75200        1.397840e-04        1.867440e-26
               75300        2.061270e-04        2.263794e-26
               75400        2.140370e-04        2.263888e-26
               75500        2.245120e-04        2.263518e-26
               75600        1.962200e-04        2.263794e-26
               75700        2.120270e-04        1.923045e-26
               75800        1.891690e-04        1.922623e-26
               75900        2.175030e-04        1.922860e-26
               76000        2.050890e-04        1.922860e-26
               76100        1.429020e-04        1.978744e-26
               76200        2.050430e-04        1.983222e-26
               76300        1.409240e-04        1.928778e-26
               76400        2.031950e-04        1.978518e-26
               76500        2.010420e-04        1.978518e-26
               76600        2.294530e-04        1.978744e-26
               76700        1.417820e-04        2.038053e-26
               76800        2.091750e-04        2.044464e-26
               76900        1.389590e-04        2.040753e-26
               77000        2.060670e-04        2.040753e-26
               77100        2.107510e-04        2.246071e-26
               77200        1.400210e-04        2.246071e-26
               77300        2.198590e-04        2.225463e-26
               77400        2.046810e-04        2.226463e-26
               77500        2.051490e-04        2.073647e-26
               77600        1.523020e-04        2.073726e-26
               77700        2.093780e-04        2.073726e-26
               77800        2.248840e-04        2.073647e-26
               77900        1.566410e-04        2.448287e-26
               78000        2.210620e-04        2.448045e-26
               78100        1.504300e-04        2.448287e-26
               78200        2.308840e-04        2.448045e-26
               78300        2.193270e-04        2.123081e-26
               78400        2.214980e-04        2.123160e-26
               78500        1.515700e-04        2.123081e-26
               78600        2.274290e-04        2.123160e-26
               78700        1.450090e-04        2.284424e-26
               78800        2.085030e-04        2.284424e-26
               78900        2.191720e-04        2.284660e-26
               79000        2.156090e-04        2.284424e-26
               79100        2.301030e-04        2.284660e-26
               79200        2.175780e-04        1.761611e-26
               79300        2.033520e-04        1.779296e-26
               79400        2.566060e-04        1.761234e-26
               79500        2.312710e-04        1.767009e-26
               79600        2.283260e-04        2.206645e-26
               79700        2.353930e-04        2.249605e-26
               79800        2.252100e-04        2.213497e-26
               79900        1.507950e-04        2.207409e-26
               80000        2.320140e-04        2.208155e-26
               80100        2.173210e-04        2.208017e-26
               80200        2.112790e-04        2.208155e-26
               80300        1.704550e-04        2.208017e-26
               80400        2.616030e-04        2.208155e-26
               80500        2.208480e-04        1.862717e-26
               80600        2.169840e-04        1.890874e-26
               80700        2.250350e-04        1.891916e-26
               80800        2.091150e-04        1.888123e-26
               80900        2.173950e-04        1.841417e-26
               81000        2.106270e-04        1.841417e-26
               81100        2.445960e-04        1.841417e-26
               81200        1.466170e-04        1.841417e-26
               81300        2.044140e-04        1.819706e-26
               81400        2.248660e-04        1.819706e-26
               81500        2.155630e-04        1.819706e-26
               81600        1.502810e-04        1.819706e-26
               81700        2.127470e-04        1.843540e-26
               81800        2.248400e-04        1.843574e-26
               81900        2.094390e-04        1.868303e-26
               82000        2.250220e-04        1.843076e-26
               82100        2.213900e-04        1.687822e-26
               82200        1.463600e-04        1.687822e-26
               82300        2.257730e-04        1.687822e-26
               82400        2.411010e-04        1.687822e-26
               82500        2.278420e-04        2.319857e-26
               82600        1.799680e-04        2.319857e-26
               82700        1.504390e-04        2.319857e-26
               82800        2.181040e-04        2.319857e-26
               82900        1.504940e-04        2.076574e-26
               83000        1.801430e-04        2.076574e-26
               83100        2.351880e-04        2.076574e-26
               83200        1.537370e-04        2.076574e-26
               83300        1.812540e-04        1.957489e-26
               83400        2.383130e-04        1.957489e-26
               83500        1.471270e-04        1.957489e-26
               83600        1.759330e-04        1.957489e-26
               83700        1.990770e-04        1.933917e-26
               83800        1.748950e-04        1.933996e-26
               83900        1.388900e-04        1.933996e-26
               84000        3.029030e-04        2.312340e-26
               84100        1.426720e-04        2.312340e-26
               84200        1.703540e-04        2.312340e-26
               84300        2.256620e-04        2.312340e-26
               84400        1.439140e-04        2.082815e-26
               84500        1.735430e-04        2.080392e-26
               84600        2.522420e-04        2.082591e-26
               84700        2.022790e-04        2.071725e-26
               84800        1.741900e-04        1.933118e-26
               84900        1.469170e-04        1.933118e-26
               85000        2.278810e-04        1.933118e-26
               85100        1.766790e-04        1.933118e-26
               85200        1.422700e-04        2.321897e-26
               85300        2.357860e-04        2.321897e-26
               85400        1.418070e-04        2.321897e-26
               85500        1.761060e-04        2.321897e-26
               85600        2.293300e-04        2.282963e-26
               85700        1.467440e-04        2.282963e-26
               85800        1.766230e-04        2.282963e-26
               85900        2.141410e-04        2.282963e-26
               86000        1.736610e-04        2.221535e-26
               86100        1.411480e-04        2.200048e-26
               86200        2.285700e-04        2.222120e-26
               86300        1.810760e-04        2.215747e-26
               86400        1.320010e-04        2.200048e-26
               86500        2.270730e-04        1.940366e-26
               86600        2.020020e-04        1.947858e-26
               86700        1.407880e-04        1.961082e-26
               86800        1.787770e-04        1.961082e-26
               86900        2.080850e-04        2.376467e-26
               87000        1.990220e-04        2.376258e-26
               87100        1.815630e-04        2.376688e-26
               87200        2.092960e-04        2.322579e-26
               87300        1.827350e-04        2.118845e-26
               87400        2.257790e-04        2.118845e-26
               87500        1.838720e-04        2.118845e-26
               87600        2.197880e-04        2.118845e-26
               87700        2.231370e-04        2.016411e-26
               87800        2.120730e-04        2.016411e-26
               87900        2.019610e-04        2.016411e-26
               88000        1.296910e-04        2.016411e-26
               88100        1.924590e-04        2.016411e-26
               88200        2.105930e-04        2.016411e-26
               88300        2.325490e-04        2.016411e-26
               88400        1.883390e-04        2.210541e-26
               88500        1.338540e-04        2.239179e-26
               88600        1.859840e-04        2.239179e-26
               88700        2.174910e-04        2.238843e-26
               88800        1.796800e-04        2.160737e-26
               88900        2.180390e-04        2.160737e-26
               89000        1.839520e-04        2.160737e-26
               89100        2.152720e-04        2.160737e-26
               89200        1.832700e-04        2.212894e-26
               89300        2.148310e-04        2.212894e-26
               89400        1.946730e-04        2.212894e-26
               89500        1.985330e-04        2.212894e-26
               89600        1.970130e-04        2.040582e-26
               89700        2.029770e-04        2.040323e-26
               89800        1.985240e-04        2.021037e-26
               89900        2.046630e-04        2.117150e-26
               90000        2.160520e-04        2.116434e-26
               90100        2.203020e-04        2.111067e-26
               90200        2.091900e-04        2.158374e-26
               90300        2.181410e-04        1.672535e-26
               90400        2.097550e-04        1.639634e-26
               90500        2.085410e-04        1.655914e-26
               90600        2.245830e-04        1.670722e-26
               90700        1.909780e-04        1.636157e-26
               90800        1.853930e-04        1.636157e-26
               90900        1.844960e-04        1.636157e-26
               91000        1.791070e-04        1.636157e-26
               91100        1.795030e-04        1.617825e-26
               91200        1.817630e-04        1.617825e-26
               91300        1.794390e-04        1.617825e-26
               91400        1.789860e-04        1.617825e-26
               91500        1.784280e-04        1.820885e-26
               91600        1.779250e-04        1.820885e-26
               91700        1.803210e-04        1.820885e-26
               91800        1.786530e-04        1.820885e-26
               91900        1.803150e-04        1.885514e-26
               92000        1.795250e-04        1.885514e-26
               92100        1.662620e-04        1.885514e-26
               92200        1.748150e-04        1.885514e-26
               92300        1.758190e-04        1.772549e-26
               92400        1.703050e-04        1.772549e-26
               92500        1.724660e-04        1.772864e-26
               92600        1.748600e-04        1.772549e-26
               92700        1.744220e-04        2.150323e-26
               92800        1.745800e-04        2.151803e-26
               92900        1.749910e-04        2.155885e-26
               93000        1.765560e-04        2.131164e-26
               93100        2.281620e-04        2.253267e-26
               93200        1.674610e-04        2.253470e-26
               93300        1.664350e-04        2.253234e-26
               93400        1.664200e-04        2.254180e-26
               93500        1.672070e-04        2.065753e-26
               93600        1.667580e-04        2.065891e-26
               93700        1.623230e-04        2.065753e-26
               93800        1.655820e-04        2.065753e-26
               93900        1.705510e-04        2.542104e-26
               94000        1.655610e-04        2.497436e-26
               94100        1.620090e-04        2.487119e-26
               94200        1.616990e-04        2.486705e-26
               94300        1.619890e-04        2.058838e-26
               94400        1.619480e-04        2.058838e-26
               94500        1.592700e-04        2.058838e-26
               94600        1.615930e-04        2.058838e-26
               94700        1.609010e-04        1.870174e-26
               94800        1.614120e-04        1.870174e-26
               94900        1.610580e-04        1.870174e-26
               95000        1.609120e-04        1.870174e-26
               95100        1.889730e-04        1.580617e-26
               95200        1.850120e-04        1.580617e-26
               95300        1.572000e-04        1.580617e-26
               95400        1.563630e-04        1.579907e-26
               95500        1.559070e-04        2.054582e-26
               95600        1.597890e-04        2.081678e-26
               95700        1.563770e-04        2.054118e-26
               95800        1.486650e-04        2.054033e-26
               95900        9.453600e-05        2.400325e-26
               96000        9.799500e-05        2.344386e-26
               96100        9.551800e-05        2.411065e-26
               96200        9.752900e-05        2.482551e-26
               96300        9.187600e-05        2.482551e-26
               96400        9.308400e-05        2.482551e-26
               96500        9.232200e-05        2.482551e-26
               96600        9.031700e-05        2.482551e-26
               96700        9.233100e-05        2.139277e-26
               96800        9.092600e-05        2.178944e-26
               96900        9.071800e-05        2.167356e-26
               97000        9.078300e-05        2.167356e-26
               97100        9.197800e-05        2.279700e-26
               97200        9.235500e-05        2.277496e-26
               97300        9.158700e-05        2.366252e-26
               97400        9.170800e-05        2.366960e-26
               97500        9.148900e-05        2.239538e-26
               97600        9.419000e-05        2.240617e-26
               97700        9.958700e-05        2.169447e-26
               97800        9.375500e-05        2.169605e-26
               97900        8.953100e-05        2.048980e-26
               98000        8.849700e-05        2.048653e-26
               98100        9.135300e-05        2.257510e-26
               98200        9.002200e-05        2.256327e-26
               98300        8.869200e-05        1.977205e-26
               98400        8.706600e-05        1.948878e-26
               98500        9.836400e-05        1.949292e-26
               98600        9.597500e-05        1.997373e-26
               98700        8.270200e-05        1.996999e-26
               98800        9.678900e-05        2.064065e-26
               98900        9.705400e-05        2.064065e-26
               99000        9.469800e-05        1.909486e-26
               99100        9.381200e-05        1.908779e-26
               99200        9.238400e-05        1.967661e-26
               99300        9.356100e-05        1.967661e-26
               99400        9.414500e-05        1.835016e-26
               99500        9.342300e-05        1.835591e-26
               99600        9.442500e-05        1.858197e-26
               99700        9.532900e-05        1.858197e-26
               99800        9.375100e-05        1.809383e-26
               99900        9.361300e-05        1.809420e-26
              100000        9.609700e-05        1.896673e-26
