Period: 100
               Epoch           Time cost                Loss
                 100        1.995310e-04        4.721337e+04
                 200        1.730710e-04        4.367237e+04
                 300        1.421150e-04        4.103326e+04
                 400        1.439950e-04        3.939851e+04
                 500        1.559300e-04        3.737044e+04
                 600        1.614160e-04        3.662431e+04
                 700        1.619570e-04        3.621275e+04
                 800        1.613910e-04        3.454661e+04
                 900        1.554460e-04        3.448707e+04
                1000        1.623450e-04        3.417847e+04
                1100        1.794200e-04        3.411095e+04
                1200        1.650390e-04        2.504290e+04
                1300        1.597180e-04        2.159329e+04
                1400        1.596650e-04        1.915008e+04
                1500        1.598400e-04        1.854989e+04
                1600        1.598610e-04        1.825855e+04
                1700        1.589460e-04        1.818150e+04
                1800        1.588460e-04        1.789220e+04
                1900        1.628130e-04        1.793224e+04
                2000        1.588100e-04        1.804065e+04
                2100        1.794990e-04        1.795453e+04
                2200        1.610820e-04        1.477301e+04
                2300        1.589060e-04        1.332500e+04
                2400        1.599060e-04        1.286992e+04
                2500        1.511580e-04        1.245051e+04
                2600        1.599190e-04        1.230832e+04
                2700        1.607770e-04        1.227306e+04
                2800        1.592470e-04        1.228810e+04
                2900        3.145000e-04        1.230068e+04
                3000        3.107640e-04        1.195190e+04
                3100        2.292120e-04        1.195190e+04
                3200        2.214880e-04        1.423767e+04
                3300        2.025070e-04        1.095749e+04
                3400        2.124700e-04        1.008474e+04
                3500        2.033980e-04        9.919065e+03
                3600        2.059110e-04        8.916895e+03
                3700        2.118360e-04        8.506233e+03
                3800        2.022060e-04        8.056420e+03
                3900        2.062520e-04        7.996092e+03
                4000        2.269850e-04        7.720983e+03
                4100        2.021010e-04        7.523307e+03
                4200        3.475840e-04        7.633165e+03
                4300        2.715010e-04        7.633011e+03
                4400        2.380860e-04        7.633011e+03
                4500        8.631010e-04        7.637038e+03
                4600        2.084920e-04        7.633165e+03
                4700        2.428840e-04        6.727105e+03
                4800        1.787980e-04        6.260600e+03
                4900        2.361190e-04        6.248521e+03
                5000        1.661140e-04        6.246400e+03
                5100        2.167941e-03        5.252607e+03
                5200        2.382840e-04        5.268804e+03
                5300        2.409060e-04        4.924558e+03
                5400        2.498690e-04        4.923029e+03
                5500        2.621350e-04        4.896486e+03
                5600        2.888430e-04        4.470024e+03
                5700        2.500370e-04        4.474369e+03
                5800        5.960900e-04        4.470555e+03
                5900        2.568930e-04        4.064299e+03
                6000        3.741990e-04        4.063160e+03
                6100        1.991140e-04        4.030448e+03
                6200        2.948730e-04        3.446671e+03
                6300        2.591460e-04        3.447582e+03
                6400        1.796970e-04        3.191785e+03
                6500        2.505180e-04        3.190420e+03
                6600        2.568580e-04        3.190149e+03
                6700        7.065650e-04        3.192162e+03
                6800        1.112641e-03        2.699201e+03
                6900        2.640030e-04        2.695709e+03
                7000        2.535690e-04        2.409191e+03
                7100        2.712200e-04        2.203543e+03
                7200        2.182950e-04        2.185649e+03
                7300        2.894010e-04        1.994370e+03
                7400        2.577080e-04        2.034086e+03
                7500        2.995720e-04        1.818733e+03
                7600        2.568610e-04        1.779762e+03
                7700        2.371740e-04        1.554939e+03
                7800        2.287990e-04        1.554956e+03
                7900        2.006690e-04        1.533516e+03
                8000        1.531630e-04        1.438551e+03
                8100        2.984960e-04        1.439708e+03
                8200        2.739650e-04        1.439636e+03
                8300        2.222130e-04        1.761592e+03
                8400        2.207840e-04        1.370068e+03
                8500        3.022460e-04        1.374726e+03
                8600        2.198330e-04        1.264835e+03
                8700        2.933700e-04        1.264700e+03
                8800        2.239050e-04        1.266987e+03
                8900        2.898990e-04        1.273688e+03
                9000        2.762070e-04        1.142026e+03
                9100        2.426680e-04        1.146373e+03
                9200        2.746970e-04        1.146516e+03
                9300        2.826050e-04        1.054953e+03
                9400        2.239390e-04        1.055021e+03
                9500        2.806310e-04        1.046435e+03
                9600        2.910960e-04        9.813832e+02
                9700        2.195730e-04        9.808033e+02
                9800        2.827610e-04        9.597155e+02
                9900        2.233620e-04        9.610802e+02
               10000        3.248050e-04        9.372209e+02
               10100        2.001110e-04        9.372209e+02
               10200        2.740230e-04        1.146373e+03
               10300        3.092250e-04        7.988414e+02
               10400        2.474690e-04        7.967434e+02
               10500        2.363920e-04        7.444949e+02
               10600        1.868160e-04        7.452713e+02
               10700        2.703020e-04        7.967434e+02
               10800        2.408660e-04        7.967434e+02
               10900        2.944600e-04        6.824922e+02
               11000        2.663760e-04        9.372209e+02
               11100        2.846820e-04        6.829863e+02
               11200        2.609950e-04        6.210283e+02
               11300        2.771830e-04        5.831068e+02
               11400        2.871640e-04        5.443194e+02
               11500        2.761280e-04        4.964177e+02
               11600        2.917710e-04        4.974527e+02
               11700        2.704310e-04        4.952094e+02
               11800        2.501370e-04        4.951234e+02
               11900        2.694950e-04        4.660626e+02
               12000        3.133510e-04        4.194064e+02
               12100        2.895810e-04        4.016739e+02
               12200        2.521940e-04        3.739768e+02
               12300        2.885480e-04        3.715111e+02
               12400        2.696240e-04        3.570409e+02
               12500        2.771730e-04        3.476097e+02
               12600        2.918150e-04        3.373999e+02
               12700        2.816620e-04        3.371237e+02
               12800        2.453070e-04        7.452713e+02
               12900        2.780560e-04        3.137545e+02
               13000        2.576140e-04        2.818032e+02
               13100        1.774350e-04        2.816684e+02
               13200        2.769020e-04        3.371237e+02
               13300        1.657930e-04        2.712507e+02
               13400        2.704930e-04        2.714672e+02
               13500        1.898120e-04        2.612758e+02
               13600        2.875020e-04        2.551057e+02
               13700        2.472450e-04        2.552009e+02
               13800        2.498630e-04        2.418975e+02
               13900        3.067520e-04        2.237000e+02
               14000        3.001420e-04        2.243797e+02
               14100        2.405440e-04        2.114311e+02
               14200        2.345310e-04        1.959897e+02
               14300        1.918590e-04        1.814366e+02
               14400        2.479470e-04        1.794561e+02
               14500        1.640110e-04        1.794045e+02
               14600        2.746710e-04        1.794554e+02
               14700        2.002450e-04        1.794748e+02
               14800        2.766400e-04        1.943123e+02
               14900        2.309700e-04        1.681638e+02
               15000        2.597600e-04        1.616307e+02
               15100        2.017450e-04        1.618203e+02
               15200        2.225110e-04        1.618223e+02
               15300        2.399910e-04        1.618219e+02
               15400        2.316650e-04        1.498562e+02
               15500        1.962360e-04        1.464424e+02
               15600        2.227010e-04        1.431431e+02
               15700        1.955780e-04        1.364190e+02
               15800        2.350730e-04        1.303034e+02
               15900        2.401540e-04        1.302254e+02
               16000        2.371010e-04        1.307818e+02
               16100        2.281630e-04        1.200226e+02
               16200        2.168840e-04        1.136322e+02
               16300        2.696470e-04        1.134976e+02
               16400        2.673010e-04        1.133693e+02
               16500        2.937770e-04        1.136370e+02
               16600        2.376370e-04        1.106136e+02
               16700        3.535270e-04        1.099157e+02
               16800        2.604180e-04        9.710422e+01
               16900        3.111230e-04        9.734921e+01
               17000        2.474710e-04        8.982177e+01
               17100        3.072400e-04        8.985062e+01
               17200        2.220010e-04        8.976817e+01
               17300        2.823600e-04        8.808975e+01
               17400        2.497610e-04        8.850464e+01
               17500        2.929990e-04        8.850464e+01
               17600        2.587170e-04        7.455381e+01
               17700        3.078000e-04        7.072049e+01
               17800        2.620110e-04        7.071747e+01
               17900        2.885930e-04        6.458224e+01
               18000        2.179990e-04        6.415614e+01
               18100        2.767060e-04        6.096718e+01
               18200        2.312030e-04        6.258185e+01
               18300        3.263470e-04        5.865704e+01
               18400        2.960750e-04        5.614263e+01
               18500        3.699080e-04        5.263774e+01
               18600        2.748330e-04        5.002793e+01
               18700        3.063870e-04        4.693467e+01
               18800        2.861580e-04        4.684413e+01
               18900        2.879820e-04        4.540699e+01
               19000        2.646540e-04        4.535404e+01
               19100        3.064750e-04        4.541326e+01
               19200        2.784060e-04        4.534978e+01
               19300        2.684170e-04        4.542191e+01
               19400        2.803810e-04        4.542830e+01
               19500        2.427690e-04        5.823094e+01
               19600        3.000420e-04        4.564200e+01
               19700        3.199560e-04        4.525266e+01
               19800        3.160680e-04        3.948532e+01
               19900        3.789130e-04        3.948606e+01
               20000        2.515320e-04        3.948176e+01
               20100        2.885580e-04        3.946451e+01
               20200        3.671770e-04        3.895518e+01
               20300        2.762500e-04        3.895521e+01
               20400        3.017630e-04        4.538817e+01
               20500        2.902690e-04        4.024744e+01
               20600        2.327960e-04        4.024744e+01
               20700        2.309900e-04        3.827774e+01
               20800        2.885350e-04        3.805849e+01
               20900        2.357780e-04        3.669974e+01
               21000        2.585130e-04        3.683646e+01
               21100        2.167310e-04        3.678333e+01
               21200        2.589000e-04        3.677628e+01
               21300        3.346950e-04        3.677115e+01
               21400        2.842720e-04        3.336065e+01
               21500        2.762900e-04        3.210680e+01
               21600        2.511210e-04        3.168575e+01
               21700        2.964470e-04        2.732469e+01
               21800        2.459490e-04        2.773286e+01
               21900        2.683230e-04        2.773547e+01
               22000        3.861670e-04        2.773779e+01
               22100        2.766070e-04        2.773434e+01
               22200        1.764340e-04        2.670304e+01
               22300        2.881120e-04        2.675416e+01
               22400        2.678100e-04        2.609268e+01
               22500        2.863820e-04        2.608479e+01
               22600        3.004710e-04        2.608966e+01
               22700        3.025820e-04        2.607828e+01
               22800        2.839180e-04        2.556027e+01
               22900        1.950700e-04        2.545832e+01
               23000        2.519300e-04        2.457419e+01
               23100        3.553220e-04        2.456991e+01
               23200        3.420990e-04        2.456928e+01
               23300        2.817200e-04        2.457277e+01
               23400        2.834820e-04        2.420656e+01
               23500        3.341330e-04        2.393451e+01
               23600        3.348950e-04        2.300316e+01
               23700        4.050720e-04        2.300726e+01
               23800        3.109890e-04        2.300364e+01
               23900        2.599430e-04        2.297037e+01
               24000        3.306120e-04        2.100078e+01
               24100        2.236110e-04        2.016625e+01
               24200        3.287350e-04        1.954093e+01
               24300        2.635240e-04        1.959993e+01
               24400        3.134880e-04        1.976703e+01
               24500        2.554190e-04        1.966084e+01
               24600        3.090370e-04        1.966591e+01
               24700        2.806300e-04        1.852902e+01
               24800        7.958460e-04        1.805473e+01
               24900        2.314010e-04        1.659660e+01
               25000        2.979040e-04        1.640409e+01
               25100        2.904040e-04        1.640418e+01
               25200        2.530080e-04        1.645950e+01
               25300        6.959090e-04        1.530527e+01
               25400        3.077820e-04        1.530749e+01
               25500        2.405800e-04        1.476888e+01
               25600        3.003790e-04        1.425356e+01
               25700        2.464170e-04        1.418379e+01
               25800        2.989960e-04        1.379191e+01
               25900        2.194410e-04        1.356373e+01
               26000        2.891110e-04        1.353234e+01
               26100        3.085740e-04        1.356901e+01
               26200        5.620230e-04        1.343997e+01
               26300        3.016870e-04        1.275328e+01
               26400        2.424940e-04        1.272824e+01
               26500        1.836670e-04        1.273265e+01
               26600        2.801630e-04        1.273215e+01
               26700        5.515380e-04        1.252221e+01
               26800        5.752400e-04        1.228483e+01
               26900        2.760320e-04        1.227954e+01
               27000        2.225430e-04        1.227959e+01
               27100        3.001450e-04        1.224655e+01
               27200        5.754720e-04        1.158152e+01
               27300        2.473040e-04        1.174798e+01
               27400        3.093300e-04        1.111445e+01
               27500        2.245420e-04        1.110114e+01
               27600        3.213560e-04        1.110214e+01
               27700        2.503700e-04        1.111285e+01
               27800        3.102990e-04        1.017831e+01
               27900        2.619130e-04        1.016235e+01
               28000        2.724520e-04        1.015194e+01
               28100        3.099920e-04        1.015154e+01
               28200        3.164050e-04        1.015946e+01
               28300        3.087330e-04        9.579426e+00
               28400        3.203220e-04        9.554736e+00
               28500        3.786070e-04        8.851146e+00
               28600        2.917280e-04        8.897859e+00
               28700        2.956040e-04        8.898233e+00
               28800        3.563170e-04        8.896977e+00
               28900        2.786520e-04        8.196360e+00
               29000        3.001120e-04        8.195198e+00
               29100        3.152810e-04        8.013145e+00
               29200        3.476330e-04        8.010536e+00
               29300        3.341690e-04        8.013620e+00
               29400        2.890950e-04        7.811387e+00
               29500        2.385360e-04        7.721177e+00
               29600        3.105930e-04        7.720979e+00
               29700        2.933290e-04        7.720314e+00
               29800        2.982300e-04        7.264845e+00
               29900        3.294670e-04        6.905634e+00
               30000        2.696950e-04        6.900360e+00
               30100        3.318970e-04        6.900191e+00
               30200        2.544520e-04        6.599498e+00
               30300        3.555790e-04        6.276471e+00
               30400        2.403780e-04        6.277760e+00
               30500        3.359500e-04        6.276451e+00
               30600        3.892140e-04        6.232236e+00
               30700        3.216130e-04        6.228205e+00
               30800        2.741500e-04        6.228760e+00
               30900        3.000520e-04        6.154902e+00
               31000        3.109570e-04        6.006993e+00
               31100        3.071960e-04        6.010820e+00
               31200        4.452470e-04        6.010066e+00
               31300        3.159050e-04        6.006993e+00
               31400        2.536280e-04        5.635962e+00
               31500        2.416710e-04        5.361596e+00
               31600        2.646480e-04        5.351330e+00
               31700        2.926750e-04        5.344120e+00
               31800        2.807970e-04        5.344290e+00
               31900        3.139260e-04        5.155101e+00
               32000        2.695740e-04        5.156882e+00
               32100        2.802080e-04        4.866451e+00
               32200        3.134060e-04        4.906141e+00
               32300        2.691570e-04        4.478644e+00
               32400        2.992360e-04        4.481848e+00
               32500        2.664240e-04        4.481816e+00
               32600        2.766110e-04        4.481979e+00
               32700        2.733550e-04        4.480920e+00
               32800        2.568680e-04        4.484320e+00
               32900        2.814480e-04        4.150172e+00
               33000        2.670920e-04        3.953498e+00
               33100        2.822820e-04        4.105915e+00
               33200        3.309750e-04        3.744645e+00
               33300        2.134470e-04        3.748090e+00
               33400        3.029800e-04        3.747677e+00
               33500        2.325070e-04        3.734430e+00
               33600        2.564010e-04        3.820757e+00
               33700        1.960350e-04        3.402133e+00
               33800        3.220250e-04        3.366359e+00
               33900        2.035390e-04        3.431816e+00
               34000        2.394500e-04        3.352222e+00
               34100        2.775660e-04        3.265231e+00
               34200        2.425790e-04        3.145833e+00
               34300        3.207520e-04        3.150460e+00
               34400        3.690860e-04        2.801481e+00
               34500        2.705850e-04        2.795936e+00
               34600        2.763040e-04        2.554690e+00
               34700        2.919680e-04        2.429572e+00
               34800        2.886360e-04        2.426958e+00
               34900        2.906480e-04        2.429444e+00
               35000        3.769850e-04        2.429691e+00
               35100        3.632880e-04        2.398133e+00
               35200        2.976930e-04        2.379336e+00
               35300        3.818080e-04        2.158778e+00
               35400        2.824040e-04        2.101815e+00
               35500        2.832000e-04        2.104824e+00
               35600        2.794430e-04        2.099510e+00
               35700        6.771680e-04        2.099898e+00
               35800        2.352650e-04        2.398133e+00
               35900        2.958940e-04        2.193312e+00
               36000        2.916100e-04        1.873101e+00
               36100        2.623960e-04        1.874275e+00
               36200        3.115740e-04        1.875823e+00
               36300        2.486840e-04        1.875255e+00
               36400        2.917780e-04        1.896858e+00
               36500        2.154210e-04        1.894757e+00
               36600        2.986110e-04        1.896140e+00
               36700        2.373440e-04        1.875823e+00
               36800        2.400150e-04        1.838105e+00
               36900        2.364880e-04        1.837774e+00
               37000        2.447240e-04        1.979709e+00
               37100        1.943860e-04        1.510506e+00
               37200        2.458750e-04        1.532325e+00
               37300        2.065170e-04        1.533235e+00
               37400        2.778490e-04        1.534563e+00
               37500        2.167620e-04        1.533270e+00
               37600        2.719450e-04        1.533235e+00
               37700        2.026410e-04        1.628253e+00
               37800        3.345010e-04        1.357450e+00
               37900        2.472530e-04        1.314581e+00
               38000        3.138000e-04        1.236791e+00
               38100        2.458160e-04        1.239582e+00
               38200        2.651130e-04        1.238901e+00
               38300        2.312580e-04        1.240243e+00
               38400        2.737620e-04        1.230893e+00
               38500        2.479850e-04        1.236522e+00
               38600        2.675530e-04        1.216121e+00
               38700        2.037010e-04        1.188298e+00
               38800        2.733780e-04        1.183351e+00
               38900        2.035870e-04        1.064083e+00
               39000        2.765700e-04        1.065966e+00
               39100        2.009860e-04        1.065265e+00
               39200        2.490230e-04        1.066075e+00
               39300        3.265840e-04        1.070493e+00
               39400        2.848900e-04        9.751573e-01
               39500        2.652110e-04        9.921724e-01
               39600        2.844910e-04        9.960428e-01
               39700        3.118840e-04        9.831316e-01
               39800        2.987650e-04        9.220668e-01
               39900        2.800780e-04        9.215984e-01
               40000        2.853820e-04        9.220211e-01
               40100        2.475190e-04        9.226045e-01
               40200        2.600710e-04        8.822113e-01
               40300        2.490300e-04        8.349152e-01
               40400        2.581910e-04        8.352579e-01
               40500        2.754890e-04        8.353643e-01
               40600        2.374800e-04        8.353861e-01
               40700        2.471700e-04        8.220713e-01
               40800        2.379310e-04        8.193799e-01
               40900        2.624420e-04        8.194509e-01
               41000        2.366530e-04        8.072777e-01
               41100        2.514050e-04        8.045423e-01
               41200        2.483600e-04        8.036559e-01
               41300        2.701350e-04        8.044450e-01
               41400        2.637230e-04        7.990672e-01
               41500        3.082290e-04        8.000033e-01
               41600        3.080520e-04        7.790985e-01
               41700        2.803100e-04        7.206054e-01
               41800        5.493120e-04        7.211608e-01
               41900        2.734180e-04        7.182369e-01
               42000        2.703990e-04        7.229232e-01
               42100        3.657450e-04        7.205693e-01
               42200        2.519090e-04        6.921930e-01
               42300        3.343090e-04        6.833082e-01
               42400        2.698850e-04        6.469691e-01
               42500        3.296700e-04        6.174753e-01
               42600        2.536260e-04        6.177411e-01
               42700        3.421830e-04        6.177557e-01
               42800        2.573030e-04        6.177523e-01
               42900        2.674170e-04        6.099017e-01
               43000        3.564240e-04        5.871508e-01
               43100        6.033330e-04        5.863952e-01
               43200        2.504600e-04        5.863230e-01
               43300        2.796280e-04        5.646675e-01
               43400        2.327660e-04        5.508948e-01
               43500        2.859090e-04        4.697330e-01
               43600        2.089670e-04        4.705325e-01
               43700        2.785330e-04        4.644619e-01
               43800        2.011820e-04        4.630270e-01
               43900        2.437480e-04        4.539720e-01
               44000        2.068900e-04        4.512567e-01
               44100        2.599340e-04        4.465716e-01
               44200        2.036340e-04        4.493153e-01
               44300        2.811030e-04        4.370647e-01
               44400        2.232270e-04        4.389874e-01
               44500        2.672890e-04        4.391351e-01
               44600        2.227440e-04        4.238234e-01
               44700        3.014530e-04        4.244564e-01
               44800        2.715970e-04        3.951406e-01
               44900        2.600590e-04        3.645423e-01
               45000        2.861130e-04        3.640524e-01
               45100        3.279090e-04        3.642195e-01
               45200        2.596110e-04        3.641324e-01
               45300        2.852620e-04        3.487290e-01
               45400        2.891570e-04        3.490508e-01
               45500        2.589720e-04        3.490984e-01
               45600        2.923050e-04        3.439520e-01
               45700        2.975610e-04        3.906459e-01
               45800        2.471340e-04        3.156976e-01
               45900        2.912920e-04        3.166270e-01
               46000        3.102910e-04        3.163785e-01
               46100        3.024810e-04        3.200609e-01
               46200        3.004280e-04        2.973411e-01
               46300        3.069670e-04        2.945513e-01
               46400        2.664480e-04        2.945341e-01
               46500        3.160710e-04        2.777292e-01
               46600        2.640550e-04        2.811037e-01
               46700        3.144210e-04        2.755546e-01
               46800        2.985580e-04        2.756046e-01
               46900        3.227030e-04        2.686251e-01
               47000        3.002550e-04        2.612793e-01
               47100        3.327910e-04        2.618078e-01
               47200        3.092280e-04        2.611230e-01
               47300        2.548600e-04        2.612181e-01
               47400        3.287580e-04        2.517014e-01
               47500        2.727080e-04        2.519707e-01
               47600        3.283890e-04        2.520710e-01
               47700        2.842300e-04        2.458457e-01
               47800        3.249970e-04        2.374340e-01
               47900        3.045790e-04        2.376980e-01
               48000        3.351800e-04        2.432989e-01
               48100        2.877000e-04        2.367561e-01
               48200        3.216580e-04        2.367794e-01
               48300        2.609260e-04        2.368974e-01
               48400        3.007570e-04        2.368991e-01
               48500        3.043260e-04        2.368489e-01
               48600        2.893530e-04        2.367926e-01
               48700        4.126470e-04        2.372043e-01
               48800        3.036820e-04        2.105437e-01
               48900        3.363630e-04        1.894710e-01
               49000        2.805970e-04        1.918755e-01
               49100        3.138060e-04        1.918487e-01
               49200        3.269250e-04        1.919818e-01
               49300        3.217410e-04        1.918386e-01
               49400        2.930760e-04        1.917853e-01
               49500        3.815810e-04        1.919098e-01
               49600        3.086770e-04        1.766447e-01
               49700        3.044690e-04        1.775959e-01
               49800        3.256260e-04        1.774217e-01
               49900        3.067550e-04        1.775968e-01
               50000        3.033440e-04        1.772303e-01
               50100        3.002960e-04        1.776314e-01
               50200        3.264050e-04        1.625600e-01
               50300        2.832530e-04        1.623921e-01
               50400        3.183090e-04        1.623875e-01
               50500        2.873480e-04        1.627101e-01
               50600        3.209750e-04        1.585807e-01
               50700        2.846690e-04        1.580568e-01
               50800        4.804300e-04        1.583308e-01
               50900        3.013820e-04        1.502703e-01
               51000        2.732220e-04        1.506275e-01
               51100        3.005840e-04        1.507028e-01
               51200        3.147560e-04        1.506305e-01
               51300        3.408900e-04        1.461858e-01
               51400        3.331900e-04        1.479155e-01
               51500        3.337980e-04        1.479663e-01
               51600        3.263330e-04        1.479483e-01
               51700        3.008920e-04        1.302442e-01
               51800        3.441750e-04        1.301126e-01
               51900        2.884940e-04        1.301190e-01
               52000        3.434140e-04        1.301304e-01
               52100        3.000170e-04        1.301624e-01
               52200        3.199350e-04        1.300940e-01
               52300        3.260070e-04        1.301442e-01
               52400        3.389890e-04        1.301156e-01
               52500        3.304650e-04        1.301304e-01
               52600        2.878820e-04        1.227610e-01
               52700        3.233280e-04        1.227669e-01
               52800        2.835500e-04        1.226182e-01
               52900        3.144770e-04        1.218095e-01
               53000        2.987170e-04        1.196822e-01
               53100        3.189770e-04        1.196818e-01
               53200        3.213990e-04        1.197534e-01
               53300        2.943650e-04        1.096816e-01
               53400        2.971310e-04        1.095979e-01
               53500        2.594460e-04        1.103400e-01
               53600        3.422350e-04        1.082197e-01
               53700        3.013200e-04        1.091076e-01
               53800        2.969920e-04        1.091383e-01
               53900        3.679890e-04        1.091344e-01
               54000        2.661140e-04        1.090928e-01
               54100        3.174610e-04        1.091358e-01
               54200        2.632130e-04        1.099355e-01
               54300        3.008840e-04        1.097551e-01
               54400        3.432590e-04        1.038125e-01
               54500        2.794090e-04        1.038876e-01
               54600        2.059930e-04        1.039214e-01
               54700        3.165160e-04        9.772022e-02
               54800        2.914890e-04        9.611834e-02
               54900        3.111180e-04        9.610270e-02
               55000        3.237710e-04        9.609662e-02
               55100        2.749110e-04        9.665014e-02
               55200        3.525840e-04        9.663740e-02
               55300        2.974910e-04        9.664718e-02
               55400        3.410880e-04        8.813310e-02
               55500        3.021660e-04        8.970351e-02
               55600        2.599070e-04        8.970639e-02
               55700        3.160280e-04        8.932736e-02
               55800        2.461000e-04        8.268856e-02
               55900        3.353090e-04        8.032179e-02
               56000        2.996370e-04        8.035971e-02
               56100        3.342930e-04        8.036679e-02
               56200        2.955470e-04        7.902803e-02
               56300        3.541870e-04        8.109151e-02
               56400        3.353400e-04        8.112334e-02
               56500        2.732590e-04        8.111654e-02
               56600        3.018020e-04        7.998430e-02
               56700        2.978490e-04        8.203517e-02
               56800        2.914550e-04        7.725502e-02
               56900        3.769930e-04        7.767123e-02
               57000        2.961780e-04        7.735269e-02
               57100        2.933020e-04        7.735269e-02
               57200        2.784400e-04        7.215087e-02
               57300        2.959020e-04        7.218995e-02
               57400        2.579330e-04        6.797452e-02
               57500        2.630780e-04        6.308922e-02
               57600        2.948200e-04        6.327102e-02
               57700        2.548650e-04        6.496688e-02
               57800        2.806130e-04        6.496075e-02
               57900        2.931460e-04        6.298166e-02
               58000        3.097270e-04        6.264166e-02
               58100        3.064050e-04        6.168569e-02
               58200        2.252720e-04        5.630525e-02
               58300        3.141470e-04        5.618987e-02
               58400        2.127040e-04        5.630467e-02
               58500        3.278680e-04        5.631366e-02
               58600        3.141580e-04        5.639685e-02
               58700        3.217440e-04        5.340653e-02
               58800        1.776490e-04        5.225216e-02
               58900        2.899630e-04        5.213437e-02
               59000        2.594767e-03        5.224757e-02
               59100        2.143660e-04        5.164177e-02
               59200        2.795440e-04        4.942842e-02
               59300        2.129990e-04        4.971595e-02
               59400        8.538450e-04        5.029255e-02
               59500        3.016410e-04        5.028616e-02
               59600        2.598340e-04        5.029075e-02
               59700        2.365510e-04        4.742393e-02
               59800        2.339970e-04        4.743585e-02
               59900        3.021260e-04        4.743040e-02
               60000        2.466910e-04        4.744049e-02
               60100        3.047510e-04        4.744166e-02
               60200        2.371300e-04        4.255923e-02
               60300        3.286700e-04        4.258705e-02
               60400        2.937630e-04        4.244306e-02
               60500        2.955210e-04        4.244660e-02
               60600        2.229710e-04        4.126969e-02
               60700        3.150120e-04        4.129407e-02
               60800        2.371510e-04        4.114890e-02
               60900        3.049960e-04        4.114178e-02
               61000        2.289190e-04        4.190223e-02
               61100        3.191730e-04        4.191081e-02
               61200        2.779620e-04        4.160261e-02
               61300        3.079080e-04        4.175771e-02
               61400        2.359780e-04        4.061047e-02
               61500        2.999060e-04        4.064373e-02
               61600        2.304980e-04        4.054088e-02
               61700        3.275320e-04        4.050720e-02
               61800        2.808960e-04        3.700424e-02
               61900        3.019580e-04        3.703051e-02
               62000        2.774420e-04        3.710604e-02
               62100        3.542130e-04        3.700424e-02
               62200        2.654510e-04        3.452283e-02
               62300        3.421500e-04        3.447920e-02
               62400        2.741310e-04        3.445141e-02
               62500        3.425550e-04        3.451986e-02
               62600        3.203630e-04        3.443590e-02
               62700        3.107650e-04        3.452283e-02
               62800        3.059930e-04        3.410072e-02
               62900        3.043600e-04        3.325478e-02
               63000        2.862160e-04        3.146119e-02
               63100        3.060310e-04        2.982929e-02
               63200        2.935820e-04        2.975519e-02
               63300        2.765920e-04        2.872132e-02
               63400        2.786020e-04        2.865776e-02
               63500        2.728390e-04        2.860427e-02
               63600        2.716110e-04        2.901121e-02
               63700        2.991490e-04        2.955714e-02
               63800        2.646120e-04        2.797834e-02
               63900        3.023260e-04        2.810931e-02
               64000        2.734370e-04        2.537209e-02
               64100        3.226550e-04        2.581628e-02
               64200        3.095800e-04        2.577042e-02
               64300        2.431110e-04        2.576045e-02
               64400        3.158990e-04        2.577497e-02
               64500        2.591100e-04        2.577169e-02
               64600        2.942890e-04        2.577169e-02
               64700        2.186160e-04        2.379586e-02
               64800        2.701520e-04        2.315195e-02
               64900        3.169960e-04        2.199449e-02
               65000        2.750790e-04        2.063404e-02
               65100        3.920570e-04        2.126914e-02
               65200        3.419160e-04        2.071401e-02
               65300        1.269359e-03        2.027401e-02
               65400        3.207410e-04        2.027586e-02
               65500        3.034500e-04        2.030389e-02
               65600        3.209050e-04        2.021789e-02
               65700        3.422670e-04        2.016846e-02
               65800        2.968340e-04        1.977942e-02
               65900        3.016270e-04        1.977914e-02
               66000        3.178740e-04        1.978099e-02
               66100        2.904150e-04        1.914832e-02
               66200        3.009930e-04        1.876941e-02
               66300        2.887190e-04        1.831983e-02
               66400        2.876280e-04        1.739697e-02
               66500        2.836280e-04        1.740108e-02
               66600        2.787910e-04        1.740475e-02
               66700        2.359590e-04        1.875799e-02
               66800        2.853520e-04        1.708925e-02
               66900        2.960180e-04        1.659165e-02
               67000        3.972800e-04        1.668857e-02
               67100        2.256020e-04        1.669671e-02
               67200        3.344660e-04        1.669935e-02
               67300        3.283260e-04        1.670228e-02
               67400        2.396960e-04        2.577042e-02
               67500        2.991120e-04        1.724361e-02
               67600        2.602810e-04        1.581808e-02
               67700        2.687060e-04        1.587713e-02
               67800        3.256180e-04        1.534631e-02
               67900        2.903220e-03        1.534557e-02
               68000        3.036080e-04        1.534314e-02
               68100        3.360740e-04        1.536839e-02
               68200        2.930750e-04        1.469558e-02
               68300        3.200900e-04        1.467848e-02
               68400        3.323830e-04        1.476301e-02
               68500        3.195640e-04        1.477039e-02
               68600        2.490130e-04        1.476841e-02
               68700        2.607260e-04        1.476863e-02
               68800        2.123200e-04        1.505739e-02
               68900        2.443350e-04        1.503818e-02
               69000        3.387310e-04        1.504134e-02
               69100        6.718400e-04        1.502764e-02
               69200        2.823460e-04        1.502935e-02
               69300        2.105460e-04        2.577042e-02
               69400        3.126140e-04        1.333421e-02
               69500        2.179300e-04        1.269708e-02
               69600        2.986020e-04        1.269121e-02
               69700        3.300870e-04        1.207191e-02
               69800        2.762800e-04        1.131487e-02
               69900        3.111600e-04        1.130420e-02
               70000        2.809600e-04        1.139890e-02
               70100        2.884290e-04        1.130420e-02
               70200        2.749790e-04        1.140252e-02
               70300        3.240220e-04        1.101080e-02
               70400        2.940600e-04        1.132132e-02
               70500        2.874490e-04        1.133066e-02
               70600        2.882130e-04        1.132229e-02
               70700        2.678770e-04        1.096977e-02
               70800        2.994370e-04        1.088993e-02
               70900        2.698770e-04        1.043115e-02
               71000        3.074600e-04        1.070818e-02
               71100        2.979100e-04        1.072238e-02
               71200        2.748370e-04        1.025868e-02
               71300        2.980880e-04        9.711464e-03
               71400        2.732050e-04        9.705915e-03
               71500        2.946810e-04        9.612482e-03
               71600        3.266690e-04        9.611026e-03
               71700        2.919300e-04        9.629417e-03
               71800        2.917280e-04        9.630149e-03
               71900        2.698080e-04        8.891092e-03
               72000        3.113500e-04        8.908528e-03
               72100        2.911540e-04        8.908161e-03
               72200        2.778870e-04        8.878366e-03
               72300        2.887040e-04        8.453868e-03
               72400        2.986390e-04        8.456399e-03
               72500        3.143650e-04        8.279374e-03
               72600        2.808230e-04        7.890744e-03
               72700        3.122930e-04        7.904655e-03
               72800        2.691070e-04        7.893829e-03
               72900        3.136240e-04        8.089194e-03
               73000        2.544470e-04        7.412042e-03
               73100        3.261900e-04        7.581530e-03
               73200        2.906780e-04        7.412042e-03
               73300        2.907240e-04        7.606592e-03
               73400        2.821330e-04        7.462839e-03
               73500        3.043420e-04        7.462555e-03
               73600        2.152830e-04        7.455252e-03
               73700        3.243850e-04        6.725584e-03
               73800        3.012290e-04        6.721091e-03
               73900        2.980920e-04        6.722335e-03
               74000        2.576310e-04        6.725666e-03
               74100        2.965570e-04        6.363204e-03
               74200        2.880050e-04        6.032371e-03
               74300        2.609330e-04        6.062914e-03
               74400        2.923690e-04        6.075607e-03
               74500        2.964590e-04        6.148042e-03
               74600        2.555560e-04        6.212910e-03
               74700        2.947710e-04        5.772469e-03
               74800        2.938780e-04        5.602379e-03
               74900        2.643360e-04        5.167444e-03
               75000        2.883950e-04        5.149684e-03
               75100        2.792070e-04        5.152037e-03
               75200        2.699330e-04        5.156061e-03
               75300        2.750500e-04        5.151985e-03
               75400        2.469270e-04        5.151245e-03
               75500        3.257040e-04        5.050651e-03
               75600        2.747170e-04        5.000199e-03
               75700        2.653990e-04        4.909132e-03
               75800        2.879250e-04        4.915436e-03
               75900        2.292000e-04        4.941509e-03
               76000        3.061530e-04        4.749057e-03
               76100        2.304730e-04        4.807580e-03
               76200        2.894760e-04        4.512045e-03
               76300        2.608690e-04        4.489140e-03
               76400        1.870780e-04        4.507369e-03
               76500        2.741450e-04        4.481661e-03
               76600        1.817340e-04        4.478556e-03
               76700        2.335740e-04        4.494796e-03
               76800        2.037460e-04        4.194853e-03
               76900        2.928690e-04        4.117405e-03
               77000        2.138650e-04        3.963989e-03
               77100        2.847680e-04        3.933915e-03
               77200        2.142090e-04        3.887884e-03
               77300        3.097460e-04        3.666922e-03
               77400        2.125150e-04        3.592597e-03
               77500        3.055280e-04        3.594040e-03
               77600        3.439090e-04        3.593802e-03
               77700        2.759810e-04        3.520643e-03
               77800        3.047140e-04        3.546098e-03
               77900        3.283880e-04        3.588176e-03
               78000        2.113310e-04        3.587011e-03
               78100        2.976770e-04        3.586882e-03
               78200        1.891430e-04        3.600860e-03
               78300        2.898020e-04        3.442782e-03
               78400        2.920770e-04        3.446065e-03
               78500        2.965670e-04        3.445904e-03
               78600        3.037320e-04        3.500846e-03
               78700        2.548850e-04        3.495734e-03
               78800        1.760960e-04        3.422504e-03
               78900        2.764240e-04        3.423985e-03
               79000        1.302390e-03        3.262612e-03
               79100        2.719050e-04        3.261640e-03
               79200        3.464290e-04        3.228953e-03
               79300        2.817190e-04        3.235043e-03
               79400        3.013110e-04        3.124081e-03
               79500        3.150470e-04        3.125066e-03
               79600        2.753770e-04        2.986298e-03
               79700        2.889730e-04        2.986712e-03
               79800        3.319950e-04        2.816955e-03
               79900        2.159620e-04        2.820549e-03
               80000        2.860930e-04        2.995928e-03
               80100        2.524410e-04        2.996104e-03
               80200        2.913250e-04        2.941439e-03
               80300        2.268130e-04        2.952671e-03
               80400        2.802700e-04        2.892837e-03
               80500        3.304550e-04        2.885565e-03
               80600        1.700590e-04        2.885565e-03
               80700        3.514610e-04        2.866648e-03
               80800        3.283380e-04        2.897599e-03
               80900        2.969430e-04        2.892256e-03
               81000        1.640520e-04        2.672889e-03
               81100        3.115220e-04        2.693849e-03
               81200        1.713070e-04        2.620896e-03
               81300        2.641190e-04        2.458224e-03
               81400        1.837770e-04        2.413474e-03
               81500        3.167680e-04        2.413253e-03
               81600        2.336110e-04        2.414933e-03
               81700        2.652450e-04        2.417482e-03
               81800        2.840050e-04        2.327436e-03
               81900        3.276130e-04        2.326218e-03
               82000        3.337440e-04        2.272849e-03
               82100        3.487680e-04        2.276559e-03
               82200        1.785720e-04        2.417482e-03
               82300        3.121350e-04        2.110595e-03
               82400        3.106670e-04        2.072679e-03
               82500        3.236800e-04        2.064333e-03
               82600        3.616780e-04        2.066890e-03
               82700        2.588290e-04        2.071825e-03
               82800        3.247810e-04        1.856806e-03
               82900        3.228140e-04        1.865191e-03
               83000        3.722260e-04        1.863275e-03
               83100        2.594210e-04        1.864639e-03
               83200        3.709830e-04        1.862835e-03
               83300        3.714970e-04        1.821243e-03
               83400        3.114130e-04        1.754640e-03
               83500        3.581580e-04        1.754119e-03
               83600        3.129870e-04        1.756330e-03
               83700        3.511890e-04        1.752114e-03
               83800        2.621150e-04        1.688776e-03
               83900        4.008110e-04        1.619155e-03
               84000        5.556140e-04        1.618700e-03
               84100        3.640470e-04        1.618736e-03
               84200        2.942790e-04        1.616243e-03
               84300        3.666170e-04        1.604125e-03
               84400        9.021500e-04        1.552503e-03
               84500        3.520380e-04        1.553724e-03
               84600        2.416680e-04        1.552529e-03
               84700        3.283700e-04        1.521607e-03
               84800        3.139030e-04        1.449529e-03
               84900        5.347870e-04        1.445634e-03
               85000        3.230620e-04        1.444840e-03
               85100        2.699790e-04        1.404968e-03
               85200        3.250700e-04        1.405679e-03
               85300        2.253200e-04        1.405686e-03
               85400        2.900180e-04        1.360598e-03
               85500        3.143180e-04        1.306632e-03
               85600        2.355120e-04        1.305140e-03
               85700        3.048840e-04        1.239242e-03
               85800        2.779420e-04        1.240108e-03
               85900        3.306870e-04        1.242554e-03
               86000        2.836090e-04        1.228127e-03
               86100        2.057070e-04        1.184548e-03
               86200        3.739000e-04        1.187515e-03
               86300        3.196050e-04        1.187067e-03
               86400        3.822020e-04        1.181041e-03
               86500        3.556400e-04        1.177851e-03
               86600        3.885570e-04        1.179011e-03
               86700        3.704360e-04        1.177848e-03
               86800        3.696230e-04        1.178906e-03
               86900        3.488430e-04        1.113407e-03
               87000        3.405940e-04        1.114439e-03
               87100        3.519930e-04        1.114690e-03
               87200        3.135910e-04        1.131263e-03
               87300        2.506170e-04        1.132117e-03
               87400        3.251220e-04        1.133128e-03
               87500        3.142980e-04        1.132981e-03
               87600        3.196600e-04        1.114542e-03
               87700        2.849290e-04        1.040985e-03
               87800        3.152370e-04        1.046753e-03
               87900        2.589380e-04        1.044392e-03
               88000        3.118930e-04        1.043926e-03
               88100        2.480720e-04        1.011339e-03
               88200        3.198790e-04        1.010677e-03
               88300        2.534220e-04        1.010753e-03
               88400        3.186030e-04        1.025371e-03
               88500        2.377810e-04        9.091657e-04
               88600        3.296830e-04        9.086033e-04
               88700        2.914310e-04        9.085144e-04
               88800        3.195490e-04        9.101803e-04
               88900        2.498120e-04        9.034351e-04
               89000        3.171880e-04        9.025093e-04
               89100        2.218970e-04        9.021638e-04
               89200        3.363950e-04        9.101803e-04
               89300        2.873710e-04        8.667466e-04
               89400        3.191370e-04        8.659807e-04
               89500        2.527690e-04        8.663298e-04
               89600        3.110700e-04        8.661055e-04
               89700        2.679520e-04        8.668254e-04
               89800        2.916630e-04        8.475866e-04
               89900        2.442490e-04        8.486869e-04
               90000        3.516220e-04        8.354821e-04
               90100        2.900700e-04        8.340796e-04
               90200        3.283980e-04        8.338254e-04
               90300        2.528780e-04        8.109056e-04
               90400        3.111720e-04        8.118653e-04
               90500        2.361190e-04        8.661055e-04
               90600        3.187140e-04        7.792631e-04
               90700        2.826390e-04        7.341752e-04
               90800        3.048730e-04        7.339589e-04
               90900        2.523660e-04        7.418941e-04
               91000        3.026570e-04        7.467385e-04
               91100        2.805820e-04        7.543230e-04
               91200        2.887300e-04        7.362112e-04
               91300        2.390300e-04        7.121120e-04
               91400        2.173960e-04        6.905687e-04
               91500        3.126980e-04        6.754961e-04
               91600        2.581890e-04        6.766771e-04
               91700        3.189340e-04        6.762602e-04
               91800        2.817770e-04        6.322788e-04
               91900        3.002810e-04        6.149203e-04
               92000        2.350910e-04        6.151821e-04
               92100        3.079970e-04        6.153618e-04
               92200        2.280430e-04        6.013106e-04
               92300        3.119220e-04        6.009019e-04
               92400        2.817870e-04        6.002072e-04
               92500        3.047040e-04        5.969164e-04
               92600        2.437350e-04        5.946797e-04
               92700        3.027250e-04        5.952816e-04
               92800        2.212890e-04        5.939505e-04
               92900        3.463100e-04        5.712847e-04
               93000        2.764970e-04        5.411865e-04
               93100        3.110930e-04        4.755869e-04
               93200        2.472910e-04        4.756071e-04
               93300        3.300940e-04        4.630511e-04
               93400        2.260520e-04        4.629882e-04
               93500        3.608840e-04        4.638593e-04
               93600        2.743030e-04        4.681739e-04
               93700        2.964630e-04        4.678257e-04
               93800        2.433540e-04        4.423973e-04
               93900        3.030010e-04        4.433481e-04
               94000        2.380270e-04        4.425623e-04
               94100        3.100840e-04        4.496225e-04
               94200        2.729310e-04        4.484381e-04
               94300        3.039730e-04        4.480698e-04
               94400        2.284690e-04        4.176327e-04
               94500        2.915780e-04        4.129232e-04
               94600        2.278560e-04        4.132104e-04
               94700        2.110470e-04        4.131248e-04
               94800        2.912200e-04        4.191140e-04
               94900        2.915140e-04        3.963739e-04
               95000        2.303870e-04        3.965346e-04
               95100        2.675670e-04        3.959355e-04
               95200        2.479310e-04        3.727324e-04
               95300        2.601360e-04        3.508603e-04
               95400        2.260480e-04        3.518456e-04
               95500        2.680620e-04        3.513795e-04
               95600        2.393940e-04        3.538593e-04
               95700        2.739040e-04        3.544740e-04
               95800        2.302330e-04        3.544127e-04
               95900        2.634960e-04        3.547840e-04
               96000        2.328200e-04        3.183775e-04
               96100        2.666640e-04        3.183477e-04
               96200        2.357140e-04        3.179342e-04
               96300        2.954530e-04        3.727324e-04
               96400        2.474480e-04        3.138021e-04
               96500        2.736970e-04        3.040322e-04
               96600        1.971870e-04        3.038115e-04
               96700        2.642860e-04        2.975310e-04
               96800        2.376590e-04        2.973334e-04
               96900        2.715630e-04        2.970414e-04
               97000        2.491320e-04        2.969230e-04
               97100        2.549970e-04        2.973693e-04
               97200        2.190950e-04        3.003522e-04
               97300        2.612740e-04        2.917340e-04
               97400        2.022480e-04        2.917734e-04
               97500        2.608040e-04        2.803206e-04
               97600        2.180610e-04        2.619327e-04
               97700        2.206420e-04        2.622036e-04
               97800        1.890530e-04        2.643910e-04
               97900        2.051990e-04        2.648772e-04
               98000        1.879850e-04        2.658105e-04
               98100        1.897670e-04        2.543103e-04
               98200        2.141120e-04        2.543103e-04
               98300        1.921680e-04        2.409333e-04
               98400        2.260120e-04        2.386864e-04
               98500        2.450770e-04        2.388697e-04
               98600        2.497300e-04        2.385282e-04
               98700        2.048930e-04        2.260205e-04
               98800        2.215820e-04        2.255650e-04
               98900        2.408220e-04        2.244294e-04
               99000        1.556680e-04        2.121089e-04
               99100        2.576000e-04        2.120887e-04
               99200        2.274950e-04        2.116367e-04
               99300        2.547240e-04        2.048642e-04
               99400        2.374440e-04        2.049230e-04
               99500        2.455690e-04        2.047718e-04
               99600        2.380600e-04        2.054037e-04
               99700        2.435040e-04        2.053008e-04
               99800        2.022360e-04        2.058855e-04
               99900        1.438480e-04        2.022731e-04
              100000        1.435410e-04        2.018917e-04
