Period: 100
               Epoch           Time cost                Loss
                 100        8.823400e-05        5.584685e+03
                 200        4.720700e-05        3.596121e+03
                 300        4.642700e-05        2.309654e+03
                 400        4.550400e-05        1.633382e+03
                 500        4.552100e-05        1.179419e+03
                 600        4.601500e-05        8.659070e+02
                 700        4.594800e-05        6.519823e+02
                 800        4.608500e-05        4.757106e+02
                 900        4.606200e-05        3.757446e+02
                1000        4.579900e-05        2.823078e+02
                1100        4.987300e-05        2.403879e+02
                1200        4.590500e-05        1.883863e+02
                1300        5.519200e-05        1.539809e+02
                1400        5.492700e-05        1.250959e+02
                1500        6.509700e-05        9.878656e+01
                1600        6.504100e-05        8.002489e+01
                1700        5.560200e-05        5.985281e+01
                1800        4.981200e-05        4.319482e+01
                1900        4.655100e-05        3.830717e+01
                2000        4.643000e-05        3.029032e+01
                2100        4.681400e-05        2.426920e+01
                2200        9.843800e-05        1.960681e+01
                2300        1.099320e-04        1.960681e+01
                2400        8.978000e-05        1.960681e+01
                2500        9.226000e-05        1.024360e+01
                2600        9.456700e-05        1.024327e+01
                2700        1.130570e-04        1.024363e+01
                2800        8.951300e-05        1.024363e+01
                2900        9.101300e-05        6.102896e+00
                3000        8.836400e-05        6.102973e+00
                3100        8.919300e-05        6.102896e+00
                3200        8.886200e-05        6.102896e+00
                3300        9.033100e-05        3.678270e+00
                3400        1.028560e-04        3.678270e+00
                3500        9.777400e-05        3.678196e+00
                3600        1.002660e-04        3.678270e+00
                3700        9.065300e-05        1.349998e+00
                3800        8.934800e-05        1.350000e+00
                3900        1.039890e-04        1.349967e+00
                4000        8.941700e-05        1.349967e+00
                4100        9.613300e-05        6.933499e-01
                4200        1.007070e-04        3.547756e-01
                4300        9.328800e-05        3.547756e-01
                4400        9.616300e-05        3.548041e-01
                4500        9.100200e-05        3.548041e-01
                4600        9.713200e-05        3.548041e-01
                4700        9.078200e-05        1.427509e-01
                4800        9.539600e-05        1.427509e-01
                4900        8.821100e-05        1.427436e-01
                5000        8.736200e-05        1.427436e-01
                5100        9.484000e-05        8.032572e-02
                5200        9.657200e-05        8.032636e-02
                5300        9.463900e-05        8.032636e-02
                5400        9.522200e-05        8.032686e-02
                5500        9.685500e-05        8.032572e-02
                5600        9.225600e-05        8.032636e-02
                5700        9.640400e-05        3.098827e-02
                5800        8.667600e-05        1.267524e-02
                5900        8.881100e-05        1.267496e-02
                6000        9.770800e-05        1.267482e-02
                6100        8.846300e-05        1.267482e-02
                6200        9.112100e-05        1.267496e-02
                6300        8.963000e-05        4.257953e-03
                6400        8.784100e-05        4.257981e-03
                6500        9.600700e-05        4.257754e-03
                6600        1.117710e-04        4.257854e-03
                6700        8.762300e-05        4.257854e-03
                6800        1.009350e-04        4.257981e-03
                6900        9.619900e-05        2.049918e-03
                7000        8.778700e-05        1.088348e-03
                7100        8.844700e-05        1.088404e-03
                7200        8.892500e-05        1.088404e-03
                7300        9.705100e-05        1.088185e-03
                7400        8.820400e-05        1.088404e-03
                7500        9.821400e-05        5.683087e-04
                7600        9.266600e-05        2.670359e-04
                7700        8.817400e-05        2.670283e-04
                7800        8.764700e-05        2.670283e-04
                7900        9.482800e-05        2.670313e-04
                8000        8.786300e-05        1.577519e-04
                8100        8.888800e-05        1.577594e-04
                8200        9.669100e-05        1.577501e-04
                8300        8.918400e-05        1.577501e-04
                8400        8.439400e-05        1.052937e-04
                8500        9.445900e-05        7.145693e-05
                8600        8.967300e-05        3.734891e-05
                8700        9.986900e-05        3.734935e-05
                8800        9.899500e-05        3.734927e-05
                8900        9.842100e-05        3.734937e-05
                9000        9.133600e-05        2.024226e-05
                9100        9.360100e-05        2.024191e-05
                9200        9.534800e-05        2.024128e-05
                9300        1.029450e-04        2.024191e-05
                9400        8.859800e-05        1.303887e-05
                9500        9.038500e-05        1.303887e-05
                9600        9.721200e-05        1.303954e-05
                9700        8.905600e-05        1.303954e-05
                9800        9.805300e-05        8.173084e-06
                9900        9.976900e-05        8.173854e-06
               10000        9.139500e-05        8.173253e-06
               10100        9.914000e-05        8.173253e-06
               10200        8.826700e-05        4.542166e-06
               10300        9.046100e-05        4.542166e-06
               10400        9.600500e-05        4.542164e-06
               10500        8.957800e-05        4.542166e-06
               10600        9.700100e-05        3.087516e-06
               10700        9.509600e-05        3.087614e-06
               10800        9.934400e-05        3.087494e-06
               10900        9.252500e-05        3.087494e-06
               11000        9.228200e-05        3.087494e-06
               11100        1.215990e-04        1.709620e-06
               11200        9.965400e-05        9.469268e-07
               11300        1.055410e-04        9.469268e-07
               11400        9.855800e-05        9.469176e-07
               11500        9.254900e-05        9.469176e-07
               11600        9.963500e-05        9.469176e-07
               11700        9.299200e-05        9.469176e-07
               11800        9.936600e-05        9.469176e-07
               11900        9.907100e-05        2.673122e-07
               12000        9.725800e-05        1.337559e-07
               12100        1.020980e-04        1.337235e-07
               12200        9.785500e-05        1.337559e-07
               12300        9.650800e-05        1.337559e-07
               12400        9.809600e-05        9.235356e-08
               12500        8.826600e-05        9.235356e-08
               12600        9.923600e-05        9.235340e-08
               12700        9.477200e-05        9.235340e-08
               12800        9.008100e-05        3.860549e-08
               12900        8.683000e-05        3.860543e-08
               13000        9.057000e-05        3.860537e-08
               13100        1.000160e-04        2.444141e-08
               13200        8.902500e-05        2.444141e-08
               13300        8.909900e-05        2.443972e-08
               13400        9.753800e-05        2.443972e-08
               13500        9.148000e-05        1.482954e-08
               13600        9.463000e-05        1.482954e-08
               13700        9.547800e-05        5.022421e-09
               13800        9.956800e-05        5.022422e-09
               13900        9.558300e-05        5.024921e-09
               14000        9.879600e-05        5.024921e-09
               14100        9.525600e-05        5.022422e-09
               14200        8.892100e-05        1.963403e-09
               14300        9.698500e-05        1.963403e-09
               14400        8.678200e-05        1.963413e-09
               14500        9.438400e-05        1.193173e-09
               14600        9.908000e-05        1.193173e-09
               14700        9.601700e-05        1.193173e-09
               14800        9.677200e-05        1.193173e-09
               14900        9.603100e-05        1.193173e-09
               15000        9.177300e-05        6.726839e-10
               15100        9.761800e-05        3.499612e-10
               15200        8.859200e-05        3.499758e-10
               15300        9.835100e-05        3.499758e-10
               15400        1.014490e-04        3.499729e-10
               15500        9.870400e-05        1.930229e-10
               15600        9.339500e-05        9.858055e-11
               15700        9.512700e-05        9.858105e-11
               15800        9.262800e-05        9.858070e-11
               15900        9.672300e-05        9.858070e-11
               16000        9.619800e-05        9.858070e-11
               16100        9.831100e-05        4.543013e-11
               16200        9.984300e-05        4.492105e-11
               16300        9.309100e-05        3.676023e-11
               16400        9.950000e-05        1.369087e-11
               16500        9.938200e-05        1.369005e-11
               16600        9.668800e-05        1.369115e-11
               16700        9.247600e-05        1.369115e-11
               16800        9.834700e-05        9.744513e-12
               16900        9.555100e-05        9.744513e-12
               17000        9.580900e-05        9.744513e-12
               17100        1.004210e-04        9.744513e-12
               17200        9.022200e-05        6.288312e-12
               17300        9.037100e-05        6.288312e-12
               17400        9.629000e-05        6.288312e-12
               17500        9.084000e-05        6.288312e-12
               17600        9.971100e-05        6.288312e-12
               17700        9.894800e-05        2.404491e-12
               17800        9.124500e-05        2.404491e-12
               17900        1.012330e-04        2.404648e-12
               18000        8.922200e-05        2.404648e-12
               18100        1.009140e-04        1.405161e-12
               18200        9.459300e-05        1.405161e-12
               18300        9.503700e-05        1.405161e-12
               18400        7.153200e-05        1.405161e-12
               18500        9.338700e-05        9.154824e-13
               18600        1.016300e-04        9.154646e-13
               18700        9.608500e-05        9.154646e-13
               18800        8.993800e-05        9.154646e-13
               18900        1.009360e-04        5.130667e-13
               19000        9.880600e-05        2.762455e-13
               19100        9.241200e-05        2.762637e-13
               19200        8.572300e-05        2.762461e-13
               19300        1.051630e-04        2.762419e-13
               19400        7.842800e-05        1.173518e-13
               19500        5.169800e-05        1.173518e-13
               19600        1.045620e-04        1.173486e-13
               19700        8.678500e-05        1.173486e-13
               19800        6.565400e-05        6.540872e-14
               19900        7.902500e-05        6.540861e-14
               20000        8.364600e-05        6.540834e-14
               20100        8.414600e-05        6.540861e-14
               20200        5.835300e-05        6.540872e-14
               20300        8.357400e-05        2.654693e-14
               20400        8.169800e-05        2.654693e-14
               20500        7.635900e-05        2.655054e-14
               20600        8.326100e-05        2.655054e-14
               20700        9.070700e-05        2.654693e-14
               20800        6.412800e-05        7.600629e-15
               20900        8.133400e-05        7.600660e-15
               21000        9.885900e-05        7.600660e-15
               21100        8.231400e-05        7.600629e-15
               21200        1.114480e-04        7.600629e-15
               21300        9.451500e-05        2.683440e-15
               21400        9.058000e-05        2.683610e-15
               21500        8.995300e-05        2.683583e-15
               21600        8.234400e-05        2.683583e-15
               21700        8.664900e-05        1.577185e-15
               21800        9.529800e-05        1.577184e-15
               21900        6.018900e-05        1.577184e-15
               22000        9.614500e-05        1.577184e-15
               22100        1.011250e-04        9.265767e-16
               22200        9.615100e-05        9.265767e-16
               22300        9.603900e-05        9.265767e-16
               22400        1.012510e-04        9.265767e-16
               22500        8.395200e-05        5.295186e-16
               22600        9.283200e-05        5.295373e-16
               22700        1.449450e-04        5.297149e-16
               22800        8.655600e-05        5.297149e-16
               22900        8.807100e-05        5.297149e-16
               23000        7.130400e-05        2.529908e-16
               23100        8.754000e-05        2.529505e-16
               23200        6.137500e-05        2.529940e-16
               23300        8.728800e-05        2.529832e-16
               23400        8.159400e-05        1.764916e-16
               23500        8.778700e-05        1.764874e-16
               23600        8.520300e-05        1.764916e-16
               23700        9.388600e-05        1.764916e-16
               23800        8.433900e-05        1.042349e-16
               23900        6.937100e-05        1.042349e-16
               24000        9.266500e-05        1.042349e-16
               24100        9.476300e-05        1.042349e-16
               24200        7.359700e-05        7.945721e-17
               24300        1.013190e-04        7.945743e-17
               24400        1.026870e-04        7.945719e-17
               24500        1.002360e-04        7.945743e-17
               24600        7.521400e-05        7.945743e-17
               24700        1.015200e-04        4.016063e-17
               24800        9.028800e-05        4.016259e-17
               24900        9.385200e-05        2.182509e-17
               25000        9.426100e-05        1.119254e-17
               25100        6.694700e-05        1.119258e-17
               25200        9.488000e-05        1.119257e-17
               25300        9.198800e-05        1.119254e-17
               25400        7.303600e-05        6.736667e-18
               25500        1.143380e-04        6.736184e-18
               25600        9.320800e-05        6.735682e-18
               25700        8.920400e-05        6.735682e-18
               25800        9.583400e-05        4.571543e-18
               25900        8.505900e-05        4.571511e-18
               26000        9.880600e-05        4.571259e-18
               26100        8.356300e-05        4.571543e-18
               26200        9.140800e-05        3.075053e-18
               26300        8.290400e-05        3.075053e-18
               26400        9.361900e-05        3.075080e-18
               26500        9.447900e-05        3.075065e-18
               26600        9.501600e-05        2.212894e-18
               26700        8.955800e-05        2.212894e-18
               26800        6.745200e-05        2.212894e-18
               26900        9.830100e-05        2.212894e-18
               27000        8.636100e-05        1.225591e-18
               27100        8.222700e-05        1.225591e-18
               27200        6.635100e-05        1.225591e-18
               27300        9.414300e-05        1.225591e-18
               27400        6.259600e-05        6.766765e-19
               27500        9.207700e-05        6.767152e-19
               27600        8.566900e-05        6.767152e-19
               27700        9.131000e-05        6.767152e-19
               27800        9.394500e-05        6.767152e-19
               27900        9.404700e-05        2.708773e-19
               28000        6.298600e-05        2.708865e-19
               28100        8.035100e-05        2.708880e-19
               28200        8.533300e-05        2.708865e-19
               28300        9.106500e-05        1.616430e-19
               28400        6.387600e-05        1.616395e-19
               28500        7.950900e-05        1.616418e-19
               28600        6.416500e-05        1.616418e-19
               28700        9.072900e-05        9.381971e-20
               28800        6.920700e-05        9.382042e-20
               28900        9.115300e-05        9.382078e-20
               29000        6.276700e-05        9.381931e-20
               29100        9.006900e-05        9.381931e-20
               29200        6.706600e-05        1.609098e-20
               29300        8.829900e-05        1.609098e-20
               29400        9.067400e-05        1.609335e-20
               29500        6.417400e-05        1.609248e-20
               29600        9.485000e-05        1.609248e-20
               29700        8.813200e-05        5.235983e-21
               29800        8.885900e-05        5.235983e-21
               29900        7.175800e-05        5.235952e-21
               30000        9.408000e-05        5.235952e-21
               30100        8.490000e-05        2.862963e-21
               30200        9.080700e-05        2.862963e-21
               30300        8.752000e-05        2.864278e-21
               30400        9.180300e-05        2.862963e-21
               30500        8.467700e-05        1.909026e-21
               30600        9.526400e-05        1.909026e-21
               30700        8.810200e-05        1.909026e-21
               30800        8.631800e-05        1.909026e-21
               30900        6.237800e-05        1.230444e-21
               31000        8.234800e-05        1.230453e-21
               31100        1.002070e-04        1.230437e-21
               31200        8.728200e-05        1.230437e-21
               31300        6.165000e-05        8.375487e-22
               31400        9.572800e-05        8.375505e-22
               31500        8.558800e-05        8.375633e-22
               31600        8.593300e-05        8.375633e-22
               31700        8.317200e-05        5.928918e-22
               31800        6.223300e-05        5.928918e-22
               31900        9.926800e-05        5.928918e-22
               32000        8.518700e-05        5.928918e-22
               32100        8.437000e-05        4.215075e-22
               32200        6.397500e-05        4.216839e-22
               32300        9.223600e-05        4.216839e-22
               32400        9.256400e-05        4.216839e-22
               32500        8.174900e-05        2.698319e-22
               32600        8.483900e-05        2.698551e-22
               32700        6.373400e-05        2.698319e-22
               32800        7.968300e-05        2.698319e-22
               32900        8.827500e-05        2.698319e-22
               33000        9.763100e-05        1.217913e-22
               33100        8.995200e-05        1.217871e-22
               33200        6.213900e-05        1.217928e-22
               33300        9.058500e-05        1.217928e-22
               33400        9.313600e-05        1.217871e-22
               33500        6.221800e-05        5.873432e-23
               33600        8.144200e-05        5.872844e-23
               33700        6.228400e-05        5.873432e-23
               33800        8.945000e-05        5.873432e-23
               33900        6.325300e-05        4.522191e-23
               34000        9.642300e-05        4.522154e-23
               34100        9.262900e-05        4.522154e-23
               34200        8.535300e-05        4.522154e-23
               34300        9.011200e-05        2.988637e-23
               34400        8.638800e-05        2.988438e-23
               34500        8.599400e-05        2.988438e-23
               34600        8.634700e-05        2.988438e-23
               34700        8.977300e-05        2.988438e-23
               34800        6.491300e-05        1.496223e-23
               34900        8.839400e-05        1.496105e-23
               35000        6.712000e-05        1.496221e-23
               35100        8.732300e-05        1.496221e-23
               35200        8.652500e-05        9.141047e-24
               35300        8.382200e-05        9.140837e-24
               35400        6.988300e-05        9.140712e-24
               35500        9.815500e-05        9.141047e-24
               35600        8.897100e-05        9.141047e-24
               35700        6.827500e-05        2.681727e-24
               35800        9.272300e-05        2.681727e-24
               35900        9.199000e-05        2.681886e-24
               36000        6.386100e-05        2.681727e-24
               36100        9.186600e-05        1.934810e-24
               36200        9.116600e-05        1.934810e-24
               36300        6.966500e-05        1.934583e-24
               36400        8.249600e-05        1.934583e-24
               36500        9.237700e-05        1.133881e-24
               36600        6.164900e-05        1.133772e-24
               36700        7.430100e-05        1.133721e-24
               36800        9.196600e-05        1.133721e-24
               36900        8.678300e-05        6.117716e-25
               37000        8.952500e-05        6.117716e-25
               37100        9.032800e-05        6.117716e-25
               37200        7.110700e-05        6.117716e-25
               37300        8.616700e-05        6.117716e-25
               37400        9.222900e-05        6.117716e-25
               37500        7.073100e-05        3.326770e-25
               37600        9.235600e-05        2.047050e-25
               37700        8.788600e-05        2.047106e-25
               37800        6.394700e-05        2.047077e-25
               37900        8.373200e-05        2.047077e-25
               38000        9.716200e-05        1.516218e-25
               38100        8.686600e-05        1.516131e-25
               38200        9.137000e-05        1.516131e-25
               38300        9.088100e-05        1.516218e-25
               38400        9.561700e-05        1.002824e-25
               38500        9.614400e-05        1.002824e-25
               38600        8.822700e-05        1.002824e-25
               38700        6.703000e-05        1.002824e-25
               38800        9.720200e-05        6.070429e-26
               38900        8.872800e-05        6.070740e-26
               39000        8.221400e-05        6.070429e-26
               39100        8.962400e-05        6.070429e-26
               39200        6.359100e-05        3.836685e-26
               39300        9.096400e-05        3.836685e-26
               39400        9.573800e-05        3.836685e-26
               39500        7.030900e-05        3.836685e-26
               39600        7.339600e-05        2.957637e-26
               39700        7.381700e-05        2.957637e-26
               39800        9.407500e-05        2.957637e-26
               39900        8.708400e-05        2.957637e-26
               40000        6.495700e-05        2.040630e-26
               40100        9.489400e-05        2.040630e-26
               40200        8.327800e-05        2.040630e-26
               40300        6.741600e-05        2.040630e-26
               40400        8.638300e-05        1.259185e-26
               40500        8.782000e-05        1.259185e-26
               40600        6.957900e-05        1.258870e-26
               40700        8.156100e-05        1.258870e-26
               40800        9.547500e-05        9.907437e-27
               40900        9.724200e-05        9.907437e-27
               41000        6.610100e-05        9.906846e-27
               41100        9.389800e-05        9.907437e-27
               41200        8.945700e-05        6.575535e-27
               41300        7.187400e-05        6.572454e-27
               41400        8.059300e-05        6.575535e-27
               41500        9.334000e-05        6.575535e-27
               41600        8.712900e-05        6.012462e-27
               41700        1.027460e-04        6.012462e-27
               41800        6.591100e-05        6.012942e-27
               41900        9.278800e-05        6.012942e-27
               42000        6.806300e-05        6.012462e-27
               42100        8.810800e-05        4.146853e-27
               42200        9.776200e-05        4.146853e-27
               42300        1.030200e-04        4.146853e-27
               42400        9.466500e-05        4.146853e-27
               42500        9.635000e-05        2.607020e-27
               42600        7.038300e-05        2.607442e-27
               42700        9.565600e-05        2.607328e-27
               42800        9.276600e-05        2.607020e-27
               42900        6.492000e-05        2.124482e-27
               43000        9.033000e-05        2.120609e-27
               43100        8.746100e-05        2.124482e-27
               43200        8.481500e-05        2.124482e-27
               43300        9.411000e-05        2.198331e-27
               43400        9.271600e-05        2.198281e-27
               43500        9.122800e-05        2.198281e-27
               43600        9.154200e-05        2.198281e-27
               43700        9.991200e-05        2.198281e-27
               43800        9.710000e-05        1.736194e-27
               43900        8.752200e-05        1.736194e-27
               44000        9.003600e-05        1.736175e-27
               44100        9.421700e-05        1.736175e-27
               44200        7.137000e-05        1.736175e-27
               44300        9.013300e-05        1.704383e-27
               44400        8.932100e-05        1.704383e-27
               44500        6.786900e-05        1.704383e-27
               44600        9.120000e-05        1.704383e-27
               44700        9.201400e-05        1.498099e-27
               44800        8.460100e-05        1.498099e-27
               44900        6.917400e-05        1.498099e-27
               45000        6.379100e-05        1.498099e-27
               45100        1.022650e-04        1.246391e-27
               45200        8.289000e-05        1.371316e-27
               45300        8.265100e-05        1.260768e-27
               45400        6.372000e-05        1.094379e-27
               45500        8.723800e-05        1.094379e-27
               45600        8.456000e-05        1.094379e-27
               45700        7.791100e-05        1.498099e-27
               45800        8.804800e-05        1.109307e-27
               45900        8.596600e-05        1.109307e-27
               46000        8.841700e-05        1.072525e-27
               46100        8.649400e-05        1.072525e-27
               46200        8.807400e-05        1.124345e-27
               46300        6.891100e-05        1.124345e-27
               46400        8.606300e-05        1.124345e-27
               46500        8.556000e-05        1.124345e-27
               46600        1.039560e-04        1.010969e-27
               46700        9.619500e-05        1.010969e-27
               46800        8.840600e-05        1.010969e-27
               46900        8.882900e-05        1.010969e-27
               47000        9.712700e-05        1.010969e-27
               47100        6.714400e-05        1.054912e-27
               47200        9.034600e-05        1.054912e-27
               47300        9.061800e-05        1.010969e-27
               47400        9.495100e-05        1.111432e-27
               47500        9.644600e-05        9.826198e-28
               47600        8.512700e-05        9.826198e-28
               47700        6.375300e-05        1.014159e-27
               47800        9.450300e-05        1.014228e-27
               47900        8.555900e-05        1.014200e-27
               48000        8.936900e-05        1.014159e-27
               48100        9.054200e-05        8.499511e-28
               48200        8.783800e-05        8.579184e-28
               48300        6.859000e-05        7.749400e-28
               48400        9.281500e-05        7.749400e-28
               48500        8.499500e-05        7.749400e-28
               48600        9.005600e-05        7.749400e-28
               48700        9.277400e-05        7.749400e-28
               48800        8.754600e-05        8.402784e-28
               48900        8.683700e-05        8.791299e-28
               49000        7.826100e-05        8.791299e-28
               49100        6.174500e-05        8.791299e-28
               49200        8.666700e-05        8.791299e-28
               49300        8.480400e-05        7.584919e-28
               49400        8.385400e-05        7.584919e-28
               49500        5.987400e-05        7.584919e-28
               49600        8.631200e-05        9.143467e-28
               49700        1.030910e-04        9.143467e-28
               49800        8.090300e-05        9.143467e-28
               49900        8.846000e-05        9.309703e-28
               50000        8.270700e-05        9.309703e-28
               50100        6.013700e-05        9.309703e-28
               50200        9.511700e-05        8.624931e-28
               50300        6.341800e-05        9.170037e-28
               50400        9.071800e-05        9.170037e-28
               50500        8.926700e-05        9.170037e-28
               50600        8.180400e-05        9.010890e-28
               50700        7.121800e-05        9.010890e-28
               50800        9.200500e-05        9.021212e-28
               50900        8.776000e-05        9.021212e-28
               51000        8.563700e-05        1.056117e-27
               51100        6.373500e-05        1.056117e-27
               51200        8.788900e-05        1.155274e-27
               51300        8.758300e-05        9.133041e-28
               51400        8.991900e-05        9.536403e-28
               51500        9.292000e-05        1.004380e-27
               51600        9.850800e-05        1.004380e-27
               51700        9.178800e-05        1.004380e-27
               51800        8.434800e-05        9.686301e-28
               51900        8.975500e-05        9.214759e-28
               52000        8.972100e-05        9.056263e-28
               52100        8.794500e-05        1.143342e-27
               52200        1.012030e-04        1.019192e-27
               52300        9.107800e-05        9.625967e-28
               52400        9.000700e-05        1.025042e-27
               52500        8.931600e-05        1.025042e-27
               52600        9.314900e-05        9.523140e-28
               52700        6.477200e-05        9.345789e-28
               52800        7.341700e-05        1.048913e-27
               52900        8.737600e-05        1.059372e-27
               53000        6.557400e-05        1.059372e-27
               53100        9.839000e-05        1.058978e-27
               53200        8.642700e-05        1.058978e-27
               53300        6.411000e-05        9.662323e-28
               53400        9.078400e-05        9.661799e-28
               53500        8.590300e-05        9.662323e-28
               53600        6.206700e-05        8.845172e-28
               53700        9.221000e-05        8.845172e-28
               53800        8.799800e-05        8.846066e-28
               53900        6.563800e-05        9.204069e-28
               54000        8.374800e-05        9.204069e-28
               54100        7.276600e-05        9.204069e-28
               54200        9.261000e-05        9.454870e-28
               54300        9.247800e-05        9.454870e-28
               54400        8.541800e-05        9.455756e-28
               54500        6.095800e-05        9.455756e-28
               54600        9.052700e-05        9.136305e-28
               54700        5.984500e-05        9.293340e-28
               54800        8.417500e-05        9.293340e-28
               54900        5.944500e-05        9.293340e-28
               55000        8.698900e-05        9.293340e-28
               55100        9.214200e-05        9.293340e-28
               55200        8.364400e-05        9.293340e-28
               55300        8.949300e-05        8.448242e-28
               55400        8.463200e-05        9.110425e-28
               55500        7.982300e-05        9.221944e-28
               55600        7.745900e-05        7.602377e-28
               55700        9.674500e-05        7.601761e-28
               55800        8.932300e-05        7.602377e-28
               55900        8.304000e-05        7.601761e-28
               56000        8.438700e-05        7.602377e-28
               56100        6.126900e-05        8.793318e-28
               56200        8.955400e-05        8.607962e-28
               56300        9.433800e-05        8.607962e-28
               56400        8.163400e-05        8.607962e-28
               56500        6.205300e-05        8.607962e-28
               56600        8.877200e-05        9.139897e-28
               56700        8.358500e-05        9.139897e-28
               56800        9.487200e-05        9.139897e-28
               56900        9.223000e-05        1.062049e-27
               57000        8.689600e-05        1.062049e-27
               57100        7.156500e-05        1.062086e-27
               57200        9.635300e-05        9.516334e-28
               57300        9.169900e-05        9.002253e-28
               57400        1.046240e-04        9.002253e-28
               57500        8.734200e-05        9.002253e-28
               57600        8.723800e-05        9.002253e-28
               57700        7.962500e-05        9.002253e-28
               57800        1.033500e-04        7.262642e-28
               57900        8.174900e-05        7.171235e-28
               58000        8.262100e-05        7.171235e-28
               58100        1.014280e-04        7.171235e-28
               58200        6.718100e-05        7.164825e-28
               58300        1.040290e-04        7.171235e-28
               58400        9.120000e-05        7.923432e-28
               58500        8.237300e-05        7.923432e-28
               58600        9.291000e-05        7.923432e-28
               58700        8.240000e-05        7.923432e-28
               58800        9.018000e-05        9.428645e-28
               58900        9.049700e-05        9.428645e-28
               59000        9.249800e-05        9.428645e-28
               59100        8.900600e-05        8.360849e-28
               59200        9.735800e-05        8.367259e-28
               59300        9.683300e-05        8.367259e-28
               59400        9.051800e-05        8.799710e-28
               59500        8.418200e-05        8.799710e-28
               59600        9.045900e-05        8.799710e-28
               59700        7.553100e-05        8.635089e-28
               59800        5.723800e-05        9.827213e-28
               59900        9.893600e-05        9.826381e-28
               60000        7.392800e-05        9.827213e-28
               60100        9.379500e-05        9.252107e-28
               60200        8.309700e-05        9.252107e-28
               60300        9.070900e-05        9.252107e-28
               60400        7.510600e-05        9.214020e-28
               60500        5.711800e-05        8.793625e-28
               60600        9.601400e-05        8.793625e-28
               60700        7.704400e-05        8.793625e-28
               60800        9.263800e-05        8.793625e-28
               60900        8.148500e-05        8.793625e-28
               61000        8.892800e-05        9.380013e-28
               61100        9.117300e-05        1.033149e-27
               61200        7.315500e-05        1.033149e-27
               61300        8.158400e-05        1.033149e-27
               61400        8.973700e-05        1.033149e-27
               61500        7.289400e-05        9.331735e-28
               61600        6.491900e-05        9.331735e-28
               61700        1.044410e-04        9.331735e-28
               61800        7.244300e-05        9.331735e-28
               61900        7.336700e-05        8.835522e-28
               62000        8.555500e-05        9.169284e-28
               62100        7.507000e-05        9.169284e-28
               62200        8.062700e-05        9.169284e-28
               62300        9.021300e-05        9.169284e-28
               62400        8.895300e-05        9.622934e-28
               62500        5.625000e-05        9.622934e-28
               62600        9.703700e-05        9.622934e-28
               62700        7.228500e-05        8.705273e-28
               62800        8.525500e-05        8.705273e-28
               62900        8.976400e-05        8.705273e-28
               63000        8.874700e-05        9.243640e-28
               63100        9.614500e-05        9.232947e-28
               63200        6.641400e-05        9.230205e-28
               63300        9.411700e-05        8.100337e-28
               63400        9.346200e-05        8.068782e-28
               63500        7.776900e-05        8.068782e-28
               63600        7.361000e-05        8.632325e-28
               63700        6.772200e-05        7.437751e-28
               63800        9.512300e-05        7.437751e-28
               63900        7.358900e-05        7.435779e-28
               64000        7.721600e-05        7.435779e-28
               64100        6.450900e-05        7.437751e-28
               64200        9.294800e-05        7.437751e-28
               64300        7.270400e-05        8.906914e-28
               64400        6.918700e-05        9.610951e-28
               64500        7.193200e-05        9.564413e-28
               64600        7.278000e-05        9.610951e-28
               64700        7.300100e-05        1.010010e-27
               64800        5.682300e-05        1.084490e-27
               64900        8.277500e-05        1.046942e-27
               65000        7.459000e-05        1.046409e-27
               65100        7.241100e-05        8.362954e-28
               65200        6.618600e-05        8.144668e-28
               65300        9.341300e-05        8.145500e-28
               65400        5.820900e-05        8.145500e-28
               65500        9.872300e-05        8.145500e-28
               65600        7.604700e-05        8.145500e-28
               65700        7.234300e-05        8.947613e-28
               65800        7.743900e-05        9.284830e-28
               65900        7.409400e-05        9.282858e-28
               66000        7.096400e-05        9.282858e-28
               66100        8.893500e-05        9.282858e-28
               66200        9.075900e-05        8.951311e-28
               66300        9.168000e-05        8.953129e-28
               66400        5.740900e-05        8.951311e-28
               66500        9.575900e-05        8.953129e-28
               66600        8.747000e-05        8.856239e-28
               66700        7.684700e-05        1.003195e-27
               66800        8.469900e-05        1.003195e-27
               66900        5.500300e-05        1.003195e-27
               67000        9.129800e-05        1.003195e-27
               67100        5.522800e-05        1.045712e-27
               67200        9.080100e-05        1.045712e-27
               67300        7.228200e-05        1.045712e-27
               67400        7.291200e-05        1.045712e-27
               67500        7.531000e-05        9.873768e-28
               67600        7.068200e-05        9.873768e-28
               67700        7.187500e-05        9.873768e-28
               67800        8.542400e-05        1.054403e-27
               67900        9.553100e-05        1.054403e-27
               68000        6.928600e-05        1.054403e-27
               68100        8.978700e-05        1.051106e-27
               68200        7.210100e-05        9.962237e-28
               68300        7.297900e-05        9.962237e-28
               68400        7.318200e-05        9.962237e-28
               68500        7.160900e-05        9.962237e-28
               68600        7.856800e-05        1.050274e-27
               68700        7.277900e-05        1.051639e-27
               68800        7.713700e-05        1.051639e-27
               68900        8.348000e-05        9.085076e-28
               69000        7.998400e-05        9.083243e-28
               69100        7.344300e-05        9.083243e-28
               69200        7.807400e-05        9.082611e-28
               69300        7.379100e-05        8.527999e-28
               69400        1.056360e-04        8.527999e-28
               69500        7.811900e-05        8.527999e-28
               69600        7.324600e-05        8.628733e-28
               69700        7.648900e-05        8.491896e-28
               69800        7.630900e-05        8.488838e-28
               69900        7.613200e-05        8.488838e-28
               70000        7.879000e-05        8.488838e-28
               70100        7.472100e-05        9.429473e-28
               70200        5.704000e-05        9.429473e-28
               70300        9.810900e-05        9.429473e-28
               70400        7.663600e-05        9.667980e-28
               70500        5.651800e-05        9.667980e-28
               70600        9.633400e-05        9.667980e-28
               70700        7.522400e-05        8.611957e-28
               70800        6.911300e-05        8.611957e-28
               70900        9.924100e-05        9.958054e-28
               71000        1.028290e-04        9.957068e-28
               71100        8.814400e-05        9.958054e-28
               71200        8.091100e-05        9.958054e-28
               71300        9.282600e-05        9.958054e-28
               71400        7.740000e-05        1.037418e-27
               71500        9.750500e-05        1.037591e-27
               71600        9.957100e-05        1.037591e-27
               71700        1.133960e-04        1.037591e-27
               71800        8.709500e-05        1.037591e-27
               71900        8.129500e-05        1.024232e-27
               72000        5.145500e-05        1.024232e-27
               72100        9.951100e-05        1.024232e-27
               72200        8.821500e-05        9.459996e-28
               72300        7.163100e-05        9.434604e-28
               72400        7.992100e-05        9.459996e-28
               72500        1.010920e-04        9.459996e-28
               72600        8.175700e-05        9.113027e-28
               72700        1.019680e-04        1.029481e-27
               72800        9.742200e-05        1.029481e-27
               72900        1.009310e-04        1.029481e-27
               73000        8.403400e-05        1.029481e-27
               73100        8.281200e-05        1.269904e-27
               73200        1.303650e-04        1.171867e-27
               73300        8.655200e-05        1.069017e-27
               73400        8.072600e-05        1.069017e-27
               73500        8.097200e-05        1.069017e-27
               73600        9.699400e-05        1.069017e-27
               73700        8.340800e-05        1.069017e-27
               73800        7.779400e-05        1.151946e-27
               73900        8.159100e-05        1.151946e-27
               74000        8.179700e-05        8.691160e-28
               74100        8.003100e-05        9.861367e-28
               74200        5.901900e-05        9.932226e-28
               74300        9.956800e-05        9.602758e-28
               74400        9.401700e-05        9.602758e-28
               74500        9.053800e-05        9.602758e-28
               74600        5.298300e-05        9.602758e-28
               74700        1.037400e-04        1.076925e-27
               74800        9.201600e-05        1.076925e-27
               74900        1.122210e-04        1.076925e-27
               75000        8.969300e-05        8.792433e-28
               75100        5.477700e-05        8.761248e-28
               75200        1.111310e-04        8.792433e-28
               75300        8.709800e-05        8.015835e-28
               75400        8.961300e-05        8.015835e-28
               75500        8.061100e-05        8.015835e-28
               75600        8.922800e-05        9.196541e-28
               75700        9.037700e-05        9.197250e-28
               75800        9.729100e-05        9.196541e-28
               75900        1.008610e-04        7.892294e-28
               76000        1.015910e-04        7.892294e-28
               76100        8.997100e-05        7.892294e-28
               76200        7.849700e-05        9.408082e-28
               76300        8.584600e-05        9.408082e-28
               76400        7.890600e-05        9.408082e-28
               76500        7.809000e-05        9.856064e-28
               76600        5.591000e-05        1.001233e-27
               76700        9.697300e-05        1.005421e-27
               76800        8.074700e-05        1.027937e-27
               76900        9.234000e-05        1.022745e-27
               77000        9.016100e-05        1.022745e-27
               77100        7.846100e-05        1.022745e-27
               77200        7.492700e-05        1.022745e-27
               77300        6.992100e-05        1.113653e-27
               77400        1.015540e-04        1.113653e-27
               77500        7.806100e-05        1.113653e-27
               77600        8.287600e-05        1.113653e-27
               77700        7.707500e-05        1.113653e-27
               77800        7.844400e-05        1.162518e-27
               77900        7.999700e-05        9.079899e-28
               78000        8.638300e-05        9.079899e-28
               78100        8.063400e-05        9.079899e-28
               78200        9.393700e-05        9.079899e-28
               78300        7.586000e-05        9.079899e-28
               78400        9.305200e-05        1.019203e-27
               78500        9.767600e-05        9.031468e-28
               78600        7.823700e-05        9.031468e-28
               78700        6.733600e-05        9.031468e-28
               78800        1.016150e-04        9.031468e-28
               78900        6.983900e-05        8.916675e-28
               79000        1.004570e-04        9.725317e-28
               79100        6.009900e-05        9.726866e-28
               79200        9.774200e-05        9.726866e-28
               79300        7.420100e-05        9.726866e-28
               79400        8.399200e-05        9.725317e-28
               79500        8.784700e-05        9.726866e-28
               79600        9.355200e-05        9.405659e-28
               79700        9.189900e-05        1.062820e-27
               79800        9.289800e-05        1.062820e-27
               79900        5.915100e-05        1.062820e-27
               80000        1.023830e-04        1.062820e-27
               80100        9.802200e-05        1.062820e-27
               80200        9.376100e-05        1.044408e-27
               80300        6.516600e-05        9.023916e-28
               80400        9.517800e-05        9.023916e-28
               80500        7.123000e-05        9.023916e-28
               80600        8.614600e-05        9.023916e-28
               80700        8.572600e-05        9.316221e-28
               80800        7.151600e-05        9.316221e-28
               80900        7.356400e-05        9.316221e-28
               81000        7.039100e-05        9.118834e-28
               81100        7.172500e-05        9.118834e-28
               81200        5.676900e-05        9.118834e-28
               81300        9.158000e-05        9.598589e-28
               81400        7.291000e-05        9.598589e-28
               81500        7.270100e-05        9.598589e-28
               81600        7.292000e-05        9.598589e-28
               81700        7.724800e-05        9.598589e-28
               81800        7.935800e-05        8.710346e-28
               81900        8.663300e-05        8.710346e-28
               82000        5.106900e-05        8.710346e-28
               82100        9.303500e-05        8.710346e-28
               82200        1.010090e-04        8.710346e-28
               82300        8.162400e-05        8.839460e-28
               82400        7.007400e-05        8.534399e-28
               82500        6.965800e-05        8.843172e-28
               82600        7.070700e-05        8.977852e-28
               82700        7.017500e-05        8.977852e-28
               82800        7.068700e-05        8.977852e-28
               82900        8.641100e-05        8.977852e-28
               83000        6.952100e-05        1.071521e-27
               83100        6.856000e-05        1.070289e-27
               83200        7.083900e-05        1.074677e-27
               83300        5.048500e-05        8.628057e-28
               83400        8.536300e-05        8.628057e-28
               83500        6.942500e-05        8.628057e-28
               83600        6.695200e-05        9.196833e-28
               83700        6.725200e-05        9.196833e-28
               83800        6.507700e-05        9.196833e-28
               83900        6.545100e-05        9.785104e-28
               84000        7.253300e-05        9.785104e-28
               84100        8.261200e-05        9.785104e-28
               84200        6.674200e-05        9.959882e-28
               84300        7.854200e-05        9.959882e-28
               84400        7.845500e-05        9.959882e-28
               84500        8.448700e-05        9.959882e-28
               84600        6.616600e-05        9.959882e-28
               84700        4.855400e-05        1.051721e-27
               84800        8.566500e-05        8.972791e-28
               84900        7.058000e-05        1.019432e-27
               85000        7.036700e-05        1.019432e-27
               85100        6.910900e-05        1.019432e-27
               85200        6.644600e-05        1.019432e-27
               85300        8.163300e-05        1.019432e-27
               85400        6.864400e-05        1.074243e-27
               85500        6.666900e-05        1.102635e-27
               85600        8.209200e-05        1.098270e-27
               85700        6.716700e-05        1.084977e-27
               85800        7.351600e-05        1.026639e-27
               85900        6.907500e-05        1.026639e-27
               86000        6.973300e-05        1.026639e-27
               86100        6.845400e-05        1.026639e-27
               86200        6.806800e-05        1.026639e-27
               86300        8.569200e-05        1.026639e-27
               86400        8.465100e-05        1.078184e-27
               86500        8.472900e-05        1.163820e-27
               86600        8.383300e-05        1.079614e-27
               86700        8.415000e-05        1.025576e-27
               86800        8.394000e-05        1.025576e-27
               86900        8.434800e-05        1.026168e-27
               87000        8.429800e-05        1.025576e-27
               87100        8.412600e-05        1.171085e-27
               87200        8.462700e-05        1.171085e-27
               87300        8.401500e-05        9.781811e-28
               87400        8.513200e-05        8.898712e-28
               87500        8.433900e-05        8.898712e-28
               87600        8.353500e-05        9.537462e-28
               87700        8.410000e-05        8.040545e-28
               87800        8.441800e-05        7.149902e-28
               87900        8.392600e-05        7.149902e-28
               88000        8.462000e-05        7.153877e-28
               88100        8.451600e-05        7.149902e-28
               88200        8.360200e-05        7.153877e-28
               88300        8.426100e-05        8.138286e-28
               88400        8.471400e-05        8.227466e-28
               88500        8.419000e-05        1.058263e-27
               88600        8.552100e-05        1.058263e-27
               88700        8.410600e-05        1.058263e-27
               88800        8.400400e-05        1.058263e-27
               88900        8.379300e-05        1.058263e-27
               89000        8.455600e-05        1.058263e-27
               89100        8.398400e-05        9.939718e-28
               89200        8.395500e-05        9.939718e-28
               89300        8.407400e-05        9.939718e-28
               89400        8.425300e-05        9.939718e-28
               89500        8.396300e-05        9.438134e-28
               89600        8.386300e-05        9.438473e-28
               89700        8.381300e-05        9.438134e-28
               89800        8.320700e-05        8.710191e-28
               89900        8.434900e-05        8.741976e-28
               90000        8.474200e-05        8.736560e-28
               90100        8.398300e-05        8.741976e-28
               90200        8.438500e-05        9.616595e-28
               90300        8.479600e-05        9.981077e-28
               90400        8.568600e-05        9.498662e-28
               90500        8.459500e-05        1.189984e-27
               90600        8.377300e-05        1.189984e-27
               90700        8.438200e-05        1.189984e-27
               90800        8.344400e-05        1.189984e-27
               90900        8.544600e-05        1.097343e-27
               91000        8.456400e-05        1.097343e-27
               91100        8.418600e-05        1.097343e-27
               91200        8.539700e-05        1.257611e-27
               91300        8.407200e-05        1.257611e-27
               91400        8.509100e-05        1.257655e-27
               91500        8.403400e-05        1.061351e-27
               91600        8.398600e-05        1.061351e-27
               91700        9.944800e-05        1.061351e-27
               91800        8.442400e-05        1.061351e-27
               91900        8.475600e-05        8.359212e-28
               92000        8.368600e-05        8.714937e-28
               92100        8.454000e-05        8.714937e-28
               92200        8.358200e-05        8.714937e-28
               92300        8.460600e-05        8.714937e-28
               92400        8.439900e-05        8.714937e-28
               92500        8.380000e-05        7.331647e-28
               92600        8.415000e-05        6.999009e-28
               92700        8.472600e-05        7.001474e-28
               92800        8.393300e-05        6.999009e-28
               92900        8.454400e-05        6.999009e-28
               93000        8.500900e-05        6.845572e-28
               93100        8.496100e-05        6.845572e-28
               93200        8.369100e-05        6.845572e-28
               93300        8.391600e-05        7.147535e-28
               93400        8.428300e-05        7.147535e-28
               93500        8.463100e-05        7.147535e-28
               93600        8.334100e-05        7.454407e-28
               93700        8.537500e-05        7.454407e-28
               93800        8.403500e-05        7.454407e-28
               93900        8.362000e-05        7.866977e-28
               94000        8.426500e-05        7.866977e-28
               94100        8.445300e-05        7.866977e-28
               94200        8.447100e-05        7.401607e-28
               94300        8.392900e-05        7.401607e-28
               94400        8.419200e-05        7.401607e-28
               94500        8.382800e-05        7.492238e-28
               94600        8.403300e-05        7.492238e-28
               94700        8.433400e-05        7.492238e-28
               94800        8.433000e-05        7.492238e-28
               94900        8.454100e-05        8.145016e-28
               95000        8.351500e-05        8.145016e-28
               95100        8.397000e-05        8.137621e-28
               95200        8.407400e-05        9.352147e-28
               95300        8.366900e-05        8.145016e-28
               95400        8.447800e-05        8.904878e-28
               95500        8.386500e-05        8.904601e-28
               95600        8.390400e-05        8.904878e-28
               95700        8.356600e-05        9.556976e-28
               95800        8.430100e-05        8.858121e-28
               95900        8.421500e-05        8.858121e-28
               96000        8.441500e-05        8.858121e-28
               96100        8.466400e-05        8.858121e-28
               96200        8.413900e-05        8.858121e-28
               96300        8.451500e-05        9.641333e-28
               96400        8.377500e-05        8.119871e-28
               96500        8.429400e-05        8.119871e-28
               96600        8.416800e-05        8.119871e-28
               96700        8.455800e-05        8.119871e-28
               96800        8.456700e-05        8.793993e-28
               96900        8.490900e-05        8.793993e-28
               97000        8.444800e-05        8.793993e-28
               97100        8.564600e-05        8.793993e-28
               97200        8.417700e-05        8.986347e-28
               97300        8.463300e-05        1.112584e-27
               97400        8.336000e-05        9.688178e-28
               97500        8.395000e-05        9.688178e-28
               97600        8.507100e-05        9.688178e-28
               97700        8.362800e-05        9.688178e-28
               97800        8.443400e-05        9.688178e-28
               97900        8.360400e-05        8.547365e-28
               98000        8.440800e-05        9.987186e-28
               98100        8.359600e-05        9.987186e-28
               98200        8.440300e-05        9.987186e-28
               98300        8.377400e-05        9.987186e-28
               98400        8.352600e-05        1.207002e-27
               98500        6.639300e-05        1.207137e-27
               98600        5.744700e-05        1.207137e-27
               98700        4.770800e-05        1.090109e-27
               98800        4.853600e-05        1.090109e-27
               98900        4.794800e-05        1.090109e-27
               99000        4.899800e-05        1.090109e-27
               99100        4.814100e-05        9.736416e-28
               99200        4.810800e-05        9.736416e-28
               99300        4.700100e-05        9.736416e-28
               99400        4.610500e-05        8.693423e-28
               99500        4.606000e-05        8.693423e-28
               99600        4.666700e-05        8.693423e-28
               99700        4.633500e-05        1.022887e-27
               99800        4.683000e-05        1.022887e-27
               99900        4.758600e-05        1.022887e-27
              100000        4.969800e-05        1.022887e-27
