Period: 100
               Epoch           Time cost                Loss
                 100        1.351010e-04        9.011927e+03
                 200        1.085910e-04        5.943498e+03
                 300        9.627300e-05        4.289411e+03
                 400        8.230900e-05        3.333418e+03
                 500        7.867000e-05        2.194287e+03
                 600        7.859800e-05        1.666813e+03
                 700        7.856800e-05        1.232674e+03
                 800        9.384900e-05        1.096170e+03
                 900        7.849900e-05        7.822829e+02
                1000        8.742100e-05        6.662566e+02
                1100        8.808100e-05        5.487988e+02
                1200        8.039900e-05        4.679546e+02
                1300        1.371030e-04        3.502772e+02
                1400        1.971520e-04        3.586651e+02
                1500        1.084540e-04        2.223925e+02
                1600        1.119920e-04        1.474914e+02
                1700        1.148200e-04        1.107196e+02
                1800        1.168480e-04        7.820224e+01
                1900        1.303020e-04        5.379879e+01
                2000        1.338070e-04        3.425642e+01
                2100        1.175820e-04        3.425642e+01
                2200        1.133300e-04        3.380203e+01
                2300        1.181960e-04        1.766053e+01
                2400        1.152980e-04        1.169734e+01
                2500        9.383000e-05        1.147405e+01
                2600        1.113140e-04        8.227771e+00
                2700        1.150640e-04        5.995999e+00
                2800        1.206720e-04        3.639768e+00
                2900        1.179690e-04        2.585772e+00
                3000        1.181370e-04        1.681405e+00
                3100        1.162540e-04        1.043513e+00
                3200        1.203060e-04        1.016650e+00
                3300        1.182040e-04        5.687832e-01
                3400        1.111530e-04        4.528186e-01
                3500        9.241400e-05        2.902621e-01
                3600        1.044810e-04        1.944580e-01
                3700        1.160330e-04        1.399453e-01
                3800        9.673900e-05        9.722240e-02
                3900        9.747100e-05        5.322781e-02
                4000        1.243320e-04        4.937608e-02
                4100        1.276320e-04        3.281720e-02
                4200        9.632600e-05        3.281482e-02
                4300        1.123680e-04        3.281482e-02
                4400        1.175440e-04        3.281843e-02
                4500        1.343940e-04        3.281843e-02
                4600        1.319980e-04        2.130279e-02
                4700        7.702800e-05        2.131437e-02
                4800        1.687070e-04        2.129467e-02
                4900        7.594700e-05        1.156589e-02
                5000        1.361370e-04        9.115710e-03
                5100        7.617000e-05        9.116017e-03
                5200        1.298790e-04        9.115723e-03
                5300        1.133610e-04        9.115768e-03
                5400        9.875400e-05        9.115710e-03
                5500        9.898900e-05        9.115768e-03
                5600        9.253800e-05        4.784108e-03
                5700        9.788800e-05        3.708997e-03
                5800        1.083440e-04        1.430954e-03
                5900        1.043570e-04        1.430865e-03
                6000        9.565800e-05        1.043398e-03
                6100        1.051240e-04        1.043290e-03
                6200        1.037480e-04        1.043398e-03
                6300        1.016170e-04        4.691007e-04
                6400        1.000090e-04        4.678930e-04
                6500        1.020440e-04        4.258020e-04
                6600        9.983000e-05        3.353061e-04
                6700        1.057680e-04        3.358006e-04
                6800        9.732400e-05        2.189961e-04
                6900        1.007850e-04        1.549921e-04
                7000        9.357100e-05        1.509867e-04
                7100        1.119400e-04        9.981522e-05
                7200        1.232260e-04        9.830579e-05
                7300        1.307900e-04        7.558441e-05
                7400        1.266100e-04        7.526684e-05
                7500        1.152060e-04        4.979740e-05
                7600        1.221510e-04        3.864420e-05
                7700        1.657180e-04        3.867858e-05
                7800        1.223760e-04        2.976379e-05
                7900        1.354250e-04        2.180944e-05
                8000        1.260930e-04        2.185309e-05
                8100        1.254740e-04        1.458588e-05
                8200        1.280590e-04        1.057210e-05
                8300        1.125650e-04        1.057772e-05
                8400        9.058200e-05        7.339660e-06
                8500        9.369500e-05        4.854397e-06
                8600        9.721300e-05        4.853691e-06
                8700        1.037860e-04        2.773422e-06
                8800        9.216200e-05        2.496858e-06
                8900        1.055270e-04        2.500804e-06
                9000        9.666700e-05        1.344189e-06
                9100        9.810400e-05        1.139724e-06
                9200        8.940000e-05        1.145346e-06
                9300        9.888100e-05        8.003324e-07
                9400        9.725000e-05        6.562285e-07
                9500        1.009590e-04        6.553436e-07
                9600        9.150500e-05        3.306738e-07
                9700        1.049350e-04        2.233308e-07
                9800        9.904300e-05        2.232374e-07
                9900        1.033940e-04        1.543267e-07
               10000        7.639700e-05        8.112300e-08
               10100        1.123270e-04        8.110169e-08
               10200        8.446600e-05        8.108770e-08
               10300        1.009670e-04        8.108770e-08
               10400        9.704100e-05        4.990734e-08
               10500        1.017900e-04        4.992219e-08
               10600        9.713200e-05        4.992219e-08
               10700        1.139510e-04        3.432318e-08
               10800        9.438900e-05        3.433494e-08
               10900        1.002600e-04        3.432318e-08
               11000        1.053780e-04        2.399594e-08
               11100        8.823100e-05        1.823229e-08
               11200        1.027260e-04        1.823229e-08
               11300        9.566600e-05        1.823307e-08
               11400        1.025820e-04        1.823307e-08
               11500        9.074900e-05        1.224407e-08
               11600        1.008970e-04        1.224308e-08
               11700        9.232800e-05        1.224308e-08
               11800        1.001760e-04        9.403273e-09
               11900        1.040640e-04        9.403273e-09
               12000        1.066830e-04        9.402414e-09
               12100        8.813900e-05        7.252562e-09
               12200        9.967100e-05        7.252565e-09
               12300        8.817800e-05        7.252562e-09
               12400        1.026410e-04        4.800860e-09
               12500        1.177770e-04        4.800003e-09
               12600        1.483430e-04        4.799899e-09
               12700        9.163800e-05        3.188087e-09
               12800        9.897800e-05        3.186484e-09
               12900        1.385130e-04        3.186484e-09
               13000        1.132550e-04        1.941970e-09
               13100        1.212740e-04        1.939980e-09
               13200        1.287510e-04        1.101806e-09
               13300        1.077890e-04        1.088300e-09
               13400        9.240900e-05        7.887009e-10
               13500        1.012470e-04        4.895825e-10
               13600        9.062100e-05        4.845267e-10
               13700        1.030220e-04        3.175928e-10
               13800        9.491300e-05        2.086911e-10
               13900        1.033420e-04        2.076030e-10
               14000        9.700400e-05        1.357905e-10
               14100        1.022620e-04        9.460564e-11
               14200        9.658400e-05        9.501752e-11
               14300        1.062680e-04        7.193982e-11
               14400        9.360200e-05        4.908589e-11
               14500        1.115830e-04        3.679255e-11
               14600        7.435800e-05        2.581316e-11
               14700        1.198580e-04        1.607573e-11
               14800        8.105900e-05        1.194063e-11
               14900        8.951800e-05        1.193511e-11
               15000        1.052970e-04        6.475520e-12
               15100        1.235630e-04        5.643694e-12
               15200        1.252630e-04        3.701050e-12
               15300        9.459100e-05        3.121678e-12
               15400        1.174290e-04        1.915407e-12
               15500        8.611200e-05        1.926649e-12
               15600        1.228120e-04        1.915407e-12
               15700        1.133770e-04        1.000882e-12
               15800        8.961100e-05        7.878454e-13
               15900        1.019460e-04        5.109997e-13
               16000        9.302700e-05        3.954184e-13
               16100        1.002640e-04        3.931798e-13
               16200        9.106200e-05        2.304178e-13
               16300        9.335300e-05        2.094094e-13
               16400        9.430700e-05        1.364239e-13
               16500        9.987900e-05        1.127507e-13
               16600        8.987100e-05        5.983708e-14
               16700        1.000080e-04        5.982088e-14
               16800        9.013800e-05        5.533839e-14
               16900        1.236960e-04        3.974318e-14
               17000        9.232200e-05        3.975631e-14
               17100        1.081240e-04        2.726798e-14
               17200        8.750600e-05        2.119320e-14
               17300        1.023470e-04        2.114631e-14
               17400        9.228100e-05        1.514074e-14
               17500        1.010700e-04        1.322537e-14
               17600        7.706700e-05        1.317574e-14
               17700        1.165570e-04        8.500203e-15
               17800        8.496900e-05        6.254401e-15
               17900        1.284800e-04        4.210299e-15
               18000        1.255940e-04        4.129446e-15
               18100        1.256680e-04        3.801344e-15
               18200        1.186570e-04        1.931138e-15
               18300        1.269900e-04        1.583761e-15
               18400        1.382160e-04        1.583353e-15
               18500        7.516900e-05        9.192060e-16
               18600        1.193640e-04        5.304200e-16
               18700        7.907100e-05        5.304853e-16
               18800        1.269080e-04        5.305123e-16
               18900        7.603800e-05        5.305123e-16
               19000        1.200800e-04        3.377709e-16
               19100        7.812200e-05        3.377748e-16
               19200        1.159850e-04        3.377510e-16
               19300        1.337200e-04        1.846457e-16
               19400        1.404190e-04        1.849525e-16
               19500        1.281430e-04        1.845655e-16
               19600        1.426440e-04        9.874066e-17
               19700        8.204700e-05        5.184241e-17
               19800        1.406460e-04        5.184240e-17
               19900        9.222600e-05        5.184241e-17
               20000        8.199400e-05        5.184241e-17
               20100        1.281960e-04        3.525476e-17
               20200        8.283600e-05        3.525476e-17
               20300        9.947400e-05        3.525476e-17
               20400        1.350310e-04        3.525476e-17
               20500        1.449830e-04        1.131617e-17
               20600        1.430800e-04        8.803661e-18
               20700        1.447750e-04        5.174330e-18
               20800        1.067770e-04        5.188044e-18
               20900        9.770000e-05        3.820412e-18
               21000        1.103760e-04        2.521268e-18
               21100        1.011730e-04        1.735627e-18
               21200        1.314630e-04        1.028721e-18
               21300        1.252050e-04        1.028299e-18
               21400        1.288540e-04        8.171615e-19
               21500        9.751300e-05        6.058134e-19
               21600        1.202680e-04        5.985631e-19
               21700        1.190490e-04        4.975704e-19
               21800        1.533810e-04        3.729016e-19
               21900        1.810310e-04        1.994324e-19
               22000        1.453990e-04        1.986602e-19
               22100        1.154580e-04        1.624993e-19
               22200        1.223650e-04        1.008691e-19
               22300        1.319660e-04        1.005007e-19
               22400        1.171330e-04        8.174985e-20
               22500        1.004540e-04        6.115274e-20
               22600        1.013450e-04        3.832929e-20
               22700        1.012690e-04        3.791501e-20
               22800        8.998100e-05        3.795581e-20
               22900        1.310000e-04        2.356076e-20
               23000        9.184600e-05        1.307540e-20
               23100        9.966900e-05        1.307830e-20
               23200        1.150050e-04        1.307758e-20
               23300        1.257110e-04        1.307830e-20
               23400        8.447100e-05        1.307830e-20
               23500        1.242080e-04        8.884764e-21
               23600        8.741700e-05        8.887463e-21
               23700        9.896100e-05        5.094482e-21
               23800        1.139320e-04        3.451482e-21
               23900        2.299520e-04        3.451389e-21
               24000        8.487200e-05        3.450369e-21
               24100        1.228050e-04        3.451482e-21
               24200        1.146720e-04        3.451389e-21
               24300        1.002960e-04        3.451482e-21
               24400        1.043410e-04        1.954195e-21
               24500        9.767900e-05        1.424709e-21
               24600        1.121300e-04        9.969428e-22
               24700        1.034030e-04        7.795691e-22
               24800        1.098180e-04        4.824155e-22
               24900        1.005580e-04        4.775771e-22
               25000        1.055530e-04        3.104399e-22
               25100        1.042390e-04        2.273828e-22
               25200        1.097650e-04        1.393138e-22
               25300        9.665100e-05        9.899764e-23
               25400        1.220560e-04        7.635160e-23
               25500        9.681100e-05        5.731420e-23
               25600        1.055830e-04        5.734647e-23
               25700        7.890900e-05        4.275453e-23
               25800        1.160780e-04        3.223286e-23
               25900        1.066840e-04        2.264970e-23
               26000        9.722000e-05        1.553418e-23
               26100        1.082580e-04        8.551077e-24
               26200        9.560300e-05        7.195932e-24
               26300        1.101150e-04        7.088261e-24
               26400        9.736100e-05        5.167852e-24
               26500        1.073480e-04        4.234678e-24
               26600        1.205420e-04        2.578495e-24
               26700        1.297790e-04        2.588747e-24
               26800        1.282190e-04        1.714467e-24
               26900        1.271640e-04        1.035933e-24
               27000        1.018610e-04        1.035933e-24
               27100        1.041390e-04        1.035933e-24
               27200        8.072500e-05        1.036648e-24
               27300        1.161560e-04        7.225865e-25
               27400        8.665900e-05        7.225305e-25
               27500        1.133580e-04        7.224526e-25
               27600        9.549700e-05        4.652074e-25
               27700        1.199890e-04        4.652074e-25
               27800        1.244050e-04        4.652074e-25
               27900        1.249830e-04        3.109658e-25
               28000        1.271890e-04        3.110818e-25
               28100        1.289130e-04        3.109658e-25
               28200        1.110860e-04        1.930751e-25
               28300        1.016060e-04        1.930110e-25
               28400        1.098390e-04        1.927710e-25
               28500        8.252200e-05        1.444593e-25
               28600        1.226860e-04        1.443528e-25
               28700        8.916600e-05        8.390548e-26
               28800        1.301510e-04        6.682938e-26
               28900        1.388340e-04        5.146094e-26
               29000        1.400720e-04        3.847727e-26
               29100        1.256350e-04        2.489830e-26
               29200        1.246290e-04        2.268698e-26
               29300        1.222430e-04        1.681156e-26
               29400        1.222810e-04        1.146524e-26
               29500        1.235780e-04        1.144947e-26
               29600        1.328670e-04        1.146524e-26
               29700        8.701500e-05        1.009012e-26
               29800        1.357650e-04        1.009012e-26
               29900        9.469700e-05        1.009012e-26
               30000        1.198160e-04        8.870442e-27
               30100        1.249610e-04        8.870442e-27
               30200        8.111100e-05        8.870442e-27
               30300        1.127310e-04        7.157652e-27
               30400        8.836700e-05        7.136944e-27
               30500        1.234420e-04        6.130124e-27
               30600        8.025200e-05        6.328207e-27
               30700        1.421420e-04        5.231161e-27
               30800        8.262900e-05        4.368762e-27
               30900        1.199180e-04        4.663793e-27
               31000        7.717400e-05        4.109707e-27
               31100        1.201490e-04        3.985330e-27
               31200        8.302600e-05        3.828749e-27
               31300        7.631000e-05        3.827368e-27
               31400        1.552720e-04        3.486870e-27
               31500        8.220900e-05        3.489237e-27
               31600        1.055650e-04        3.769335e-27
               31700        9.147900e-05        3.769335e-27
               31800        1.041810e-04        4.086232e-27
               31900        9.497300e-05        4.089486e-27
               32000        1.040690e-04        4.086232e-27
               32100        9.878200e-05        4.006925e-27
               32200        1.090620e-04        4.002796e-27
               32300        9.620900e-05        3.791177e-27
               32400        1.063130e-04        3.791177e-27
               32500        9.508500e-05        3.511639e-27
               32600        1.070250e-04        3.692045e-27
               32700        9.651900e-05        3.692045e-27
               32800        1.084060e-04        3.692045e-27
               32900        1.329840e-04        3.692045e-27
               33000        1.215910e-04        3.760891e-27
               33100        1.251380e-04        3.760891e-27
               33200        7.692900e-05        3.760891e-27
               33300        1.180640e-04        3.760891e-27
               33400        8.727800e-05        3.511687e-27
               33500        1.210410e-04        3.563909e-27
               33600        7.797800e-05        3.563318e-27
               33700        1.451490e-04        3.563909e-27
               33800        8.854600e-05        3.528100e-27
               33900        8.983300e-05        2.992886e-27
               34000        1.127080e-04        2.992886e-27
               34100        1.216880e-04        2.998663e-27
               34200        1.282370e-04        3.424302e-27
               34300        1.331230e-04        3.035901e-27
               34400        1.199750e-04        2.944562e-27
               34500        1.356670e-04        3.261924e-27
               34600        1.305020e-04        3.197977e-27
               34700        1.361870e-04        3.335618e-27
               34800        1.365120e-04        3.518137e-27
               34900        1.371430e-04        3.472367e-27
               35000        1.335750e-04        3.913538e-27
               35100        1.301590e-04        4.601732e-27
               35200        1.302870e-04        4.656252e-27
               35300        1.374560e-04        4.572587e-27
               35400        9.130200e-05        4.294428e-27
               35500        1.096950e-04        4.271875e-27
               35600        1.051780e-04        4.532777e-27
               35700        1.028010e-04        4.520810e-27
               35800        1.148340e-04        4.186615e-27
               35900        1.133620e-04        4.323005e-27
               36000        9.076300e-05        4.267245e-27
               36100        1.236730e-04        4.916242e-27
               36200        8.644800e-05        4.856004e-27
               36300        1.207460e-04        4.783868e-27
               36400        1.250330e-04        4.835724e-27
               36500        8.801400e-05        4.929201e-27
               36600        1.215800e-04        4.635870e-27
               36700        1.086290e-04        4.806958e-27
               36800        9.810800e-05        4.139242e-27
               36900        1.020460e-04        4.178667e-27
               37000        9.685000e-05        4.147388e-27
               37100        1.109860e-04        3.894020e-27
               37200        1.034060e-04        3.916060e-27
               37300        1.337930e-04        4.198029e-27
               37400        1.299250e-04        3.740079e-27
               37500        1.347690e-04        3.721232e-27
               37600        1.448060e-04        3.468777e-27
               37700        1.518810e-04        3.665934e-27
               37800        1.726430e-04        3.618098e-27
               37900        1.183540e-04        3.483537e-27
               38000        1.274240e-04        3.430923e-27
               38100        9.781000e-05        3.218699e-27
               38200        1.252300e-04        3.656850e-27
               38300        1.232820e-04        3.273612e-27
               38400        1.219510e-04        3.584765e-27
               38500        1.159660e-04        3.737803e-27
               38600        1.037320e-04        3.846209e-27
               38700        9.663400e-05        3.262723e-27
               38800        1.256260e-04        3.255502e-27
               38900        9.866000e-05        3.095525e-27
               39000        1.267080e-04        3.416150e-27
               39100        1.246800e-04        3.495109e-27
               39200        1.322670e-04        3.512257e-27
               39300        1.310590e-04        3.445252e-27
               39400        1.332060e-04        3.679114e-27
               39500        1.189730e-04        3.700258e-27
               39600        1.011160e-04        4.134464e-27
               39700        1.094460e-04        4.090499e-27
               39800        1.028010e-04        4.068105e-27
               39900        1.096220e-04        3.820814e-27
               40000        1.012300e-04        4.003878e-27
               40100        1.076270e-04        3.933290e-27
               40200        1.011970e-04        4.106782e-27
               40300        1.061160e-04        3.976063e-27
               40400        1.163950e-04        3.976063e-27
               40500        1.062860e-04        3.976063e-27
               40600        1.017670e-04        3.976063e-27
               40700        1.018840e-04        3.846414e-27
               40800        9.183600e-05        3.846512e-27
               40900        1.041280e-04        3.846512e-27
               41000        1.276520e-04        3.691911e-27
               41100        1.275850e-04        3.685846e-27
               41200        1.346150e-04        3.691911e-27
               41300        1.349020e-04        4.054485e-27
               41400        1.001330e-04        4.067107e-27
               41500        1.059680e-04        4.067107e-27
               41600        9.816900e-05        4.067107e-27
               41700        1.036430e-04        4.663384e-27
               41800        9.945900e-05        4.383452e-27
               41900        1.053700e-04        4.190736e-27
               42000        9.805900e-05        4.116463e-27
               42100        1.150870e-04        4.041845e-27
               42200        9.868100e-05        4.309426e-27
               42300        1.023880e-04        4.628493e-27
               42400        1.034190e-04        5.145313e-27
               42500        1.223980e-04        5.144425e-27
               42600        9.195600e-05        5.146891e-27
               42700        1.013450e-04        5.144425e-27
               42800        9.625800e-05        4.219018e-27
               42900        1.013470e-04        4.219018e-27
               43000        9.088900e-05        4.219807e-27
               43100        9.981000e-05        3.767638e-27
               43200        9.506600e-05        3.777104e-27
               43300        1.039060e-04        3.786571e-27
               43400        9.614300e-05        4.207815e-27
               43500        1.033400e-04        4.207716e-27
               43600        9.432900e-05        4.207716e-27
               43700        1.033510e-04        4.207778e-27
               43800        9.336100e-05        3.774283e-27
               43900        1.046070e-04        3.711144e-27
               44000        1.214530e-04        3.712569e-27
               44100        1.256220e-04        3.855891e-27
               44200        1.278810e-04        3.322768e-27
               44300        1.300140e-04        3.284453e-27
               44400        1.350710e-04        3.769358e-27
               44500        1.334640e-04        3.797757e-27
               44600        1.257420e-04        3.797757e-27
               44700        1.236300e-04        3.769358e-27
               44800        1.317170e-04        3.780482e-27
               44900        1.290780e-04        3.779694e-27
               45000        1.336290e-04        3.780482e-27
               45100        1.298220e-04        3.566433e-27
               45200        1.336240e-04        3.566433e-27
               45300        8.020500e-05        3.566433e-27
               45400        1.227770e-04        3.112454e-27
               45500        9.207500e-05        3.112454e-27
               45600        1.266670e-04        3.112454e-27
               45700        1.237240e-04        3.269346e-27
               45800        1.165480e-04        3.269346e-27
               45900        9.776300e-05        3.269346e-27
               46000        1.245420e-04        3.107151e-27
               46100        1.133310e-04        3.107940e-27
               46200        9.076000e-05        3.107151e-27
               46300        1.255570e-04        3.208219e-27
               46400        1.170450e-04        3.211571e-27
               46500        1.234330e-04        3.211571e-27
               46600        9.832300e-05        3.832528e-27
               46700        1.015150e-04        3.834007e-27
               46800        1.214840e-04        3.834007e-27
               46900        8.751700e-05        4.185600e-27
               47000        1.178120e-04        4.185600e-27
               47100        8.459300e-05        4.185600e-27
               47200        8.910700e-05        3.207510e-27
               47300        1.070800e-04        3.486879e-27
               47400        1.211440e-04        3.072847e-27
               47500        1.248170e-04        3.071997e-27
               47600        1.267550e-04        3.084618e-27
               47700        1.254540e-04        3.072847e-27
               47800        1.261770e-04        3.119047e-27
               47900        1.201500e-04        3.119047e-27
               48000        1.198910e-04        3.119047e-27
               48100        1.179930e-04        3.933915e-27
               48200        1.264130e-04        3.920839e-27
               48300        1.209440e-04        4.048486e-27
               48400        1.282580e-04        3.487652e-27
               48500        1.297330e-04        3.487652e-27
               48600        8.221500e-05        3.487060e-27
               48700        1.198910e-04        3.500076e-27
               48800        1.151920e-04        3.647271e-27
               48900        9.138900e-05        3.671140e-27
               49000        9.857500e-05        3.158682e-27
               49100        1.374820e-04        3.337323e-27
               49200        1.266940e-04        3.338112e-27
               49300        8.096800e-05        3.338112e-27
               49400        1.206540e-04        3.565143e-27
               49500        8.052100e-05        3.596195e-27
               49600        1.261530e-04        3.434850e-27
               49700        9.641600e-05        3.547656e-27
               49800        1.228920e-04        3.622028e-27
               49900        8.314000e-05        3.100188e-27
               50000        1.294690e-04        3.220208e-27
               50100        8.951300e-05        3.366832e-27
               50200        1.290020e-04        3.352235e-27
               50300        1.426620e-04        3.388739e-27
               50400        1.326610e-04        3.717163e-27
               50500        7.801700e-05        3.862436e-27
               50600        1.320220e-04        3.801420e-27
               50700        7.885300e-05        3.670657e-27
               50800        1.369430e-04        3.811291e-27
               50900        8.339900e-05        3.638368e-27
               51000        1.257600e-04        4.244131e-27
               51100        1.321490e-04        4.050141e-27
               51200        1.342300e-04        4.160591e-27
               51300        1.349800e-04        3.369890e-27
               51400        9.062300e-05        3.429658e-27
               51500        1.241340e-04        3.422032e-27
               51600        1.117090e-04        3.211405e-27
               51700        9.985400e-05        3.959550e-27
               51800        1.076290e-04        3.959550e-27
               51900        1.017760e-04        3.959550e-27
               52000        1.086830e-04        3.495775e-27
               52100        9.314000e-05        3.495775e-27
               52200        1.287370e-04        3.495775e-27
               52300        1.022020e-04        3.704748e-27
               52400        1.136730e-04        3.704748e-27
               52500        1.046940e-04        3.428801e-27
               52600        1.078110e-04        3.713493e-27
               52700        1.240390e-04        4.600169e-27
               52800        1.059360e-04        4.600169e-27
               52900        1.398680e-04        4.600169e-27
               53000        1.070630e-04        4.600169e-27
               53100        1.182980e-04        4.600169e-27
               53200        1.115460e-04        3.321693e-27
               53300        1.190510e-04        3.306741e-27
               53400        1.317030e-04        3.477183e-27
               53500        1.293820e-04        3.636293e-27
               53600        1.373330e-04        3.431208e-27
               53700        1.063070e-04        3.396876e-27
               53800        1.255790e-04        3.443109e-27
               53900        1.245760e-04        3.835645e-27
               54000        8.104100e-05        4.253362e-27
               54100        1.569660e-04        4.253362e-27
               54200        9.092900e-05        4.254348e-27
               54300        9.886500e-05        3.070252e-27
               54400        1.175550e-04        3.083071e-27
               54500        1.337430e-04        3.463423e-27
               54600        1.303110e-04        3.463460e-27
               54700        1.359350e-04        3.463460e-27
               54800        1.374840e-04        3.397574e-27
               54900        1.332900e-04        3.397574e-27
               55000        9.344300e-05        3.051384e-27
               55100        1.298600e-04        3.051384e-27
               55200        9.068800e-05        3.051384e-27
               55300        9.496200e-05        3.130855e-27
               55400        1.134720e-04        3.130855e-27
               55500        1.253680e-04        3.130855e-27
               55600        1.202690e-04        2.944476e-27
               55700        1.061970e-04        2.944476e-27
               55800        1.041810e-04        2.944476e-27
               55900        1.237760e-04        2.748481e-27
               56000        8.221600e-05        2.748481e-27
               56100        1.241450e-04        2.282061e-27
               56200        8.581000e-05        3.521823e-27
               56300        1.217880e-04        3.521823e-27
               56400        1.196410e-04        3.426772e-27
               56500        1.108980e-04        3.425884e-27
               56600        1.056720e-04        3.425884e-27
               56700        1.017380e-04        2.961749e-27
               56800        9.864900e-05        2.961749e-27
               56900        9.938600e-05        3.381374e-27
               57000        1.112160e-04        3.372129e-27
               57100        9.812200e-05        3.537160e-27
               57200        1.051900e-04        3.738921e-27
               57300        9.823800e-05        3.598448e-27
               57400        1.024170e-04        3.602616e-27
               57500        1.008670e-04        3.883046e-27
               57600        1.029180e-04        3.764331e-27
               57700        9.882200e-05        3.679170e-27
               57800        1.037440e-04        3.536610e-27
               57900        9.697900e-05        4.003415e-27
               58000        1.028750e-04        4.000950e-27
               58100        9.375500e-05        4.003415e-27
               58200        1.035440e-04        4.003415e-27
               58300        9.672900e-05        4.000950e-27
               58400        1.039230e-04        4.032804e-27
               58500        9.199000e-05        4.045253e-27
               58600        1.036650e-04        4.060912e-27
               58700        9.793200e-05        3.629271e-27
               58800        1.019110e-04        3.600625e-27
               58900        9.870800e-05        3.621401e-27
               59000        1.038260e-04        3.368251e-27
               59100        9.672200e-05        3.296064e-27
               59200        1.206590e-04        3.363344e-27
               59300        9.293200e-05        3.480779e-27
               59400        1.037920e-04        3.350224e-27
               59500        9.318400e-05        3.350224e-27
               59600        1.034340e-04        3.350224e-27
               59700        9.458300e-05        3.973465e-27
               59800        9.901100e-05        3.916674e-27
               59900        9.610300e-05        3.914308e-27
               60000        9.796100e-05        3.905225e-27
               60100        9.592400e-05        3.907000e-27
               60200        9.630600e-05        3.905225e-27
               60300        9.648400e-05        4.038786e-27
               60400        1.210310e-04        3.462328e-27
               60500        1.025030e-04        3.462328e-27
               60600        1.112250e-04        3.462328e-27
               60700        1.177070e-04        3.254976e-27
               60800        1.294940e-04        3.274028e-27
               60900        1.317680e-04        4.315738e-27
               61000        1.245250e-04        4.130075e-27
               61100        1.312860e-04        3.813141e-27
               61200        1.243280e-04        3.853506e-27
               61300        1.354860e-04        3.817335e-27
               61400        1.430240e-04        3.828768e-27
               61500        7.984100e-05        4.342266e-27
               61600        1.217000e-04        3.849713e-27
               61700        9.584700e-05        3.849713e-27
               61800        1.345840e-04        3.896686e-27
               61900        1.229130e-04        3.844913e-27
               62000        1.280580e-04        3.266209e-27
               62100        1.303020e-04        3.382675e-27
               62200        1.349560e-04        3.380308e-27
               62300        1.272490e-04        3.382182e-27
               62400        7.948400e-05        3.382182e-27
               62500        1.238310e-04        3.022932e-27
               62600        8.233300e-05        3.022932e-27
               62700        9.193900e-05        3.022932e-27
               62800        1.107430e-04        2.653546e-27
               62900        1.227310e-04        2.653546e-27
               63000        1.220440e-04        2.653546e-27
               63100        1.207910e-04        2.957807e-27
               63200        1.229000e-04        2.957807e-27
               63300        1.273750e-04        2.957807e-27
               63400        1.298060e-04        3.441576e-27
               63500        1.611590e-04        3.441576e-27
               63600        1.239160e-04        3.441576e-27
               63700        1.240750e-04        3.441576e-27
               63800        1.214370e-04        3.613461e-27
               63900        1.192980e-04        3.620246e-27
               64000        1.237880e-04        4.099309e-27
               64100        1.296910e-04        3.890370e-27
               64200        1.274740e-04        3.875178e-27
               64300        1.286740e-04        3.629369e-27
               64400        1.309630e-04        3.298671e-27
               64500        1.302900e-04        3.316112e-27
               64600        1.308610e-04        3.504942e-27
               64700        1.316090e-04        3.824215e-27
               64800        1.261870e-04        3.814001e-27
               64900        7.705900e-05        3.459081e-27
               65000        1.171020e-04        3.565420e-27
               65100        8.083400e-05        3.614603e-27
               65200        1.278240e-04        3.176604e-27
               65300        9.471500e-05        3.097909e-27
               65400        1.279410e-04        3.060096e-27
               65500        1.205880e-04        3.271919e-27
               65600        1.157840e-04        3.240483e-27
               65700        1.092090e-04        3.257677e-27
               65800        1.386530e-04        3.530026e-27
               65900        1.347370e-04        3.231420e-27
               66000        1.113470e-04        3.230040e-27
               66100        1.340790e-04        3.230040e-27
               66200        1.291730e-04        3.230040e-27
               66300        1.097210e-04        4.389480e-27
               66400        1.246110e-04        4.388494e-27
               66500        1.191480e-04        4.387902e-27
               66600        1.291230e-04        4.028105e-27
               66700        1.448600e-04        4.030472e-27
               66800        1.228710e-04        4.028105e-27
               66900        1.141830e-04        4.028105e-27
               67000        1.084830e-04        3.813606e-27
               67100        1.327160e-04        3.827813e-27
               67200        1.065720e-04        3.512137e-27
               67300        1.067800e-04        3.426633e-27
               67400        1.037040e-04        3.435815e-27
               67500        1.053320e-04        3.546167e-27
               67600        1.009430e-04        3.712331e-27
               67700        1.082850e-04        3.670742e-27
               67800        1.449020e-04        3.278974e-27
               67900        1.289270e-04        3.022467e-27
               68000        1.168760e-04        3.030660e-27
               68100        1.404080e-04        3.338626e-27
               68200        1.277050e-04        3.914122e-27
               68300        1.380930e-04        3.769806e-27
               68400        1.383900e-04        3.562658e-27
               68500        1.511790e-04        3.774666e-27
               68600        1.402370e-04        3.735744e-27
               68700        1.293310e-04        3.770651e-27
               68800        1.429330e-04        4.220047e-27
               68900        1.009720e-04        4.223872e-27
               69000        1.533600e-04        3.895948e-27
               69100        1.384280e-04        4.066758e-27
               69200        1.394030e-04        4.054688e-27
               69300        1.342940e-04        4.707408e-27
               69400        1.247350e-04        3.447376e-27
               69500        1.413220e-04        3.436954e-27
               69600        9.459000e-05        4.141975e-27
               69700        1.348220e-04        4.230528e-27
               69800        1.057790e-04        4.241227e-27
               69900        1.044720e-04        3.914338e-27
               70000        1.191380e-04        3.876626e-27
               70100        1.162920e-04        3.846858e-27
               70200        1.290320e-04        3.716443e-27
               70300        1.435040e-04        3.643190e-27
               70400        1.293200e-04        3.670405e-27
               70500        1.405710e-04        3.489942e-27
               70600        1.253070e-04        3.646492e-27
               70700        1.290860e-04        3.602878e-27
               70800        1.303930e-04        3.500237e-27
               70900        1.290840e-04        3.319744e-27
               71000        1.304370e-04        3.319744e-27
               71100        1.309650e-04        3.319350e-27
               71200        1.284330e-04        3.319744e-27
               71300        1.291470e-04        3.347572e-27
               71400        1.317290e-04        3.348361e-27
               71500        1.247290e-04        3.348361e-27
               71600        1.241780e-04        3.545083e-27
               71700        1.102420e-04        3.545083e-27
               71800        1.288520e-04        3.545083e-27
               71900        1.243800e-04        3.695239e-27
               72000        1.266160e-04        3.696126e-27
               72100        1.251020e-04        3.696126e-27
               72200        1.258910e-04        4.328573e-27
               72300        1.252630e-04        4.328573e-27
               72400        1.513920e-04        4.328573e-27
               72500        1.208770e-04        4.070034e-27
               72600        1.257710e-04        4.070034e-27
               72700        1.229820e-04        4.066484e-27
               72800        1.008070e-04        3.616127e-27
               72900        1.018690e-04        3.611493e-27
               73000        1.031760e-04        3.611493e-27
               73100        1.010130e-04        3.750409e-27
               73200        7.530800e-05        3.750409e-27
               73300        1.050710e-04        3.748733e-27
               73400        7.335700e-05        3.751964e-27
               73500        1.024140e-04        3.741906e-27
               73600        7.796800e-05        3.431031e-27
               73700        1.265220e-04        3.433496e-27
               73800        7.326200e-05        3.427383e-27
               73900        1.328590e-04        3.614611e-27
               74000        7.729200e-05        3.617964e-27
               74100        1.528840e-04        3.620527e-27
               74200        1.055380e-04        3.449027e-27
               74300        1.292810e-04        3.449027e-27
               74400        9.968700e-05        3.449027e-27
               74500        9.967800e-05        3.686759e-27
               74600        1.081420e-04        3.691886e-27
               74700        1.040560e-04        3.686759e-27
               74800        7.434500e-05        4.286978e-27
               74900        1.060840e-04        4.122768e-27
               75000        8.730800e-05        4.109469e-27
               75100        1.275890e-04        3.647406e-27
               75200        9.285600e-05        3.647406e-27
               75300        1.315990e-04        3.647406e-27
               75400        1.012670e-04        3.647406e-27
               75500        1.392170e-04        3.665230e-27
               75600        9.181800e-05        3.665033e-27
               75700        1.301320e-04        3.665230e-27
               75800        1.039410e-04        3.587558e-27
               75900        1.007190e-04        3.616203e-27
               76000        9.811100e-05        3.690663e-27
               76100        1.045040e-04        4.324516e-27
               76200        1.215080e-04        3.796281e-27
               76300        1.232550e-04        3.804268e-27
               76400        1.231030e-04        3.796281e-27
               76500        1.264090e-04        3.804268e-27
               76600        1.223380e-04        3.544757e-27
               76700        1.064510e-04        3.544757e-27
               76800        9.835200e-05        3.544757e-27
               76900        1.212210e-04        4.239448e-27
               77000        1.146910e-04        4.239448e-27
               77100        7.380200e-05        4.239448e-27
               77200        1.165140e-04        4.239448e-27
               77300        7.737200e-05        4.326004e-27
               77400        1.253420e-04        4.483766e-27
               77500        9.090800e-05        4.483766e-27
               77600        1.286240e-04        4.483766e-27
               77700        1.045770e-04        4.483766e-27
               77800        9.942000e-05        3.874263e-27
               77900        1.031130e-04        3.853284e-27
               78000        1.063100e-04        3.497892e-27
               78100        1.018600e-04        4.093873e-27
               78200        1.061640e-04        3.742646e-27
               78300        1.303730e-04        3.766037e-27
               78400        1.262000e-04        3.771400e-27
               78500        1.305040e-04        3.501009e-27
               78600        1.307770e-04        3.421775e-27
               78700        1.242430e-04        3.421775e-27
               78800        1.213950e-04        3.421775e-27
               78900        1.243690e-04        3.421775e-27
               79000        1.214980e-04        3.864333e-27
               79100        1.213860e-04        3.864333e-27
               79200        1.231600e-04        3.864333e-27
               79300        1.233960e-04        4.320346e-27
               79400        1.328550e-04        4.320346e-27
               79500        1.223830e-04        4.320346e-27
               79600        1.229290e-04        4.170196e-27
               79700        1.258090e-04        4.170196e-27
               79800        1.249100e-04        4.170196e-27
               79900        1.254550e-04        3.436749e-27
               80000        1.324990e-04        3.436749e-27
               80100        1.268440e-04        3.436749e-27
               80200        1.089030e-04        3.431865e-27
               80300        1.039310e-04        3.423187e-27
               80400        1.285120e-04        3.423187e-27
               80500        1.268930e-04        3.426757e-27
               80600        1.233650e-04        3.426757e-27
               80700        1.371510e-04        3.426757e-27
               80800        1.204380e-04        3.942520e-27
               80900        1.275640e-04        3.928320e-27
               81000        1.287530e-04        3.928123e-27
               81100        1.414120e-04        3.468010e-27
               81200        1.136710e-04        3.472780e-27
               81300        1.140890e-04        3.466864e-27
               81400        1.303630e-04        3.962086e-27
               81500        1.335490e-04        3.962086e-27
               81600        9.475100e-05        3.962086e-27
               81700        1.383580e-04        3.403594e-27
               81800        1.071170e-04        3.402608e-27
               81900        1.344610e-04        3.403594e-27
               82000        1.078150e-04        3.403594e-27
               82100        1.451930e-04        3.325594e-27
               82200        1.028420e-04        3.383852e-27
               82300        1.331540e-04        3.383852e-27
               82400        1.253400e-04        3.392442e-27
               82500        1.401090e-04        3.812711e-27
               82600        1.196100e-04        3.812711e-27
               82700        1.379340e-04        3.556039e-27
               82800        1.180860e-04        4.243404e-27
               82900        1.364000e-04        4.202585e-27
               83000        1.128020e-04        4.064385e-27
               83100        1.425910e-04        4.064385e-27
               83200        9.890400e-05        4.064385e-27
               83300        1.292270e-04        4.064385e-27
               83400        1.030030e-04        4.676423e-27
               83500        1.088680e-04        4.088926e-27
               83600        1.100290e-04        4.096774e-27
               83700        1.181510e-04        4.064124e-27
               83800        1.345710e-04        4.145588e-27
               83900        1.368340e-04        3.946593e-27
               84000        1.181230e-04        3.742533e-27
               84100        1.268260e-04        3.479462e-27
               84200        1.183750e-04        3.637818e-27
               84300        1.352020e-04        4.017982e-27
               84400        8.572600e-05        4.353861e-27
               84500        1.360180e-04        4.355833e-27
               84600        9.524700e-05        4.126533e-27
               84700        1.357800e-04        3.662849e-27
               84800        1.111270e-04        3.645046e-27
               84900        1.131020e-04        3.455914e-27
               85000        1.001600e-04        3.734107e-27
               85100        1.016140e-04        3.632373e-27
               85200        9.884900e-05        3.716824e-27
               85300        9.929200e-05        3.773638e-27
               85400        8.685300e-05        4.123756e-27
               85500        1.315600e-04        3.644164e-27
               85600        1.061240e-04        3.644164e-27
               85700        7.598100e-05        3.564456e-27
               85800        1.036850e-04        3.564456e-27
               85900        7.519200e-05        3.564358e-27
               86000        1.277740e-04        4.082047e-27
               86100        8.119500e-05        3.881536e-27
               86200        1.335520e-04        3.487213e-27
               86300        9.557500e-05        4.149059e-27
               86400        1.367700e-04        4.120216e-27
               86500        1.046300e-04        3.916070e-27
               86600        1.032470e-04        3.471344e-27
               86700        1.452170e-04        3.431622e-27
               86800        9.749400e-05        3.760200e-27
               86900        1.331920e-04        3.798510e-27
               87000        1.085620e-04        3.840546e-27
               87100        1.086230e-04        3.540946e-27
               87200        1.038860e-04        3.698942e-27
               87300        1.171540e-04        3.604691e-27
               87400        1.044000e-04        3.469628e-27
               87500        1.056320e-04        3.587692e-27
               87600        1.039840e-04        3.624297e-27
               87700        1.017950e-04        3.719789e-27
               87800        1.024940e-04        3.995617e-27
               87900        1.065090e-04        3.931045e-27
               88000        1.092750e-04        3.435825e-27
               88100        1.220450e-04        3.218394e-27
               88200        1.025020e-04        3.194992e-27
               88300        9.945600e-05        3.875035e-27
               88400        1.007240e-04        3.404663e-27
               88500        1.006940e-04        3.282228e-27
               88600        9.740400e-05        3.347477e-27
               88700        9.969900e-05        4.147644e-27
               88800        9.858100e-05        4.151194e-27
               88900        1.028860e-04        4.151194e-27
               89000        9.867800e-05        3.547683e-27
               89100        1.011440e-04        3.568995e-27
               89200        9.946900e-05        3.537120e-27
               89300        9.902800e-05        3.565140e-27
               89400        1.000520e-04        3.817100e-27
               89500        1.015770e-04        4.056836e-27
               89600        1.051380e-04        3.472534e-27
               89700        1.050260e-04        3.390100e-27
               89800        9.500400e-05        3.702601e-27
               89900        8.741800e-05        3.531923e-27
               90000        1.235950e-04        3.176298e-27
               90100        1.244390e-04        3.612424e-27
               90200        1.244320e-04        3.494955e-27
               90300        1.200430e-04        3.491707e-27
               90400        1.212800e-04        3.345003e-27
               90500        1.153660e-04        2.840011e-27
               90600        1.149470e-04        2.840011e-27
               90700        1.149890e-04        2.840011e-27
               90800        1.157040e-04        2.840011e-27
               90900        1.145850e-04        3.054289e-27
               91000        1.065010e-04        3.054289e-27
               91100        1.124870e-04        3.054289e-27
               91200        1.009870e-04        3.484635e-27
               91300        9.774300e-05        3.484635e-27
               91400        9.853000e-05        3.484635e-27
               91500        9.292200e-05        2.892100e-27
               91600        1.146910e-04        2.892100e-27
               91700        1.130090e-04        2.892100e-27
               91800        1.148390e-04        2.892100e-27
               91900        1.149800e-04        3.264674e-27
               92000        1.154120e-04        3.273452e-27
               92100        1.146590e-04        3.064708e-27
               92200        1.062300e-04        3.061287e-27
               92300        1.110290e-04        3.441320e-27
               92400        9.678000e-05        3.495049e-27
               92500        9.767600e-05        3.939297e-27
               92600        7.286700e-05        3.954094e-27
               92700        1.208990e-04        3.965927e-27
               92800        9.430600e-05        3.954094e-27
               92900        7.272900e-05        3.954094e-27
               93000        1.198220e-04        3.954094e-27
               93100        9.796600e-05        4.061481e-27
               93200        9.817100e-05        4.084697e-27
               93300        9.837200e-05        3.974051e-27
               93400        9.423600e-05        3.721649e-27
               93500        9.791200e-05        3.664727e-27
               93600        9.704000e-05        3.689387e-27
               93700        9.969500e-05        4.159042e-27
               93800        9.246400e-05        3.937849e-27
               93900        9.731800e-05        3.945738e-27
               94000        9.559800e-05        3.945738e-27
               94100        9.822800e-05        3.934398e-27
               94200        9.842100e-05        3.945738e-27
               94300        9.917400e-05        3.669170e-27
               94400        1.173650e-04        3.625312e-27
               94500        1.166990e-04        3.911741e-27
               94600        1.163360e-04        3.356066e-27
               94700        1.176850e-04        3.265440e-27
               94800        1.174030e-04        3.282124e-27
               94900        1.214780e-04        3.577692e-27
               95000        1.197440e-04        3.591749e-27
               95100        1.204190e-04        3.879435e-27
               95200        1.216140e-04        3.803890e-27
               95300        1.201910e-04        3.225303e-27
               95400        1.174180e-04        3.094418e-27
               95500        1.169880e-04        3.097172e-27
               95600        1.188350e-04        2.841624e-27
               95700        1.181760e-04        3.323424e-27
               95800        1.205650e-04        3.295060e-27
               95900        1.245730e-04        3.305901e-27
               96000        1.219750e-04        3.369334e-27
               96100        1.229420e-04        3.377685e-27
               96200        1.235750e-04        3.264284e-27
               96300        1.203410e-04        3.820234e-27
               96400        1.222550e-04        3.845158e-27
               96500        1.190570e-04        3.759033e-27
               96600        1.149040e-04        4.459786e-27
               96700        1.149240e-04        4.451480e-27
               96800        1.145730e-04        4.396513e-27
               96900        1.152290e-04        3.788126e-27
               97000        1.157370e-04        3.767359e-27
               97100        1.101610e-04        3.287916e-27
               97200        1.106830e-04        3.573784e-27
               97300        1.171130e-04        3.652802e-27
               97400        1.163920e-04        4.182443e-27
               97500        1.157170e-04        4.116297e-27
               97600        1.156560e-04        4.018740e-27
               97700        1.039210e-04        3.890480e-27
               97800        9.637500e-05        3.866365e-27
               97900        6.779000e-05        3.650595e-27
               98000        6.789000e-05        3.809114e-27
               98100        6.869300e-05        3.839493e-27
               98200        6.719200e-05        3.706731e-27
               98300        6.865800e-05        3.537818e-27
               98400        6.759600e-05        3.529831e-27
               98500        6.668300e-05        3.307192e-27
               98600        6.851300e-05        3.138923e-27
               98700        6.721900e-05        3.141168e-27
               98800        6.826300e-05        3.004047e-27
               98900        6.765800e-05        3.040617e-27
               99000        6.893100e-05        3.076858e-27
               99100        6.844500e-05        3.936374e-27
               99200        6.780600e-05        3.898258e-27
               99300        6.765000e-05        3.886327e-27
               99400        6.680900e-05        2.908637e-27
               99500        6.645600e-05        3.049011e-27
               99600        6.595500e-05        3.098240e-27
               99700        6.830200e-05        3.429382e-27
               99800        6.671500e-05        3.555252e-27
               99900        6.766300e-05        3.581583e-27
              100000        6.735700e-05        3.671486e-27
