Period: 100
               Epoch           Time cost                Loss
                 100        3.450190e-04        6.102259e+04
                 200        2.289340e-04        6.102259e+04
                 300        1.151840e-04        6.102259e+04
                 400        1.691900e-04        6.102259e+04
                 500        1.617480e-04        0.000000e+00
                 600        1.393300e-04        1.759611e+04
                 700        1.366880e-04        1.759373e+04
                 800        1.502340e-04        1.759329e+04
                 900        1.408550e-04        1.715350e+04
                1000        1.535300e-04        1.760028e+04
                1100        1.423990e-04        1.521714e+04
                1200        1.605630e-04        8.311571e+03
                1300        1.540800e-04        8.312129e+03
                1400        1.626790e-04        8.312176e+03
                1500        1.420750e-04        8.027991e+03
                1600        1.634750e-04        8.312246e+03
                1700        1.436480e-04        8.027991e+03
                1800        1.620020e-04        8.312067e+03
                1900        1.632440e-04        6.062089e+03
                2000        1.543940e-04        6.062086e+03
                2100        1.174414e-03        6.062086e+03
                2200        1.903080e-04        6.062086e+03
                2300        1.777600e-04        6.166520e+03
                2400        1.868400e-04        3.747715e+03
                2500        1.711520e-04        3.747378e+03
                2600        1.687740e-04        3.747615e+03
                2700        1.684210e-04        3.747375e+03
                2800        1.912160e-04        3.747394e+03
                2900        1.193047e-03        2.056700e+03
                3000        1.747150e-04        2.057173e+03
                3100        1.933220e-04        2.056914e+03
                3200        1.682140e-04        2.056851e+03
                3300        1.910490e-04        2.056838e+03
                3400        1.843710e-04        1.376830e+03
                3500        2.005590e-04        1.376830e+03
                3600        2.015100e-04        1.376830e+03
                3700        1.972620e-04        1.376830e+03
                3800        1.618800e-04        1.376830e+03
                3900        1.758400e-04        5.952255e+02
                4000        1.577580e-04        5.951707e+02
                4100        1.903830e-04        5.786726e+02
                4200        2.015390e-04        5.951531e+02
                4300        1.601960e-04        5.786464e+02
                4400        1.951440e-04        5.952286e+02
                4500        2.163370e-04        5.403082e+02
                4600        1.595450e-04        3.524941e+02
                4700        1.599610e-04        3.525168e+02
                4800        2.161040e-04        3.525331e+02
                4900        1.656510e-04        3.525206e+02
                5000        1.944540e-04        3.525205e+02
                5100        1.593740e-04        5.786726e+02
                5200        1.057510e-04        1.959827e+02
                5300        1.701200e-04        1.921191e+02
                5400        1.575870e-04        1.922867e+02
                5500        1.920510e-04        1.959472e+02
                5600        1.963580e-04        1.959316e+02
                5700        1.606550e-04        1.959472e+02
                5800        1.722190e-04        1.959827e+02
                5900        1.336050e-04        1.254053e+02
                6000        1.497910e-04        1.254073e+02
                6100        1.903360e-04        1.253002e+02
                6200        1.988630e-04        1.253002e+02
                6300        1.677000e-04        1.254086e+02
                6400        1.651950e-04        1.253002e+02
                6500        9.881100e-05        1.253002e+02
                6600        1.608170e-04        1.051823e+02
                6700        1.013190e-04        1.051820e+02
                6800        1.789120e-04        1.051819e+02
                6900        1.965680e-04        1.051819e+02
                7000        1.759170e-04        1.051820e+02
                7100        1.863420e-04        1.051820e+02
                7200        1.836330e-04        8.014130e+01
                7300        1.516380e-04        8.014130e+01
                7400        1.894380e-04        8.014155e+01
                7500        1.492240e-04        8.014130e+01
                7600        1.771670e-04        8.014130e+01
                7700        1.462670e-04        8.014130e+01
                7800        1.594580e-04        4.456140e+01
                7900        1.739880e-04        4.456676e+01
                8000        1.763090e-04        4.456282e+01
                8100        1.621030e-04        4.457190e+01
                8200        1.549360e-04        4.456980e+01
                8300        1.743330e-04        3.430404e+01
                8400        1.471360e-04        3.421321e+01
                8500        1.791600e-04        3.442453e+01
                8600        1.493580e-04        1.864259e+01
                8700        1.661170e-04        1.864203e+01
                8800        1.735440e-04        1.864004e+01
                8900        3.183924e-03        1.864013e+01
                9000        2.088450e-04        1.864288e+01
                9100        1.498710e-04        1.864316e+01
                9200        1.645000e-04        1.838734e+01
                9300        2.056350e-04        1.089913e+01
                9400        1.440080e-04        1.090061e+01
                9500        1.646400e-04        1.090213e+01
                9600        1.508360e-04        1.090009e+01
                9700        1.536880e-04        1.090028e+01
                9800        1.537620e-04        1.090198e+01
                9900        1.719780e-04        1.048772e+01
               10000        1.504290e-04        6.797192e+00
               10100        1.030289e-03        6.797346e+00
               10200        1.298960e-04        6.798496e+00
               10300        1.816030e-04        6.796908e+00
               10400        1.474150e-04        6.798572e+00
               10500        1.675320e-04        6.678626e+00
               10600        1.754620e-04        3.936221e+00
               10700        1.914310e-04        3.936189e+00
               10800        1.577180e-04        3.935141e+00
               10900        1.850350e-04        3.935458e+00
               11000        3.781470e-04        3.935201e+00
               11100        1.696270e-04        2.543102e+00
               11200        2.404440e-04        2.543233e+00
               11300        1.867230e-04        2.542633e+00
               11400        1.716310e-04        2.542668e+00
               11500        1.590660e-04        2.542978e+00
               11600        1.753110e-04        2.542972e+00
               11700        1.211980e-04        2.137145e+00
               11800        1.621890e-04        1.520257e+00
               11900        2.674960e-04        1.519885e+00
               12000        1.565220e-04        1.520070e+00
               12100        2.006520e-04        1.520129e+00
               12200        1.576640e-04        2.542972e+00
               12300        1.562960e-04        1.520257e+00
               12400        5.384780e-04        1.069597e+00
               12500        2.220080e-04        7.481180e-01
               12600        1.824370e-04        7.488225e-01
               12700        1.574540e-04        7.486830e-01
               12800        1.853710e-04        7.488958e-01
               12900        2.394010e-04        7.488671e-01
               13000        1.643770e-04        4.277829e-01
               13100        2.589900e-04        4.598294e-01
               13200        1.856430e-04        4.277829e-01
               13300        1.793650e-04        4.277829e-01
               13400        2.124100e-04        2.669398e-01
               13500        1.157173e-03        2.669606e-01
               13600        4.224470e-04        2.669489e-01
               13700        1.828520e-04        2.647318e-01
               13800        1.636740e-04        2.649111e-01
               13900        1.760190e-04        2.669576e-01
               14000        1.566310e-04        1.971878e-01
               14100        1.598350e-04        1.302002e-01
               14200        1.514270e-04        1.301962e-01
               14300        1.069018e-03        1.301962e-01
               14400        1.675730e-04        1.302003e-01
               14500        1.674020e-04        1.302003e-01
               14600        1.527020e-04        1.301962e-01
               14700        1.775990e-04        1.302003e-01
               14800        1.705250e-04        1.776287e-01
               14900        1.406310e-04        7.061383e-02
               15000        1.615770e-04        7.059631e-02
               15100        1.619000e-04        7.059739e-02
               15200        1.492260e-04        7.061656e-02
               15300        1.439230e-04        5.372695e-02
               15400        1.822150e-04        4.960516e-02
               15500        1.632940e-04        4.960716e-02
               15600        2.080390e-04        4.960299e-02
               15700        1.641890e-04        4.960098e-02
               15800        1.543600e-04        4.958613e-02
               15900        1.968670e-04        4.960740e-02
               16000        1.920920e-04        4.960740e-02
               16100        1.180080e-04        2.199693e-02
               16200        1.854170e-04        2.083399e-02
               16300        1.504150e-04        1.934981e-02
               16400        1.518970e-04        1.160339e-02
               16500        1.670170e-04        1.160262e-02
               16600        1.917370e-04        1.086949e-02
               16700        1.562900e-04        1.160008e-02
               16800        1.484150e-04        1.160230e-02
               16900        1.758720e-04        1.160073e-02
               17000        1.746160e-04        1.086949e-02
               17100        1.904440e-04        5.348111e-03
               17200        1.661490e-04        5.346948e-03
               17300        1.122500e-04        5.346039e-03
               17400        1.510870e-04        5.347205e-03
               17500        2.767390e-04        5.347302e-03
               17600        5.987290e-04        5.262142e-03
               17700        1.867020e-04        5.262129e-03
               17800        2.086970e-04        3.405902e-03
               17900        1.670590e-04        3.414219e-03
               18000        1.552240e-04        3.414132e-03
               18100        1.708480e-04        3.414090e-03
               18200        1.444080e-04        5.262129e-03
               18300        9.626200e-05        2.186429e-03
               18400        1.730190e-04        2.165019e-03
               18500        1.655310e-04        2.186511e-03
               18600        1.496320e-04        2.186502e-03
               18700        1.684490e-04        2.186381e-03
               18800        2.034630e-04        2.186381e-03
               18900        1.683790e-04        2.186511e-03
               19000        2.159820e-04        8.177020e-04
               19100        2.219370e-04        8.177124e-04
               19200        2.103940e-04        8.176988e-04
               19300        1.640910e-04        8.177124e-04
               19400        1.689980e-04        8.177124e-04
               19500        2.148360e-04        8.177026e-04
               19600        1.735660e-04        1.052427e-03
               19700        1.904160e-04        8.177010e-04
               19800        1.726800e-04        5.384800e-04
               19900        9.577200e-05        5.384683e-04
               20000        1.506040e-04        5.384684e-04
               20100        1.396540e-04        5.384477e-04
               20200        1.500570e-04        5.384529e-04
               20300        1.825770e-04        5.384947e-04
               20400        1.806470e-04        5.384684e-04
               20500        1.585870e-04        3.712566e-04
               20600        1.610280e-04        3.712703e-04
               20700        9.611000e-05        3.712745e-04
               20800        1.786060e-04        3.712472e-04
               20900        1.490310e-04        3.712860e-04
               21000        1.734870e-04        3.712920e-04
               21100        1.457810e-04        3.712703e-04
               21200        1.735840e-04        2.456942e-04
               21300        1.810830e-04        2.456575e-04
               21400        9.479700e-05        2.456477e-04
               21500        1.668080e-04        2.456455e-04
               21600        1.752290e-04        2.456451e-04
               21700        1.629650e-04        2.429332e-04
               21800        1.490920e-04        1.587947e-04
               21900        1.530480e-04        1.588175e-04
               22000        1.957090e-04        1.588301e-04
               22100        1.674480e-04        1.586180e-04
               22200        1.447600e-04        1.586258e-04
               22300        1.544970e-04        1.258662e-04
               22400        2.534250e-04        1.258662e-04
               22500        1.041620e-04        1.258662e-04
               22600        1.700990e-04        1.258662e-04
               22700        1.765700e-04        1.258662e-04
               22800        1.875070e-04        1.258662e-04
               22900        1.979950e-04        8.081211e-05
               23000        1.834530e-04        8.080236e-05
               23100        1.833100e-04        8.080619e-05
               23200        1.022970e-04        8.080857e-05
               23300        1.732800e-04        8.080859e-05
               23400        1.913420e-04        7.982657e-05
               23500        1.710830e-04        5.501246e-05
               23600        1.917290e-04        5.501036e-05
               23700        2.343590e-04        5.500851e-05
               23800        1.703520e-04        5.501500e-05
               23900        1.954630e-04        5.501480e-05
               24000        1.853940e-04        5.548296e-05
               24100        1.931820e-04        3.311639e-05
               24200        1.950530e-04        3.312254e-05
               24300        1.832470e-04        3.312338e-05
               24400        1.751240e-04        3.312358e-05
               24500        2.403470e-04        3.312275e-05
               24600        2.020660e-04        3.227578e-05
               24700        1.609380e-04        2.036444e-05
               24800        1.986880e-04        2.036332e-05
               24900        2.050140e-04        2.036435e-05
               25000        1.663310e-04        2.036358e-05
               25100        1.924160e-04        1.398778e-05
               25200        1.663020e-04        1.398535e-05
               25300        2.159870e-04        1.398631e-05
               25400        2.031680e-04        1.398603e-05
               25500        2.034920e-04        1.398629e-05
               25600        1.953320e-04        1.313794e-05
               25700        1.613290e-04        1.314586e-05
               25800        1.764780e-04        7.828741e-06
               25900        1.622470e-04        7.753353e-06
               26000        1.767840e-04        8.497744e-06
               26100        1.633980e-04        7.036070e-06
               26200        1.602790e-04        7.027597e-06
               26300        1.612750e-04        6.303201e-06
               26400        2.152430e-04        5.787122e-06
               26500        1.721570e-04        3.924338e-06
               26600        1.614510e-04        3.617182e-06
               26700        1.585490e-04        3.923933e-06
               26800        1.781000e-04        3.925209e-06
               26900        2.019030e-04        3.137291e-06
               27000        1.958420e-04        1.693261e-06
               27100        1.978430e-04        1.693343e-06
               27200        1.779110e-04        1.693335e-06
               27300        1.724280e-04        1.693273e-06
               27400        1.839860e-04        1.693325e-06
               27500        1.824630e-04        1.686646e-06
               27600        1.692620e-04        1.008192e-06
               27700        1.813790e-04        1.003920e-06
               27800        1.902930e-04        1.003484e-06
               27900        1.832440e-04        1.003517e-06
               28000        1.733285e-03        1.003768e-06
               28100        1.758110e-04        1.003774e-06
               28200        1.981200e-04        6.180372e-07
               28300        1.754030e-04        6.180760e-07
               28400        1.572110e-04        6.180114e-07
               28500        1.345722e-03        6.180095e-07
               28600        1.547280e-04        6.180070e-07
               28700        1.609270e-04        3.922381e-07
               28800        2.252260e-04        3.922198e-07
               28900        1.766450e-04        3.921493e-07
               29000        1.531370e-04        3.922197e-07
               29100        1.793110e-04        3.921895e-07
               29200        1.444250e-04        3.681089e-07
               29300        1.258380e-04        2.067355e-07
               29400        1.843250e-04        2.067740e-07
               29500        1.572330e-04        2.067386e-07
               29600        1.594610e-04        2.067263e-07
               29700        1.556170e-04        2.048553e-07
               29800        1.732570e-04        2.067544e-07
               29900        1.486310e-04        2.067389e-07
               30000        1.688060e-04        1.273256e-07
               30100        1.800120e-04        1.273172e-07
               30200        1.868270e-04        1.273193e-07
               30300        1.495510e-04        1.273204e-07
               30400        1.769960e-04        1.273162e-07
               30500        1.627640e-04        9.783532e-08
               30600        1.826450e-04        6.942956e-08
               30700        1.663550e-04        5.193549e-08
               30800        1.563670e-04        5.150468e-08
               30900        1.926540e-04        5.194841e-08
               31000        1.794770e-04        5.100405e-08
               31100        1.867720e-04        5.193530e-08
               31200        2.077990e-04        7.439731e-08
               31300        1.944350e-04        3.232440e-08
               31400        1.854570e-04        3.050502e-08
               31500        1.092780e-04        2.022324e-08
               31600        1.751710e-04        2.021967e-08
               31700        1.664400e-04        2.021970e-08
               31800        2.327320e-04        2.021700e-08
               31900        2.017200e-04        1.464320e-08
               32000        1.581490e-04        9.883916e-09
               32100        1.670680e-04        4.840601e-09
               32200        1.038280e-04        4.880465e-09
               32300        1.831350e-04        4.880632e-09
               32400        1.580380e-04        4.840617e-09
               32500        1.795240e-04        5.624557e-09
               32600        1.691860e-04        4.869459e-09
               32700        1.588040e-04        8.923428e-09
               32800        1.823870e-04        3.387183e-09
               32900        1.623090e-04        3.385702e-09
               33000        2.002630e-04        3.386352e-09
               33100        1.921040e-04        3.386245e-09
               33200        1.628540e-04        2.016121e-09
               33300        1.729010e-04        2.016507e-09
               33400        1.703470e-04        2.015242e-09
               33500        1.760020e-04        1.830184e-09
               33600        2.090440e-04        1.821850e-09
               33700        2.261050e-04        1.086011e-09
               33800        1.617280e-04        1.086009e-09
               33900        1.823800e-04        1.054744e-09
               34000        1.644640e-04        9.334028e-10
               34100        1.916320e-04        9.334353e-10
               34200        1.752650e-04        7.861302e-10
               34300        1.693840e-04        8.791933e-10
               34400        1.619600e-04        9.105726e-10
               34500        1.081380e-04        7.861268e-10
               34600        1.740460e-04        7.860893e-10
               34700        1.728300e-04        9.091734e-10
               34800        1.663360e-04        4.418914e-10
               34900        1.919530e-04        4.419174e-10
               35000        1.747190e-04        5.632903e-10
               35100        1.759910e-04        5.632196e-10
               35200        1.785640e-04        4.415266e-10
               35300        1.730300e-04        2.959447e-10
               35400        1.865500e-04        2.959469e-10
               35500        1.926920e-04        2.959449e-10
               35600        1.835820e-04        2.959420e-10
               35700        1.884110e-04        2.959416e-10
               35800        1.571770e-04        2.981880e-10
               35900        1.741230e-04        2.981879e-10
               36000        1.024110e-04        2.052829e-10
               36100        3.081020e-04        1.385342e-10
               36200        2.131020e-04        1.385434e-10
               36300        1.500950e-04        1.385463e-10
               36400        1.863540e-04        1.385425e-10
               36500        1.850800e-04        1.385482e-10
               36600        1.901890e-04        8.766349e-11
               36700        2.030760e-04        8.706394e-11
               36800        1.670590e-04        8.766053e-11
               36900        1.928920e-04        8.706394e-11
               37000        1.864020e-04        8.765364e-11
               37100        1.628420e-04        8.765809e-11
               37200        1.874480e-04        6.162031e-11
               37300        1.669230e-04        6.173366e-11
               37400        2.093180e-04        6.173350e-11
               37500        1.646670e-04        6.161790e-11
               37600        1.676970e-04        6.161785e-11
               37700        2.166740e-04        5.457171e-11
               37800        1.858980e-04        5.457171e-11
               37900        2.132640e-04        5.457134e-11
               38000        2.089840e-04        5.457171e-11
               38100        1.834050e-04        5.457171e-11
               38200        2.152040e-04        5.457161e-11
               38300        1.057970e-03        5.457171e-11
               38400        1.171470e-04        3.290897e-11
               38500        1.946360e-04        3.290963e-11
               38600        1.871640e-04        3.288016e-11
               38700        1.906050e-04        3.290908e-11
               38800        3.324220e-04        3.290927e-11
               38900        1.955920e-04        3.290947e-11
               39000        1.574850e-04        2.855345e-11
               39100        1.070598e-03        2.855389e-11
               39200        1.060080e-04        2.855389e-11
               39300        1.964810e-04        2.855389e-11
               39400        1.517180e-04        2.855389e-11
               39500        1.902460e-04        2.855337e-11
               39600        1.631270e-04        2.855345e-11
               39700        1.999630e-04        1.929082e-11
               39800        1.591850e-04        1.928300e-11
               39900        1.240152e-03        1.929299e-11
               40000        1.607870e-04        1.929261e-11
               40100        2.060360e-04        1.929738e-11
               40200        2.138000e-04        1.295688e-11
               40300        2.177670e-04        8.667407e-12
               40400        1.925620e-04        8.756772e-12
               40500        1.992260e-04        8.757308e-12
               40600        1.934880e-04        8.805230e-12
               40700        1.785990e-04        8.795252e-12
               40800        1.627440e-04        8.735373e-12
               40900        1.907060e-04        3.697688e-12
               41000        1.704500e-04        3.619206e-12
               41100        1.862790e-04        3.618283e-12
               41200        1.745880e-04        3.449942e-12
               41300        1.852150e-04        3.697307e-12
               41400        1.360560e-04        3.699074e-12
               41500        1.556880e-04        4.282573e-12
               41600        2.045490e-04        1.549233e-11
               41700        1.829920e-04        1.353662e-12
               41800        1.827190e-04        1.338206e-12
               41900        1.600070e-04        1.347111e-12
               42000        1.859400e-04        1.354272e-12
               42100        1.731170e-04        1.337738e-12
               42200        1.806680e-04        1.004829e-12
               42300        1.635150e-04        7.250320e-13
               42400        1.651050e-04        7.403265e-13
               42500        1.679520e-04        7.240275e-13
               42600        1.601650e-04        7.337358e-13
               42700        1.545730e-04        7.769633e-13
               42800        1.611740e-04        4.192326e-13
               42900        1.435670e-04        3.358673e-13
               43000        2.059220e-04        3.358795e-13
               43100        7.736000e-04        3.353280e-13
               43200        1.281570e-04        3.358811e-13
               43300        1.950000e-04        3.358847e-13
               43400        1.524870e-04        2.757306e-13
               43500        1.797930e-04        2.609961e-13
               43600        1.806250e-04        2.311379e-13
               43700        1.700400e-04        2.757071e-13
               43800        1.683380e-04        2.281636e-13
               43900        2.667621e-03        1.643173e-13
               44000        1.521900e-04        1.633219e-13
               44100        1.654660e-04        1.633288e-13
               44200        2.135160e-04        1.633244e-13
               44300        1.690280e-04        8.564248e-14
               44400        1.608920e-04        8.800183e-14
               44500        1.652090e-04        8.732216e-14
               44600        2.758249e-03        8.799902e-14
               44700        1.385600e-04        8.799980e-14
               44800        1.672040e-04        8.658849e-14
               44900        1.714710e-04        8.564248e-14
               45000        2.232360e-04        6.736705e-14
               45100        1.613910e-04        7.148656e-14
               45200        1.654540e-04        5.567713e-14
               45300        1.665380e-04        5.567713e-14
               45400        1.914900e-04        5.567713e-14
               45500        1.772680e-04        5.567715e-14
               45600        1.460920e-04        5.567714e-14
               45700        1.032400e-04        5.567715e-14
               45800        1.621150e-04        5.567715e-14
               45900        1.848990e-04        8.799980e-14
               46000        1.712410e-04        3.063474e-14
               46100        1.558390e-04        3.063534e-14
               46200        1.781140e-04        3.063546e-14
               46300        1.869170e-04        3.062916e-14
               46400        1.764540e-04        1.438722e-14
               46500        2.645160e-04        1.453116e-14
               46600        1.065000e-04        1.448330e-14
               46700        1.995520e-04        1.453131e-14
               46800        1.709730e-04        1.160389e-14
               46900        1.672850e-04        1.160360e-14
               47000        1.524990e-04        1.160360e-14
               47100        1.611800e-04        1.160374e-14
               47200        2.371400e-04        1.160360e-14
               47300        1.815800e-04        3.063534e-14
               47400        1.596610e-04        7.564513e-15
               47500        2.184090e-04        7.564554e-15
               47600        1.580260e-04        7.563760e-15
               47700        1.572530e-04        7.564326e-15
               47800        1.597150e-04        7.564398e-15
               47900        1.528020e-04        6.641954e-15
               48000        1.770370e-04        6.641993e-15
               48100        1.730740e-04        6.641993e-15
               48200        1.622090e-04        6.641924e-15
               48300        1.498520e-04        1.453116e-14
               48400        1.835750e-04        4.467565e-15
               48500        2.384290e-04        4.467512e-15
               48600        1.524770e-04        4.444840e-15
               48700        1.838790e-04        4.434605e-15
               48800        2.016720e-04        4.261883e-15
               48900        1.977640e-04        2.930083e-15
               49000        1.626590e-04        2.930298e-15
               49100        2.086770e-04        2.930461e-15
               49200        1.604030e-04        2.912185e-15
               49300        1.962630e-04        2.184796e-15
               49400        1.607650e-04        2.184801e-15
               49500        1.867460e-04        2.188168e-15
               49600        1.590120e-04        2.188149e-15
               49700        2.116470e-04        2.184796e-15
               49800        1.389360e-04        2.184796e-15
               49900        1.750930e-04        1.590342e-15
               50000        1.731400e-04        1.590347e-15
               50100        1.724010e-04        1.590505e-15
               50200        1.125130e-04        1.590486e-15
               50300        1.942400e-04        1.590476e-15
               50400        2.078540e-04        1.590505e-15
               50500        2.001700e-04        1.590347e-15
               50600        2.001440e-04        1.590342e-15
               50700        1.966760e-04        8.732142e-16
               50800        2.596920e-04        8.807866e-16
               50900        2.123690e-04        8.892630e-16
               51000        2.004220e-04        8.892441e-16
               51100        3.288400e-04        8.807487e-16
               51200        2.026490e-04        8.807555e-16
               51300        2.351740e-04        1.590486e-15
               51400        2.035890e-04        8.807487e-16
               51500        2.241410e-04        6.773541e-16
               51600        1.800330e-04        6.789614e-16
               51700        2.323720e-04        6.789614e-16
               51800        2.221940e-04        6.774048e-16
               51900        1.805910e-04        8.807866e-16
               52000        2.369830e-04        5.266426e-16
               52100        1.867110e-04        5.261453e-16
               52200        2.578850e-04        5.261453e-16
               52300        2.345120e-04        5.261453e-16
               52400        2.093440e-04        5.261457e-16
               52500        2.248530e-04        5.261457e-16
               52600        2.643360e-04        6.789614e-16
               52700        2.259180e-04        5.261457e-16
               52800        2.409580e-04        3.640119e-16
               52900        2.228910e-04        3.640270e-16
               53000        2.393630e-04        3.640141e-16
               53100        2.238100e-04        3.656594e-16
               53200        1.937130e-04        3.656594e-16
               53300        2.130750e-04        3.642775e-16
               53400        2.287160e-04        2.808807e-16
               53500        3.534990e-04        2.837142e-16
               53600        2.911440e-04        2.837195e-16
               53700        2.365620e-04        2.837123e-16
               53800        2.610960e-04        2.837111e-16
               53900        2.463160e-04        2.837122e-16
               54000        2.792180e-04        2.444923e-16
               54100        2.125990e-04        2.444923e-16
               54200        2.485570e-04        2.444923e-16
               54300        3.402220e-04        2.444923e-16
               54400        2.176880e-04        2.044524e-16
               54500        1.869910e-04        2.044524e-16
               54600        1.976120e-04        2.044524e-16
               54700        2.508790e-04        2.044524e-16
               54800        2.075120e-04        2.044540e-16
               54900        2.922820e-04        2.044524e-16
               55000        2.388710e-04        1.553659e-16
               55100        2.576930e-04        1.551617e-16
               55200        1.852970e-04        1.553713e-16
               55300        2.263620e-04        1.553649e-16
               55400        3.342640e-04        1.553735e-16
               55500        1.791350e-04        1.315345e-16
               55600        2.308640e-04        1.315346e-16
               55700        3.242400e-04        1.315346e-16
               55800        2.339290e-04        1.315346e-16
               55900        3.423030e-04        1.315346e-16
               56000        2.340260e-04        1.315346e-16
               56100        3.377410e-04        1.315346e-16
               56200        2.499660e-04        8.512296e-17
               56300        3.231880e-04        8.470513e-17
               56400        2.636430e-04        8.511869e-17
               56500        3.295430e-04        8.511819e-17
               56600        2.633390e-04        8.511147e-17
               56700        3.326780e-04        8.511152e-17
               56800        2.760320e-04        7.775904e-17
               56900        2.600930e-04        7.775344e-17
               57000        3.301440e-04        7.775344e-17
               57100        3.159950e-04        7.775347e-17
               57200        2.731420e-04        7.775344e-17
               57300        3.577420e-04        7.775904e-17
               57400        2.842060e-04        6.540548e-17
               57500        3.515660e-04        6.540542e-17
               57600        4.667830e-04        6.540548e-17
               57700        3.243150e-04        6.540548e-17
               57800        3.502960e-04        6.540548e-17
               57900        3.574580e-04        6.540532e-17
               58000        3.428000e-04        3.962301e-17
               58100        3.608740e-04        3.963351e-17
               58200        3.908950e-04        3.962485e-17
               58300        3.693190e-04        3.963256e-17
               58400        3.863690e-04        3.243088e-17
               58500        4.922620e-04        3.242881e-17
               58600        3.783930e-04        2.437225e-17
               58700        4.367300e-04        2.439183e-17
               58800        5.049000e-04        2.439110e-17
               58900        4.196490e-04        2.439038e-17
               59000        4.825540e-04        3.186525e-17
               59100        3.983880e-04        1.714009e-17
               59200        8.088820e-04        1.714022e-17
               59300        6.981340e-04        1.713921e-17
               59400        7.316220e-04        1.713964e-17
               59500        6.261990e-04        1.605802e-17
               59600        5.428680e-04        1.057667e-17
               59700        4.027800e-04        1.077646e-17
               59800        5.600870e-04        1.077772e-17
               59900        4.949420e-04        1.077867e-17
               60000        5.964330e-04        1.077866e-17
               60100        6.302910e-04        7.960957e-18
               60200        5.605640e-04        7.960737e-18
               60300        4.912500e-04        7.960398e-18
               60400        6.723800e-04        7.960398e-18
               60500        6.719810e-04        7.960810e-18
               60600        6.468570e-04        7.960398e-18
               60700        5.458460e-04        7.960810e-18
               60800        6.673900e-04        2.439110e-17
               60900        5.472230e-04        4.627828e-18
               61000        5.449490e-04        4.627345e-18
               61100        5.263610e-04        4.627497e-18
               61200        5.744890e-04        4.628264e-18
               61300        5.599590e-04        3.635184e-18
               61400        6.217040e-04        3.635184e-18
               61500        5.496670e-04        3.635144e-18
               61600        4.687380e-04        3.635144e-18
               61700        4.306680e-04        3.635144e-18
               61800        6.202370e-04        3.635184e-18
               61900        3.754390e-04        7.960398e-18
               62000        3.931680e-04        3.223117e-18
               62100        4.344510e-04        3.223117e-18
               62200        4.163440e-04        3.223117e-18
               62300        3.455890e-04        3.223117e-18
               62400        3.594570e-04        3.223117e-18
               62500        4.179440e-04        3.223117e-18
               62600        4.588930e-04        2.178933e-18
               62700        4.253190e-04        2.183330e-18
               62800        3.634400e-04        2.178813e-18
               62900        3.838610e-04        2.178859e-18
               63000        3.953310e-04        2.178752e-18
               63100        3.195960e-04        2.178839e-18
               63200        2.682150e-04        1.930764e-18
               63300        4.394440e-04        1.930764e-18
               63400        3.130310e-04        1.930764e-18
               63500        3.124290e-04        1.930764e-18
               63600        3.467820e-04        1.930764e-18
               63700        3.558000e-04        1.930764e-18
               63800        2.992770e-04        2.178752e-18
               63900        2.999170e-04        1.930764e-18
               64000        3.426430e-04        1.180926e-18
               64100        4.118200e-04        1.181014e-18
               64200        3.232940e-04        1.158586e-18
               64300        3.054810e-04        1.180875e-18
               64400        3.571910e-04        1.180888e-18
               64500        4.102880e-04        1.158586e-18
               64600        2.949760e-04        1.930764e-18
               64700        3.668100e-04        1.181014e-18
               64800        3.001060e-04        6.629396e-19
               64900        3.011150e-04        6.667166e-19
               65000        3.616130e-04        6.629452e-19
               65100        2.904650e-04        6.670880e-19
               65200        4.085720e-04        6.668109e-19
               65300        3.196310e-04        6.476609e-19
               65400        3.687700e-04        3.780721e-19
               65500        5.053780e-04        3.781225e-19
               65600        3.398630e-04        3.780630e-19
               65700        3.531240e-04        3.781071e-19
               65800        4.696840e-04        3.780642e-19
               65900        3.159320e-04        3.780059e-19
               66000        1.801540e-04        3.778874e-19
               66100        3.241620e-04        2.071755e-19
               66200        3.212910e-04        2.071810e-19
               66300        1.766400e-04        2.071784e-19
               66400        2.847800e-04        2.071749e-19
               66500        2.332340e-04        2.071810e-19
               66600        3.483100e-04        2.071749e-19
               66700        3.111010e-04        1.164410e-19
               66800        3.066860e-04        1.164410e-19
               66900        2.895330e-04        1.164410e-19
               67000        7.015250e-04        1.164410e-19
               67100        1.778750e-04        1.164410e-19
               67200        3.079430e-04        1.164410e-19
               67300        3.078570e-04        1.164410e-19
               67400        2.602930e-04        2.070058e-19
               67500        4.487610e-04        1.164410e-19
               67600        3.658560e-04        7.943173e-20
               67700        2.609040e-04        7.944809e-20
               67800        3.412450e-04        7.944400e-20
               67900        2.063990e-04        7.944338e-20
               68000        3.200300e-04        7.944494e-20
               68100        2.092040e-04        7.943173e-20
               68200        3.118660e-04        3.842281e-20
               68300        2.039730e-04        3.841353e-20
               68400        2.358460e-04        3.661996e-20
               68500        2.416390e-04        3.652587e-20
               68600        2.922160e-04        3.652478e-20
               68700        3.080460e-04        7.925009e-20
               68800        2.341050e-04        3.071425e-20
               68900        2.994510e-04        1.611941e-20
               69000        2.215490e-04        1.684335e-20
               69100        3.127560e-04        9.748917e-21
               69200        2.919130e-04        9.749296e-21
               69300        2.778290e-04        9.778792e-21
               69400        2.090420e-04        9.778738e-21
               69500        3.077950e-04        9.778709e-21
               69600        2.908170e-04        9.778683e-21
               69700        2.177640e-04        1.611927e-20
               69800        3.100180e-04        9.749073e-21
               69900        1.967030e-04        4.841721e-21
               70000        2.086060e-04        4.841960e-21
               70100        3.029320e-04        4.842245e-21
               70200        2.467920e-04        4.841360e-21
               70300        2.620860e-04        4.331358e-21
               70400        2.087480e-04        2.415205e-21
               70500        3.104870e-04        2.414209e-21
               70600        2.867260e-04        2.414394e-21
               70700        1.901220e-04        2.305834e-21
               70800        2.300280e-04        2.309316e-21
               70900        2.705850e-04        1.612021e-21
               71000        3.290520e-04        1.611944e-21
               71100        3.646830e-04        1.612053e-21
               71200        2.758900e-04        1.611878e-21
               71300        2.882180e-04        1.447805e-21
               71400        3.644130e-04        1.362455e-21
               71500        3.964130e-04        1.043597e-21
               71600        2.860610e-04        1.043626e-21
               71700        2.852850e-04        1.043560e-21
               71800        3.071870e-04        1.043609e-21
               71900        3.148110e-04        6.459417e-22
               72000        2.470070e-04        6.734567e-22
               72100        2.501960e-04        2.309316e-21
               72200        3.355840e-04        4.074193e-22
               72300        2.576630e-04        4.074002e-22
               72400        2.639880e-04        4.074319e-22
               72500        2.805610e-04        4.074100e-22
               72600        2.913800e-04        4.074182e-22
               72700        2.575410e-04        3.919161e-22
               72800        2.816560e-04        4.074639e-22
               72900        2.521010e-04        4.074222e-22
               73000        2.792460e-04        3.124839e-22
               73100        2.805210e-04        3.124839e-22
               73200        1.880520e-04        3.124840e-22
               73300        2.897270e-04        3.124840e-22
               73400        2.768960e-04        3.124839e-22
               73500        2.839580e-04        3.124839e-22
               73600        3.033430e-04        1.929419e-22
               73700        2.800240e-04        1.928976e-22
               73800        2.288460e-04        1.928933e-22
               73900        2.751210e-04        1.929209e-22
               74000        3.189080e-04        1.588198e-22
               74100        1.976090e-04        1.588198e-22
               74200        2.924820e-04        1.588146e-22
               74300        2.194080e-04        1.588203e-22
               74400        3.016480e-04        1.588203e-22
               74500        2.158580e-04        1.588203e-22
               74600        2.939770e-04        1.293220e-22
               74700        2.426720e-04        1.293208e-22
               74800        2.165510e-04        1.293208e-22
               74900        2.576680e-04        1.293208e-22
               75000        2.805950e-04        1.293220e-22
               75100        2.594480e-04        1.293205e-22
               75200        2.608760e-04        9.674760e-23
               75300        2.876850e-04        9.674840e-23
               75400        2.739020e-04        9.675442e-23
               75500        2.160450e-04        9.675207e-23
               75600        2.806790e-04        9.674747e-23
               75700        2.343020e-04        9.675122e-23
               75800        1.949410e-04        7.936833e-23
               75900        2.900170e-04        6.998976e-23
               76000        3.180740e-04        6.998847e-23
               76100        1.690520e-04        6.999029e-23
               76200        2.906900e-04        6.998974e-23
               76300        3.190200e-04        4.390476e-23
               76400        2.128830e-04        4.333171e-23
               76500        2.511500e-04        4.389742e-23
               76600        3.982590e-04        4.390374e-23
               76700        1.639840e-04        4.309719e-23
               76800        2.464660e-04        4.230192e-23
               76900        2.751680e-04        4.078296e-23
               77000        2.509240e-04        2.424711e-23
               77100        2.440510e-04        2.424463e-23
               77200        2.745950e-04        2.422238e-23
               77300        2.745190e-04        2.422213e-23
               77400        2.644220e-04        2.460581e-23
               77500        3.540400e-04        2.195302e-23
               77600        5.448680e-04        1.717697e-23
               77700        2.390910e-04        1.717695e-23
               77800        3.204820e-04        1.717697e-23
               77900        3.282490e-04        1.717695e-23
               78000        2.436340e-04        1.717727e-23
               78100        2.928620e-04        1.419338e-23
               78200        2.583330e-04        1.292453e-23
               78300        3.516320e-04        1.419338e-23
               78400        2.478520e-04        1.717727e-23
               78500        2.346510e-04        6.603347e-24
               78600        2.719700e-04        6.461721e-24
               78700        2.403930e-04        6.233147e-24
               78800        2.573560e-04        5.827909e-24
               78900        2.536460e-04        3.758775e-24
               79000        2.043230e-04        3.757971e-24
               79100        2.225210e-04        3.858351e-24
               79200        1.838130e-04        3.858162e-24
               79300        2.747920e-04        3.858494e-24
               79400        2.819970e-04        2.190988e-24
               79500        2.466540e-04        2.252312e-24
               79600        1.814300e-04        2.098977e-24
               79700        2.757750e-04        1.622249e-24
               79800        3.049210e-04        1.621653e-24
               79900        2.333330e-04        1.622212e-24
               80000        2.931090e-04        1.622263e-24
               80100        2.887990e-04        1.622233e-24
               80200        2.368200e-04        1.622249e-24
               80300        2.513790e-04        1.460067e-24
               80400        2.878260e-04        9.245383e-25
               80500        2.415340e-04        9.064704e-25
               80600        2.386320e-04        9.245504e-25
               80700        2.905170e-04        9.247767e-25
               80800        2.486360e-04        9.247990e-25
               80900        3.183130e-04        7.457612e-25
               81000        2.399530e-04        6.099163e-25
               81100        2.175540e-04        6.100234e-25
               81200        2.742090e-04        6.098473e-25
               81300        2.401610e-04        6.099085e-25
               81400        2.135630e-04        4.156503e-25
               81500        2.928300e-04        6.051049e-25
               81600        2.353950e-04        2.409990e-25
               81700        2.459410e-04        2.409429e-25
               81800        2.570070e-04        2.409416e-25
               81900        2.493350e-04        2.409614e-25
               82000        2.332880e-04        2.409393e-25
               82100        2.615870e-04        2.358787e-25
               82200        2.406480e-04        2.358787e-25
               82300        2.352130e-04        1.498053e-25
               82400        2.428880e-04        1.498693e-25
               82500        3.036980e-04        1.498544e-25
               82600        2.887170e-04        1.498426e-25
               82700        2.979450e-04        4.119097e-25
               82800        3.906490e-04        1.444111e-25
               82900        3.192050e-04        9.503390e-26
               83000        3.141960e-04        9.505087e-26
               83100        2.319480e-04        9.488288e-26
               83200        2.454720e-04        9.502316e-26
               83300        2.840910e-04        9.500373e-26
               83400        2.805100e-04        9.482045e-26
               83500        2.943220e-04        6.902775e-26
               83600        2.767790e-04        6.901947e-26
               83700        3.180510e-04        6.905906e-26
               83800        2.942750e-04        6.903950e-26
               83900        3.695180e-04        6.902775e-26
               84000        3.083910e-04        6.903950e-26
               84100        2.810630e-04        6.901947e-26
               84200        2.407550e-04        5.178561e-26
               84300        3.132230e-04        5.177880e-26
               84400        2.355680e-04        5.123420e-26
               84500        2.150310e-04        5.177535e-26
               84600        2.359710e-04        5.177170e-26
               84700        1.930350e-04        4.310830e-26
               84800        2.971840e-04        4.310475e-26
               84900        3.376080e-04        4.309548e-26
               85000        1.772530e-04        4.309252e-26
               85100        3.218247e-03        4.308582e-26
               85200        2.798260e-04        3.674720e-26
               85300        1.877730e-04        3.674720e-26
               85400        3.768750e-04        3.674720e-26
               85500        1.673940e-04        3.674720e-26
               85600        2.316730e-04        3.674720e-26
               85700        1.961700e-04        3.674720e-26
               85800        1.599250e-04        3.674720e-26
               85900        3.179920e-04        3.009554e-26
               86000        3.786400e-04        3.010362e-26
               86100        2.021600e-04        3.010362e-26
               86200        2.764890e-04        3.010362e-26
               86300        2.566680e-04        3.010757e-26
               86400        1.953480e-04        3.010362e-26
               86500        2.926330e-04        2.817696e-26
               86600        2.288890e-04        2.631086e-26
               86700        2.559060e-04        2.630989e-26
               86800        1.864400e-04        2.629138e-26
               86900        2.747840e-04        2.629138e-26
               87000        2.021660e-04        2.629138e-26
               87100        2.428790e-04        2.305183e-26
               87200        1.749200e-04        2.304947e-26
               87300        2.458890e-04        2.305252e-26
               87400        3.092090e-04        2.305252e-26
               87500        1.693720e-04        2.305252e-26
               87600        1.906130e-04        2.305252e-26
               87700        2.811510e-04        2.252615e-26
               87800        1.682290e-04        2.252615e-26
               87900        1.900500e-04        2.252615e-26
               88000        2.777660e-04        2.252615e-26
               88100        1.657070e-04        2.252615e-26
               88200        2.041720e-04        2.252615e-26
               88300        2.768100e-04        2.133358e-26
               88400        2.447130e-04        2.133990e-26
               88500        2.008120e-04        2.134049e-26
               88600        2.808620e-04        2.134049e-26
               88700        1.907050e-04        2.134049e-26
               88800        3.207570e-04        2.082215e-26
               88900        3.615800e-04        1.982394e-26
               89000        2.273160e-04        1.982177e-26
               89100        2.775500e-04        1.981941e-26
               89200        2.422850e-04        1.982177e-26
               89300        2.504690e-04        2.305252e-26
               89400        2.944140e-04        1.987205e-26
               89500        2.384080e-04        1.982177e-26
               89600        2.778020e-04        1.981941e-26
               89700        2.487540e-04        1.937239e-26
               89800        2.440520e-04        1.950489e-26
               89900        4.624380e-04        1.969145e-26
               90000        3.647170e-04        1.843774e-26
               90100        2.603360e-04        1.843774e-26
               90200        3.983530e-04        1.728272e-26
               90300        2.795920e-04        1.727156e-26
               90400        4.142850e-04        1.726702e-26
               90500        2.405010e-04        1.726717e-26
               90600        2.987090e-04        1.729127e-26
               90700        2.727530e-04        1.729334e-26
               90800        2.805140e-04        1.911639e-26
               90900        2.814200e-04        1.833311e-26
               91000        2.802380e-04        1.843168e-26
               91100        3.015570e-04        1.843825e-26
               91200        2.784800e-04        1.842878e-26
               91300        2.753480e-04        1.841426e-26
               91400        2.867810e-04        1.842937e-26
               91500        2.794380e-04        1.842852e-26
               91600        3.058240e-04        1.909218e-26
               91700        2.423180e-04        1.824174e-26
               91800        2.601290e-04        1.777485e-26
               91900        2.920440e-04        1.777367e-26
               92000        2.178260e-04        1.777367e-26
               92100        2.839220e-04        1.776736e-26
               92200        2.670710e-04        1.759550e-26
               92300        3.572520e-04        1.842852e-26
               92400        2.008900e-04        1.738132e-26
               92500        3.908270e-04        1.736102e-26
               92600        3.172490e-04        1.732881e-26
               92700        2.496020e-04        1.733068e-26
               92800        3.017340e-04        1.733068e-26
               92900        3.002550e-04        1.732960e-26
               93000        1.796370e-04        1.732689e-26
               93100        2.658000e-04        1.626739e-26
               93200        1.903000e-04        1.630316e-26
               93300        2.942930e-04        1.639909e-26
               93400        2.214380e-04        1.630316e-26
               93500        2.816940e-04        1.628294e-26
               93600        2.378210e-04        1.628058e-26
               93700        2.197960e-04        1.628058e-26
               93800        1.608600e-04        1.628058e-26
               93900        2.959860e-04        1.628058e-26
               94000        2.161090e-04        1.754728e-26
               94100        2.496220e-04        1.754728e-26
               94200        2.815640e-04        1.754728e-26
               94300        2.699800e-04        1.766295e-26
               94400        2.819290e-04        1.754728e-26
               94500        2.744120e-04        1.754728e-26
               94600        2.609810e-04        1.629150e-26
               94700        2.643750e-04        1.627730e-26
               94800        2.469990e-04        1.629150e-26
               94900        2.701210e-04        1.629150e-26
               95000        2.686940e-04        1.627730e-26
               95100        2.375500e-04        1.698408e-26
               95200        3.624660e-04        1.698408e-26
               95300        2.836070e-04        1.698408e-26
               95400        2.572620e-04        1.698408e-26
               95500        2.703410e-04        1.698408e-26
               95600        2.356340e-04        1.698408e-26
               95700        2.715100e-04        1.698408e-26
               95800        6.654830e-04        1.698408e-26
               95900        2.822140e-04        1.880890e-26
               96000        2.405630e-04        1.884002e-26
               96100        2.212110e-04        1.880890e-26
               96200        2.722950e-04        1.883765e-26
               96300        2.164950e-04        1.883765e-26
               96400        2.814910e-04        1.880890e-26
               96500        2.212750e-04        1.648426e-26
               96600        2.284840e-04        1.648426e-26
               96700        2.447010e-04        1.648426e-26
               96800        2.385510e-04        1.648426e-26
               96900        2.772460e-04        1.648426e-26
               97000        2.380230e-04        1.560554e-26
               97100        2.402400e-04        1.560554e-26
               97200        2.762300e-04        1.560554e-26
               97300        2.600750e-04        1.560554e-26
               97400        1.871860e-04        1.560554e-26
               97500        1.946290e-04        1.560554e-26
               97600        1.925680e-04        1.560554e-26
               97700        1.761970e-04        1.648426e-26
               97800        2.140910e-04        1.749353e-26
               97900        1.946320e-04        1.760197e-26
               98000        1.396590e-04        1.749935e-26
               98100        2.132900e-04        1.749699e-26
               98200        1.683870e-04        1.755688e-26
               98300        2.061390e-04        1.749699e-26
               98400        1.796250e-04        1.749245e-26
               98500        1.654440e-04        1.666546e-26
               98600        2.349610e-04        1.668182e-26
               98700        1.782440e-04        1.668241e-26
               98800        1.751820e-04        1.668887e-26
               98900        1.794910e-04        1.667393e-26
               99000        1.805700e-04        1.713164e-26
               99100        1.876850e-04        1.713164e-26
               99200        1.748470e-04        1.666546e-26
               99300        1.636340e-04        1.685728e-26
               99400        2.147640e-04        1.704206e-26
               99500        1.555310e-04        1.703653e-26
               99600        1.602900e-04        1.704679e-26
               99700        1.589590e-04        1.704679e-26
               99800        1.545580e-04        1.704679e-26
               99900        1.169430e-04        1.634837e-26
              100000        1.149210e-04        1.634995e-26
