Period: 100
               Epoch           Time cost                Loss
                 100        1.947580e-04        1.901561e+05
                 200        1.716670e-04        1.420207e+05
                 300        2.185750e-04        1.441288e+05
                 400        1.882510e-04        1.221968e+05
                 500        1.916310e-04        1.221968e+05
                 600        1.880530e-04        9.453000e+04
                 700        2.087460e-04        9.453000e+04
                 800        1.807230e-04        7.591597e+04
                 900        1.803700e-04        7.591597e+04
                1000        1.825950e-04        6.010665e+04
                1100        1.796290e-04        6.010665e+04
                1200        1.806730e-04        4.329138e+04
                1300        1.951490e-04        4.329138e+04
                1400        2.034230e-04        3.316818e+04
                1500        1.891630e-04        3.316818e+04
                1600        1.950860e-04        2.638798e+04
                1700        2.032540e-04        2.638793e+04
                1800        1.957540e-04        2.052591e+04
                1900        1.970330e-04        2.052591e+04
                2000        1.900410e-04        1.518205e+04
                2100        1.925540e-04        1.518205e+04
                2200        1.984650e-04        1.228043e+04
                2300        1.935240e-04        1.228043e+04
                2400        1.924990e-04        9.260277e+03
                2500        1.982860e-04        9.260277e+03
                2600        1.974900e-04        7.562453e+03
                2700        1.939380e-04        7.562453e+03
                2800        1.937350e-04        5.819977e+03
                2900        1.942890e-04        5.820007e+03
                3000        1.933560e-04        4.422583e+03
                3100        1.932170e-04        4.422583e+03
                3200        2.284370e-04        3.563337e+03
                3300        1.939380e-04        3.563323e+03
                3400        1.918780e-04        2.620981e+03
                3500        1.874350e-04        2.620981e+03
                3600        1.894060e-04        2.102727e+03
                3700        2.061830e-04        2.102727e+03
                3800        1.888800e-04        1.543459e+03
                3900        1.900430e-04        1.543450e+03
                4000        1.901240e-04        1.140522e+03
                4100        1.881960e-04        1.140522e+03
                4200        1.899130e-04        8.007460e+02
                4300        1.892630e-04        8.007460e+02
                4400        1.911330e-04        6.578324e+02
                4500        1.892010e-04        6.578154e+02
                4600        1.896540e-04        5.641477e+02
                4700        1.952770e-04        5.641477e+02
                4800        1.903330e-04        4.206885e+02
                4900        1.902360e-04        4.206885e+02
                5000        1.884190e-04        3.232247e+02
                5100        1.908320e-04        3.232247e+02
                5200        1.930410e-04        2.564712e+02
                5300        1.956910e-04        2.564712e+02
                5400        1.984600e-04        1.923483e+02
                5500        2.002810e-04        1.923429e+02
                5600        1.912920e-04        1.480057e+02
                5700        1.877370e-04        1.480057e+02
                5800        1.919160e-04        1.143145e+02
                5900        1.881350e-04        1.143149e+02
                6000        1.897630e-04        8.863116e+01
                6100        2.437850e-04        8.863226e+01
                6200        1.871260e-04        6.766312e+01
                6300        1.853110e-04        6.766312e+01
                6400        1.873600e-04        4.760049e+01
                6500        1.831360e-04        4.760042e+01
                6600        1.873330e-04        3.681587e+01
                6700        1.880660e-04        3.681597e+01
                6800        1.948850e-04        2.653675e+01
                6900        2.036610e-04        2.653675e+01
                7000        1.973100e-04        2.453465e+01
                7100        2.150330e-04        2.453465e+01
                7200        2.305220e-04        1.906232e+01
                7300        2.120850e-04        1.906207e+01
                7400        2.329260e-04        1.541413e+01
                7500        2.215070e-04        1.541413e+01
                7600        2.176980e-04        1.099945e+01
                7700        2.306560e-04        1.099945e+01
                7800        2.388490e-04        8.500179e+00
                7900        2.223450e-04        8.498798e+00
                8000        2.288130e-04        6.948663e+00
                8100        2.208940e-04        5.547208e+00
                8200        2.450180e-04        5.547208e+00
                8300        2.283430e-04        4.273829e+00
                8400        2.283650e-04        4.273829e+00
                8500        2.301830e-04        3.375397e+00
                8600        2.361060e-04        3.375397e+00
                8700        2.341820e-04        2.440392e+00
                8800        2.341930e-04        2.440392e+00
                8900        2.350790e-04        2.114611e+00
                9000        2.310800e-04        2.114611e+00
                9100        2.395100e-04        1.730472e+00
                9200        2.324840e-04        1.730472e+00
                9300        2.316590e-04        1.265952e+00
                9400        2.325860e-04        1.265952e+00
                9500        2.398890e-04        9.816745e-01
                9600        2.343110e-04        9.816745e-01
                9700        2.415390e-04        7.953046e-01
                9800        2.384730e-04        7.953046e-01
                9900        2.397280e-04        6.162993e-01
               10000        2.457450e-04        6.162993e-01
               10100        2.376890e-04        4.649017e-01
               10200        2.430690e-04        4.648705e-01
               10300        2.511230e-04        3.867339e-01
               10400        2.436570e-04        3.867339e-01
               10500        2.593410e-04        3.022427e-01
               10600        2.523080e-04        3.022427e-01
               10700        2.447620e-04        2.419157e-01
               10800        2.478440e-04        2.419157e-01
               10900        2.444890e-04        2.039304e-01
               11000        2.471450e-04        2.039300e-01
               11100        2.474060e-04        1.605458e-01
               11200        2.426000e-04        1.605458e-01
               11300        2.432400e-04        1.261389e-01
               11400        2.457870e-04        1.261406e-01
               11500        2.431700e-04        9.414118e-02
               11600        2.419500e-04        9.414238e-02
               11700        2.439570e-04        7.086248e-02
               11800        2.406970e-04        7.086248e-02
               11900        2.436870e-04        6.248430e-02
               12000        2.463330e-04        6.248430e-02
               12100        2.414380e-04        4.881429e-02
               12200        2.419150e-04        4.881455e-02
               12300        2.421060e-04        3.685062e-02
               12400        2.430940e-04        3.685062e-02
               12500        2.411320e-04        2.845625e-02
               12600        2.412860e-04        2.845625e-02
               12700        2.438500e-04        2.100298e-02
               12800        2.406560e-04        2.100298e-02
               12900        2.317710e-04        1.749137e-02
               13000        2.318090e-04        1.749156e-02
               13100        2.386920e-04        1.258093e-02
               13200        2.436640e-04        1.258093e-02
               13300        2.453150e-04        9.714375e-03
               13400        2.429850e-04        9.714861e-03
               13500        2.333010e-04        7.816549e-03
               13600        2.348700e-04        7.816549e-03
               13700        2.405340e-04        6.147385e-03
               13800        2.448300e-04        6.147527e-03
               13900        2.436360e-04        5.234475e-03
               14000        2.445290e-04        5.234340e-03
               14100        2.328810e-04        4.100691e-03
               14200        2.360260e-04        4.100691e-03
               14300        2.387120e-04        3.175281e-03
               14400        2.391090e-04        3.175252e-03
               14500        2.357280e-04        2.558002e-03
               14600        2.431850e-04        2.558066e-03
               14700        2.332230e-04        2.167848e-03
               14800        2.343820e-04        2.167848e-03
               14900        2.395640e-04        1.603592e-03
               15000        2.333670e-04        1.603592e-03
               15100        2.304980e-04        1.190307e-03
               15200        2.382330e-04        1.190291e-03
               15300        2.320830e-04        9.273791e-04
               15400        2.305140e-04        9.273791e-04
               15500        2.358060e-04        7.379341e-04
               15600        2.317260e-04        7.379325e-04
               15700        2.338780e-04        6.089926e-04
               15800        2.321000e-04        6.090284e-04
               15900        2.335110e-04        4.564489e-04
               16000        2.316470e-04        4.564509e-04
               16100        2.397740e-04        3.560494e-04
               16200        2.357980e-04        2.685548e-04
               16300        2.355600e-04        2.685485e-04
               16400        2.364130e-04        2.129649e-04
               16500        2.308080e-04        2.129503e-04
               16600        2.333350e-04        1.681370e-04
               16700        2.243270e-04        1.681369e-04
               16800        2.315520e-04        1.252256e-04
               16900        2.274070e-04        1.252256e-04
               17000        2.302110e-04        9.534135e-05
               17100        2.304010e-04        9.534135e-05
               17200        2.309200e-04        7.612361e-05
               17300        2.322250e-04        7.612361e-05
               17400        2.320830e-04        5.891181e-05
               17500        2.312240e-04        5.891181e-05
               17600        2.336220e-04        4.870758e-05
               17700        2.330180e-04        4.870758e-05
               17800        2.313550e-04        4.177754e-05
               17900        2.339500e-04        4.177754e-05
               18000        2.312050e-04        3.366023e-05
               18100        2.280530e-04        3.366074e-05
               18200        2.335090e-04        2.773009e-05
               18300        2.335930e-04        2.773153e-05
               18400        2.600550e-04        2.053959e-05
               18500        2.337360e-04        2.053959e-05
               18600        2.341260e-04        1.745181e-05
               18700        2.327350e-04        1.745171e-05
               18800        2.287630e-04        1.415204e-05
               18900        2.327310e-04        1.415206e-05
               19000        2.287760e-04        1.083008e-05
               19100        2.279960e-04        1.083010e-05
               19200        2.322840e-04        8.728719e-06
               19300        2.298700e-04        8.728830e-06
               19400        2.323090e-04        6.605966e-06
               19500        2.231430e-04        6.605421e-06
               19600        2.229950e-04        4.661209e-06
               19700        2.249040e-04        4.661264e-06
               19800        2.290240e-04        3.769169e-06
               19900        2.251550e-04        3.769169e-06
               20000        2.213280e-04        3.091839e-06
               20100        2.278800e-04        2.628678e-06
               20200        2.204790e-04        2.628678e-06
               20300        2.265780e-04        1.877826e-06
               20400        2.265220e-04        1.877826e-06
               20500        2.233050e-04        1.333160e-06
               20600        2.248610e-04        1.333160e-06
               20700        2.236920e-04        1.174327e-06
               20800        2.255840e-04        1.174327e-06
               20900        2.317470e-04        9.341604e-07
               21000        2.194330e-04        9.341604e-07
               21100        2.230650e-04        7.592638e-07
               21200        2.260100e-04        7.592667e-07
               21300        2.231710e-04        6.454151e-07
               21400        2.272550e-04        6.454151e-07
               21500        2.271200e-04        4.784196e-07
               21600        2.376550e-04        4.784196e-07
               21700        2.327070e-04        3.448452e-07
               21800        2.794860e-04        3.448452e-07
               21900        2.320190e-04        2.872690e-07
               22000        2.360530e-04        2.872658e-07
               22100        2.361110e-04        2.260765e-07
               22200        2.390360e-04        2.260765e-07
               22300        2.368640e-04        1.732343e-07
               22400        2.334780e-04        1.732340e-07
               22500        2.429990e-04        1.336424e-07
               22600        2.458930e-04        1.336478e-07
               22700        2.302760e-04        9.736040e-08
               22800        2.364970e-04        9.736040e-08
               22900        2.386490e-04        7.058644e-08
               23000        2.339700e-04        7.058675e-08
               23100        2.345300e-04        5.902968e-08
               23200        2.360910e-04        5.902845e-08
               23300        2.395200e-04        4.787727e-08
               23400        2.342080e-04        4.787697e-08
               23500        2.375050e-04        3.547015e-08
               23600        2.369550e-04        3.547015e-08
               23700        2.315910e-04        2.595268e-08
               23800        2.357750e-04        2.595336e-08
               23900        2.413120e-04        2.161869e-08
               24000        3.072650e-04        2.161869e-08
               24100        2.031090e-04        1.662991e-08
               24200        3.367220e-04        1.663020e-08
               24300        2.065780e-04        1.324619e-08
               24400        2.367520e-04        1.324631e-08
               24500        2.097130e-04        9.460877e-09
               24600        2.230980e-04        9.460877e-09
               24700        2.083880e-04        7.441870e-09
               24800        2.208880e-04        7.441471e-09
               24900        2.052740e-04        5.894410e-09
               25000        7.014650e-04        5.894810e-09
               25100        2.727080e-04        4.448298e-09
               25200        2.235480e-04        4.448298e-09
               25300        2.061750e-04        3.339955e-09
               25400        2.192010e-04        3.339901e-09
               25500        2.024780e-04        2.641441e-09
               25600        2.266280e-04        2.641441e-09
               25700        2.034770e-04        1.979789e-09
               25800        2.211380e-04        1.979789e-09
               25900        2.042740e-04        1.532630e-09
               26000        2.273780e-04        1.532630e-09
               26100        1.985620e-04        1.246932e-09
               26200        2.319240e-04        1.246877e-09
               26300        2.106480e-04        9.727502e-10
               26400        2.197150e-04        9.727502e-10
               26500        2.205820e-04        7.294743e-10
               26600        2.221300e-04        7.294743e-10
               26700        3.387910e-04        6.045072e-10
               26800        2.195210e-04        6.045800e-10
               26900        2.139540e-04        4.863815e-10
               27000        2.224850e-04        4.863803e-10
               27100        2.142970e-04        3.310170e-10
               27200        2.179790e-04        3.310170e-10
               27300        2.164630e-04        2.569991e-10
               27400        2.155610e-04        2.569991e-10
               27500        2.082450e-04        1.994544e-10
               27600        2.114130e-04        1.994544e-10
               27700        2.089490e-04        1.660199e-10
               27800        2.103540e-04        1.660203e-10
               27900        2.041330e-04        1.158556e-10
               28000        2.113170e-04        1.158570e-10
               28100        2.091920e-04        9.563825e-11
               28200        2.225890e-04        9.563825e-11
               28300        2.068430e-04        7.636119e-11
               28400        2.131160e-04        7.636254e-11
               28500        2.091670e-04        6.012968e-11
               28600        2.153810e-04        6.012968e-11
               28700        2.062730e-04        4.850061e-11
               28800        2.099470e-04        4.850061e-11
               28900        2.067680e-04        4.006945e-11
               29000        2.127900e-04        4.006976e-11
               29100        2.071560e-04        3.136526e-11
               29200        2.095370e-04        3.136485e-11
               29300        2.097840e-04        2.357333e-11
               29400        2.176290e-04        2.357333e-11
               29500        2.075920e-04        1.778815e-11
               29600        2.091170e-04        1.778843e-11
               29700        2.066730e-04        1.413462e-11
               29800        2.155110e-04        1.413462e-11
               29900        2.091480e-04        1.039396e-11
               30000        2.123670e-04        1.039396e-11
               30100        2.114080e-04        7.965842e-12
               30200        2.113010e-04        5.708774e-12
               30300        2.086100e-04        5.708754e-12
               30400        2.075500e-04        4.278702e-12
               30500        2.051440e-04        4.278702e-12
               30600        2.116690e-04        3.354370e-12
               30700        2.014690e-04        3.354271e-12
               30800        2.090840e-04        2.564666e-12
               30900        2.714470e-04        2.564675e-12
               31000        2.060500e-04        1.818277e-12
               31100        2.096070e-04        1.818244e-12
               31200        2.147390e-04        1.355365e-12
               31300        2.035120e-04        1.355345e-12
               31400        2.126770e-04        1.104592e-12
               31500        2.058450e-04        1.104592e-12
               31600        2.058160e-04        9.108864e-13
               31700        2.037750e-04        9.108934e-13
               31800        2.165260e-04        6.636342e-13
               31900        2.033010e-04        6.636342e-13
               32000        2.123130e-04        5.376979e-13
               32100        2.013810e-04        5.377009e-13
               32200        2.055210e-04        4.265572e-13
               32300        2.016940e-04        3.375373e-13
               32400        2.054860e-04        3.375373e-13
               32500        2.001610e-04        2.875196e-13
               32600        2.122600e-04        2.875196e-13
               32700        2.059640e-04        2.223799e-13
               32800        2.156060e-04        2.223799e-13
               32900        2.082030e-04        1.734597e-13
               33000        2.101700e-04        1.734598e-13
               33100        2.128100e-04        1.345829e-13
               33200        2.048640e-04        1.345980e-13
               33300        2.107310e-04        1.047608e-13
               33400        2.044030e-04        1.047608e-13
               33500        2.073300e-04        9.051001e-14
               33600        2.066800e-04        9.051001e-14
               33700        2.184020e-04        6.265974e-14
               33800        2.026430e-04        6.266247e-14
               33900        2.115740e-04        4.924665e-14
               34000        3.110430e-04        4.924665e-14
               34100        2.152740e-04        3.956635e-14
               34200        2.948870e-04        3.956577e-14
               34300        2.464320e-04        2.968676e-14
               34400        2.384720e-04        2.968676e-14
               34500        2.429270e-04        2.329095e-14
               34600        2.331790e-04        2.329095e-14
               34700        2.569060e-04        1.870345e-14
               34800        2.424600e-04        1.870346e-14
               34900        2.429380e-04        1.375382e-14
               35000        2.333090e-04        1.375382e-14
               35100        2.345530e-04        1.107279e-14
               35200        2.348360e-04        1.107279e-14
               35300        2.352120e-04        9.003895e-15
               35400        2.324910e-04        9.003812e-15
               35500        2.295160e-04        7.271822e-15
               35600        2.312250e-04        7.271822e-15
               35700        2.362930e-04        4.974185e-15
               35800        2.326830e-04        4.974185e-15
               35900        2.299120e-04        3.722436e-15
               36000        2.361940e-04        3.722425e-15
               36100        2.330360e-04        2.820860e-15
               36200        2.355440e-04        1.964682e-15
               36300        2.339490e-04        1.964684e-15
               36400        2.378200e-04        1.689818e-15
               36500        2.321170e-04        1.689750e-15
               36600        2.260690e-04        1.397952e-15
               36700        2.329560e-04        1.397953e-15
               36800        2.336900e-04        1.141308e-15
               36900        2.326180e-04        1.141308e-15
               37000        2.364020e-04        9.303556e-16
               37100        2.329300e-04        9.303543e-16
               37200        2.338580e-04        6.147022e-16
               37300        2.373220e-04        6.147022e-16
               37400        2.338520e-04        5.164968e-16
               37500        2.370300e-04        5.164928e-16
               37600        2.343980e-04        3.936001e-16
               37700        2.336070e-04        3.936001e-16
               37800        2.399460e-04        3.283652e-16
               37900        2.306390e-04        3.283651e-16
               38000        2.304640e-04        2.701245e-16
               38100        2.343120e-04        2.701048e-16
               38200        2.348440e-04        2.117393e-16
               38300        2.297040e-04        2.117424e-16
               38400        2.317000e-04        1.512723e-16
               38500        2.281310e-04        1.512784e-16
               38600        2.289580e-04        1.230483e-16
               38700        2.241260e-04        1.230480e-16
               38800        2.340320e-04        9.886056e-17
               38900        2.312890e-04        9.886079e-17
               39000        2.429540e-04        7.941321e-17
               39100        2.347850e-04        7.941284e-17
               39200        2.258840e-04        6.854151e-17
               39300        2.291850e-04        6.854155e-17
               39400        2.343970e-04        5.296872e-17
               39500        2.380240e-04        5.296872e-17
               39600        2.391320e-04        3.970470e-17
               39700        2.371480e-04        3.970470e-17
               39800        2.663800e-04        3.174858e-17
               39900        2.922380e-04        3.174854e-17
               40000        2.446840e-04        2.660038e-17
               40100        2.418320e-04        2.660042e-17
               40200        2.421940e-04        2.096856e-17
               40300        2.395800e-04        2.096885e-17
               40400        3.357500e-04        1.642364e-17
               40500        2.050730e-04        1.642364e-17
               40600        3.152680e-04        1.260880e-17
               40700        2.125830e-04        1.260880e-17
               40800        2.167560e-04        9.964851e-18
               40900        2.110000e-04        9.966558e-18
               41000        2.234650e-04        8.246689e-18
               41100        2.078780e-04        8.246689e-18
               41200        2.203620e-04        6.034431e-18
               41300        2.080710e-04        6.034431e-18
               41400        2.154080e-04        4.914401e-18
               41500        2.091970e-04        4.914443e-18
               41600        2.156530e-04        3.790903e-18
               41700        2.060910e-04        3.790964e-18
               41800        2.165550e-04        2.936598e-18
               41900        2.106710e-04        2.936598e-18
               42000        2.301050e-04        2.346851e-18
               42100        2.219920e-04        2.346851e-18
               42200        2.167500e-04        1.610513e-18
               42300        2.235410e-04        1.610506e-18
               42400        2.093130e-04        1.277337e-18
               42500        2.200150e-04        1.277337e-18
               42600        2.320220e-04        9.176323e-19
               42700        2.143800e-04        9.176323e-19
               42800        2.162040e-04        7.668071e-19
               42900        2.195860e-04        7.668057e-19
               43000        2.050550e-04        5.396027e-19
               43100        2.158370e-04        5.396027e-19
               43200        2.052480e-04        4.092222e-19
               43300        2.138650e-04        4.092086e-19
               43400        2.056520e-04        3.138380e-19
               43500        2.278540e-04        3.138252e-19
               43600        2.027750e-04        2.495719e-19
               43700        2.192150e-04        2.495719e-19
               43800        2.054750e-04        2.073868e-19
               43900        2.175480e-04        2.073954e-19
               44000        2.045940e-04        1.432678e-19
               44100        2.192160e-04        1.432678e-19
               44200        2.069310e-04        1.131008e-19
               44300        2.159500e-04        1.131008e-19
               44400        2.044630e-04        8.397503e-20
               44500        2.118920e-04        8.397503e-20
               44600        2.083530e-04        6.393280e-20
               44700        2.147930e-04        6.393280e-20
               44800        2.125250e-04        5.201883e-20
               44900        2.130550e-04        5.201883e-20
               45000        2.041810e-04        4.082021e-20
               45100        2.129990e-04        4.082021e-20
               45200        2.040430e-04        2.980395e-20
               45300        2.161270e-04        2.980411e-20
               45400        2.010920e-04        2.406276e-20
               45500        2.114530e-04        2.406276e-20
               45600        2.042440e-04        1.847722e-20
               45700        2.133580e-04        1.847722e-20
               45800        2.104580e-04        1.484361e-20
               45900        2.164900e-04        1.484361e-20
               46000        2.028060e-04        1.279327e-20
               46100        2.132850e-04        1.279327e-20
               46200        2.067440e-04        9.574595e-21
               46300        2.108880e-04        9.574595e-21
               46400        2.097360e-04        7.748347e-21
               46500        2.186260e-04        7.748347e-21
               46600        2.008360e-04        5.913714e-21
               46700        2.109280e-04        5.913714e-21
               46800        2.096310e-04        4.972585e-21
               46900        2.155640e-04        4.972585e-21
               47000        2.042720e-04        3.620144e-21
               47100        2.154930e-04        2.722730e-21
               47200        2.048890e-04        2.707956e-21
               47300        2.098350e-04        1.836206e-21
               47400        2.039840e-04        1.757243e-21
               47500        2.145480e-04        1.220318e-21
               47600        2.050000e-04        1.049204e-21
               47700        2.124640e-04        7.157297e-22
               47800        2.015930e-04        5.892800e-22
               47900        2.179530e-04        4.173606e-22
               48000        2.024630e-04        3.588700e-22
               48100        2.148640e-04        2.493278e-22
               48200        2.020290e-04        1.832155e-22
               48300        2.168850e-04        1.452782e-22
               48400        2.055080e-04        1.158354e-22
               48500        2.130330e-04        9.335598e-23
               48600        2.033640e-04        7.162475e-23
               48700        2.139130e-04        6.125611e-23
               48800        2.045750e-04        4.444308e-23
               48900        2.146610e-04        3.716826e-23
               49000        2.045630e-04        2.461249e-23
               49100        2.155190e-04        2.100032e-23
               49200        2.029390e-04        1.379056e-23
               49300        2.109550e-04        1.194916e-23
               49400        1.982410e-04        8.196723e-24
               49500        2.542450e-04        6.886809e-24
               49600        2.088720e-04        4.881587e-24
               49700        2.094470e-04        4.297210e-24
               49800        2.049060e-04        3.124345e-24
               49900        2.103700e-04        2.633244e-24
               50000        2.037360e-04        1.927498e-24
               50100        2.018500e-04        1.728799e-24
               50200        1.989070e-04        1.277717e-24
               50300        1.987500e-04        1.181068e-24
               50400        1.988580e-04        9.135661e-25
               50500        1.965530e-04        7.857546e-25
               50600        2.014290e-04        6.844566e-25
               50700        2.063460e-04        6.424087e-25
               50800        2.236330e-04        6.224875e-25
               50900        1.985620e-04        5.913006e-25
               51000        1.999540e-04        5.168881e-25
               51100        2.043930e-04        4.701944e-25
               51200        2.036370e-04        4.580637e-25
               51300        1.978210e-04        4.802374e-25
               51400        1.962990e-04        4.143335e-25
               51500        2.043940e-04        3.809010e-25
               51600        2.036620e-04        3.969386e-25
               51700        1.978550e-04        4.108120e-25
               51800        1.993190e-04        3.917232e-25
               51900        2.011580e-04        3.816237e-25
               52000        2.006620e-04        3.972025e-25
               52100        1.975390e-04        4.006233e-25
               52200        2.068910e-04        3.624679e-25
               52300        1.988840e-04        3.753487e-25
               52400        1.989930e-04        3.826747e-25
               52500        2.335330e-04        3.724272e-25
               52600        2.376920e-04        3.439252e-25
               52700        2.373500e-04        3.555182e-25
               52800        2.322940e-04        3.577801e-25
               52900        2.333930e-04        3.485301e-25
               53000        2.315980e-04        3.626798e-25
               53100        2.318760e-04        3.652907e-25
               53200        2.302370e-04        3.790298e-25
               53300        2.283480e-04        3.696875e-25
               53400        2.565520e-04        3.653877e-25
               53500        2.396410e-04        3.364288e-25
               53600        2.321950e-04        3.313808e-25
               53700        2.320990e-04        3.182335e-25
               53800        2.393210e-04        3.362298e-25
               53900        2.328740e-04        3.542796e-25
               54000        2.331970e-04        3.794701e-25
               54100        2.366150e-04        3.698846e-25
               54200        2.323520e-04        3.499164e-25
               54300        2.299780e-04        3.295166e-25
               54400        2.360270e-04        3.236376e-25
               54500        2.311730e-04        3.374193e-25
               54600        2.357560e-04        3.723845e-25
               54700        2.295800e-04        3.699979e-25
               54800        2.303700e-04        4.015058e-25
               54900        2.263670e-04        4.034541e-25
               55000        2.368410e-04        3.747761e-25
               55100        2.333850e-04        3.951532e-25
               55200        2.292430e-04        3.941305e-25
               55300        2.387220e-04        3.788025e-25
               55400        2.287690e-04        3.916460e-25
               55500        2.312320e-04        3.783022e-25
               55600        2.318740e-04        3.791659e-25
               55700        2.367020e-04        4.031184e-25
               55800        2.319790e-04        3.791237e-25
               55900        2.316810e-04        3.791822e-25
               56000        2.354900e-04        3.649382e-25
               56100        2.280670e-04        3.563019e-25
               56200        2.329350e-04        3.738138e-25
               56300        2.251730e-04        3.718922e-25
               56400        2.340630e-04        3.945740e-25
               56500        2.350040e-04        3.980236e-25
               56600        2.403490e-04        4.064764e-25
               56700        2.437700e-04        4.011218e-25
               56800        2.560930e-04        3.892070e-25
               56900        2.416810e-04        3.863952e-25
               57000        2.386650e-04        4.098024e-25
               57100        2.427910e-04        4.082936e-25
               57200        2.382610e-04        3.707724e-25
               57300        2.367860e-04        3.547298e-25
               57400        2.398650e-04        3.547298e-25
               57500        2.384040e-04        4.041085e-25
               57600        2.376170e-04        4.040304e-25
               57700        2.428060e-04        3.418219e-25
               57800        2.418240e-04        3.459673e-25
               57900        2.447550e-04        3.459673e-25
               58000        2.389880e-04        3.512663e-25
               58100        2.447720e-04        3.512663e-25
               58200        2.400690e-04        4.000070e-25
               58300        2.385300e-04        4.000874e-25
               58400        2.406620e-04        3.854941e-25
               58500        2.468860e-04        3.854941e-25
               58600        2.467610e-04        3.474591e-25
               58700        2.421900e-04        3.474717e-25
               58800        2.344740e-04        3.713511e-25
               58900        2.633030e-04        3.713511e-25
               59000        2.326060e-04        3.436972e-25
               59100        2.325380e-04        3.437429e-25
               59200        2.312200e-04        3.538008e-25
               59300        2.390060e-04        3.538272e-25
               59400        2.335480e-04        3.435450e-25
               59500        2.334070e-04        3.435450e-25
               59600        2.319100e-04        3.551676e-25
               59700        2.304490e-04        3.551676e-25
               59800        2.326870e-04        3.608543e-25
               59900        2.306040e-04        3.608543e-25
               60000        2.304680e-04        3.604480e-25
               60100        2.326700e-04        3.604480e-25
               60200        2.284470e-04        4.043239e-25
               60300        2.268700e-04        4.043239e-25
               60400        2.322360e-04        3.966498e-25
               60500        2.256960e-04        3.966498e-25
               60600        2.324980e-04        4.372250e-25
               60700        2.332660e-04        4.372250e-25
               60800        2.309670e-04        4.261710e-25
               60900        2.325030e-04        4.261718e-25
               61000        2.306210e-04        4.175570e-25
               61100        2.381240e-04        4.175570e-25
               61200        2.428350e-04        4.119229e-25
               61300        2.387340e-04        4.119229e-25
               61400        2.445170e-04        3.944333e-25
               61500        2.386150e-04        3.944195e-25
               61600        2.469980e-04        4.142614e-25
               61700        2.330540e-04        4.142614e-25
               61800        2.364180e-04        4.121881e-25
               61900        2.325890e-04        4.121881e-25
               62000        2.329430e-04        4.178730e-25
               62100        2.271700e-04        4.178564e-25
               62200        2.484570e-04        4.367478e-25
               62300        2.307670e-04        4.367478e-25
               62400        2.327400e-04        4.712999e-25
               62500        2.303820e-04        4.712999e-25
               62600        2.322690e-04        4.205718e-25
               62700        2.300010e-04        4.205718e-25
               62800        2.335710e-04        4.327044e-25
               62900        2.283060e-04        4.326072e-25
               63000        2.340070e-04        4.122987e-25
               63100        2.306090e-04        4.122987e-25
               63200        2.214810e-04        4.243087e-25
               63300        2.292960e-04        4.242661e-25
               63400        2.337660e-04        3.777709e-25
               63500        2.236050e-04        3.777709e-25
               63600        2.296930e-04        3.541978e-25
               63700        2.211270e-04        3.541536e-25
               63800        2.273560e-04        4.096427e-25
               63900        2.287650e-04        4.096427e-25
               64000        2.498330e-04        4.199688e-25
               64100        2.290790e-04        4.199026e-25
               64200        2.537980e-04        4.013538e-25
               64300        2.342750e-04        4.013538e-25
               64400        2.308960e-04        4.282682e-25
               64500        2.293710e-04        4.282682e-25
               64600        2.218310e-04        3.837877e-25
               64700        2.294330e-04        3.838051e-25
               64800        2.272620e-04        4.046535e-25
               64900        2.260060e-04        4.046535e-25
               65000        2.365370e-04        3.983209e-25
               65100        2.339780e-04        3.983209e-25
               65200        2.461390e-04        3.716805e-25
               65300        2.348440e-04        3.716623e-25
               65400        2.354810e-04        4.323826e-25
               65500        2.382090e-04        4.033078e-25
               65600        2.357630e-04        4.033078e-25
               65700        2.360790e-04        4.358550e-25
               65800        2.412400e-04        4.358550e-25
               65900        2.371740e-04        4.334243e-25
               66000        2.442160e-04        4.334898e-25
               66100        2.424150e-04        4.009771e-25
               66200        2.398790e-04        4.009771e-25
               66300        2.400210e-04        3.600333e-25
               66400        2.420040e-04        3.600507e-25
               66500        2.336200e-04        3.802602e-25
               66600        2.659140e-04        3.805165e-25
               66700        2.376810e-04        3.804503e-25
               66800        2.390390e-04        3.376285e-25
               66900        2.419680e-04        3.376399e-25
               67000        2.407610e-04        3.385133e-25
               67100        2.354930e-04        3.385133e-25
               67200        2.379300e-04        3.160532e-25
               67300        2.428590e-04        3.160532e-25
               67400        2.411620e-04        3.671432e-25
               67500        2.377080e-04        3.671432e-25
               67600        2.722420e-04        3.606912e-25
               67700        2.590740e-04        3.606912e-25
               67800        2.354290e-04        3.731041e-25
               67900        2.359400e-04        3.731041e-25
               68000        2.309890e-04        3.268185e-25
               68100        2.339450e-04        3.268185e-25
               68200        2.323860e-04        3.305701e-25
               68300        2.314290e-04        3.305701e-25
               68400        2.315300e-04        3.503065e-25
               68500        2.302030e-04        3.503065e-25
               68600        2.330350e-04        3.363473e-25
               68700        2.328090e-04        3.363473e-25
               68800        2.347490e-04        3.386767e-25
               68900        2.297520e-04        3.386389e-25
               69000        2.265850e-04        3.214305e-25
               69100        2.313470e-04        3.214305e-25
               69200        2.311720e-04        3.253542e-25
               69300        2.355880e-04        3.253542e-25
               69400        2.457560e-04        3.349706e-25
               69500        2.404290e-04        3.413657e-25
               69600        2.314710e-04        3.203596e-25
               69700        2.259260e-04        3.102585e-25
               69800        2.029600e-04        2.985633e-25
               69900        2.082410e-04        3.059344e-25
               70000        1.991570e-04        3.602404e-25
               70100        2.154400e-04        3.645292e-25
               70200        2.014890e-04        3.315920e-25
               70300        2.130800e-04        3.270255e-25
               70400        2.077910e-04        3.262456e-25
               70500        2.173660e-04        3.294999e-25
               70600        2.008520e-04        3.053923e-25
               70700        2.072840e-04        3.169707e-25
               70800        2.036920e-04        3.624004e-25
               70900        2.111610e-04        3.579816e-25
               71000        2.025980e-04        3.648185e-25
               71100        2.069770e-04        3.524160e-25
               71200        1.994980e-04        3.266061e-25
               71300        2.098090e-04        3.472836e-25
               71400        2.092220e-04        3.492105e-25
               71500        2.181010e-04        3.551335e-25
               71600        2.073070e-04        3.508450e-25
               71700        2.202470e-04        3.821304e-25
               71800        2.012340e-04        3.668326e-25
               71900        2.131300e-04        3.615952e-25
               72000        2.029800e-04        3.708367e-25
               72100        2.120140e-04        3.689443e-25
               72200        2.047430e-04        3.687286e-25
               72300        2.123540e-04        3.510525e-25
               72400        2.025260e-04        3.711054e-25
               72500        2.200820e-04        3.441490e-25
               72600        2.153020e-04        3.066704e-25
               72700        2.159470e-04        3.266584e-25
               72800        2.305870e-04        3.032237e-25
               72900        2.085260e-04        2.945518e-25
               73000        2.098450e-04        3.235372e-25
               73100        2.105380e-04        3.188448e-25
               73200        2.073040e-04        3.078172e-25
               73300        2.101620e-04        3.231521e-25
               73400        2.003150e-04        3.552977e-25
               73500        2.190480e-04        3.626237e-25
               73600        2.040500e-04        3.494244e-25
               73700        2.209120e-04        3.487178e-25
               73800        2.071070e-04        3.528399e-25
               73900        2.159330e-04        3.613539e-25
               74000        2.099520e-04        3.771080e-25
               74100        2.244340e-04        3.791204e-25
               74200        2.180200e-04        3.551055e-25
               74300        2.153630e-04        3.520479e-25
               74400        2.083430e-04        3.837945e-25
               74500        2.144400e-04        3.812551e-25
               74600        2.171390e-04        3.598241e-25
               74700        2.164440e-04        3.815454e-25
               74800        2.071480e-04        4.491729e-25
               74900        2.181870e-04        4.274772e-25
               75000        2.045350e-04        3.777403e-25
               75100        2.230380e-04        3.826306e-25
               75200        2.089030e-04        3.715105e-25
               75300        2.226440e-04        3.708368e-25
               75400        2.050000e-04        3.960300e-25
               75500        2.112770e-04        3.834350e-25
               75600        2.056170e-04        3.574936e-25
               75700        2.145090e-04        3.625592e-25
               75800        2.053830e-04        3.547894e-25
               75900        2.163250e-04        3.436702e-25
               76000        2.010070e-04        3.991618e-25
               76100        2.121590e-04        4.036637e-25
               76200        2.010000e-04        3.348755e-25
               76300        2.171860e-04        3.428960e-25
               76400        2.040280e-04        3.499065e-25
               76500        2.101030e-04        3.410033e-25
               76600        2.060230e-04        3.415165e-25
               76700        2.138340e-04        3.406052e-25
               76800        2.036680e-04        3.394474e-25
               76900        2.121660e-04        3.410949e-25
               77000        2.016880e-04        3.169203e-25
               77100        2.135690e-04        3.225665e-25
               77200        2.074590e-04        3.286776e-25
               77300        2.144050e-04        3.430935e-25
               77400        2.017760e-04        3.827939e-25
               77500        2.097750e-04        3.749874e-25
               77600        2.062640e-04        3.964730e-25
               77700        2.097240e-04        3.967637e-25
               77800        2.029010e-04        4.119502e-25
               77900        2.145030e-04        4.001381e-25
               78000        2.014530e-04        4.242864e-25
               78100        2.116630e-04        4.216611e-25
               78200        1.996470e-04        4.051293e-25
               78300        2.119910e-04        4.127609e-25
               78400        2.077510e-04        4.386770e-25
               78500        2.112920e-04        4.550891e-25
               78600        2.044370e-04        4.494731e-25
               78700        2.168560e-04        4.402126e-25
               78800        2.148800e-04        4.138819e-25
               78900        2.106640e-04        4.266916e-25
               79000        2.025450e-04        4.049042e-25
               79100        2.183380e-04        4.046611e-25
               79200        2.034320e-04        3.633154e-25
               79300        2.170280e-04        3.551152e-25
               79400        2.019630e-04        3.612536e-25
               79500        2.114310e-04        3.638817e-25
               79600        2.048000e-04        3.929061e-25
               79700        2.140610e-04        3.925289e-25
               79800        1.995120e-04        3.995318e-25
               79900        2.125490e-04        3.964584e-25
               80000        2.049260e-04        3.883672e-25
               80100        2.120150e-04        3.840937e-25
               80200        1.986890e-04        3.760192e-25
               80300        2.125570e-04        3.825215e-25
               80400        2.010980e-04        4.000164e-25
               80500        2.166140e-04        4.020442e-25
               80600        2.047770e-04        4.027429e-25
               80700        2.122540e-04        4.026666e-25
               80800        1.998260e-04        4.440010e-25
               80900        2.119290e-04        4.382217e-25
               81000        2.005130e-04        3.853364e-25
               81100        2.123420e-04        3.824525e-25
               81200        1.994760e-04        4.053739e-25
               81300        2.080860e-04        4.107046e-25
               81400        2.029860e-04        3.607231e-25
               81500        2.099880e-04        3.592473e-25
               81600        1.985430e-04        3.813066e-25
               81700        2.139980e-04        3.813066e-25
               81800        2.014490e-04        3.831244e-25
               81900        2.108220e-04        3.831244e-25
               82000        1.996340e-04        3.721594e-25
               82100        2.148040e-04        3.721594e-25
               82200        2.127100e-04        3.542252e-25
               82300        2.143570e-04        3.542276e-25
               82400        2.025770e-04        3.711559e-25
               82500        2.064000e-04        3.711559e-25
               82600        2.031640e-04        3.920282e-25
               82700        2.143050e-04        3.920282e-25
               82800        2.017880e-04        3.587519e-25
               82900        2.152920e-04        4.612186e-25
               83000        2.059970e-04        4.612186e-25
               83100        2.184870e-04        4.448441e-25
               83200        2.014560e-04        4.448441e-25
               83300        2.201430e-04        3.895170e-25
               83400        1.998540e-04        3.895170e-25
               83500        2.103400e-04        3.707416e-25
               83600        2.001130e-04        3.707416e-25
               83700        2.140000e-04        3.493078e-25
               83800        2.019200e-04        3.493078e-25
               83900        2.134470e-04        3.877313e-25
               84000        1.977510e-04        3.877313e-25
               84100        2.064520e-04        3.675445e-25
               84200        1.945640e-04        3.675492e-25
               84300        2.045200e-04        3.822020e-25
               84400        1.959390e-04        3.822508e-25
               84500        2.063770e-04        3.819627e-25
               84600        1.957820e-04        4.286153e-25
               84700        2.025480e-04        4.286153e-25
               84800        1.962900e-04        3.992760e-25
               84900        2.140510e-04        3.992760e-25
               85000        2.054590e-04        4.458007e-25
               85100        2.088330e-04        4.458007e-25
               85200        1.903770e-04        4.522637e-25
               85300        2.051210e-04        5.114683e-25
               85400        1.978480e-04        5.114683e-25
               85500        2.100320e-04        5.425255e-25
               85600        1.961060e-04        5.425255e-25
               85700        2.045890e-04        4.683279e-25
               85800        1.921540e-04        4.683279e-25
               85900        2.155070e-04        3.803771e-25
               86000        2.054390e-04        3.803771e-25
               86100        2.198890e-04        3.729933e-25
               86200        2.019850e-04        3.729933e-25
               86300        2.179200e-04        3.899009e-25
               86400        1.992640e-04        3.899763e-25
               86500        2.149950e-04        3.674826e-25
               86600        2.031260e-04        3.674826e-25
               86700        2.125370e-04        4.099438e-25
               86800        2.022770e-04        4.099438e-25
               86900        2.073600e-04        4.364153e-25
               87000        1.964450e-04        4.363900e-25
               87100        2.124520e-04        3.770759e-25
               87200        2.041180e-04        3.769971e-25
               87300        2.115230e-04        3.831119e-25
               87400        2.022820e-04        3.831474e-25
               87500        2.104070e-04        3.329722e-25
               87600        2.015740e-04        3.329722e-25
               87700        2.100480e-04        3.724373e-25
               87800        2.045470e-04        3.724574e-25
               87900        2.169550e-04        3.621403e-25
               88000        1.999170e-04        3.621403e-25
               88100        2.062130e-04        3.892067e-25
               88200        1.975210e-04        3.892067e-25
               88300        2.118160e-04        3.901093e-25
               88400        1.963700e-04        3.901093e-25
               88500        2.039670e-04        4.003593e-25
               88600        1.964820e-04        4.003593e-25
               88700        2.364580e-04        3.705816e-25
               88800        1.963920e-04        3.705816e-25
               88900        2.193900e-04        4.135337e-25
               89000        2.049270e-04        4.135206e-25
               89100        2.083040e-04        4.182181e-25
               89200        1.989880e-04        4.182181e-25
               89300        2.070840e-04        3.887416e-25
               89400        2.006790e-04        3.887416e-25
               89500        2.037550e-04        3.602488e-25
               89600        1.982670e-04        3.602488e-25
               89700        2.029970e-04        3.747579e-25
               89800        1.980910e-04        3.747579e-25
               89900        2.081710e-04        4.153841e-25
               90000        1.941480e-04        4.153841e-25
               90100        2.053710e-04        3.945682e-25
               90200        1.953510e-04        3.945682e-25
               90300        2.047380e-04        3.840714e-25
               90400        2.042150e-04        3.840714e-25
               90500        2.089910e-04        4.048200e-25
               90600        1.936290e-04        4.048200e-25
               90700        2.096940e-04        3.852034e-25
               90800        2.090880e-04        3.852034e-25
               90900        2.060930e-04        4.134699e-25
               91000        1.944220e-04        4.134699e-25
               91100        2.031610e-04        4.431191e-25
               91200        1.976520e-04        4.431191e-25
               91300        2.044420e-04        3.557842e-25
               91400        1.949520e-04        3.557842e-25
               91500        2.032270e-04        4.374993e-25
               91600        1.969520e-04        4.374993e-25
               91700        2.084160e-04        3.779722e-25
               91800        1.955060e-04        3.779722e-25
               91900        2.156810e-04        3.854648e-25
               92000        2.074570e-04        3.854636e-25
               92100        2.238510e-04        3.896722e-25
               92200        2.112820e-04        3.897101e-25
               92300        3.056090e-04        4.136212e-25
               92400        2.839240e-04        4.136212e-25
               92500        2.323930e-04        4.515680e-25
               92600        2.343720e-04        4.515680e-25
               92700        2.299220e-04        4.151321e-25
               92800        2.326360e-04        4.151321e-25
               92900        2.361250e-04        3.686404e-25
               93000        2.302440e-04        3.686404e-25
               93100        2.324480e-04        3.759755e-25
               93200        2.336970e-04        3.759755e-25
               93300        2.344130e-04        3.578997e-25
               93400        2.285040e-04        3.578997e-25
               93500        2.454110e-04        3.743607e-25
               93600        2.087080e-04        3.743607e-25
               93700        2.008320e-04        3.433657e-25
               93800        2.131830e-04        3.433657e-25
               93900        2.080120e-04        3.675657e-25
               94000        2.343730e-04        3.675657e-25
               94100        2.216430e-04        3.622749e-25
               94200        2.152190e-04        3.622749e-25
               94300        2.178140e-04        3.395575e-25
               94400        2.193230e-04        3.395575e-25
               94500        2.176280e-04        3.464340e-25
               94600        2.204880e-04        3.464340e-25
               94700        2.095760e-04        3.607016e-25
               94800        2.219900e-04        3.607016e-25
               94900        2.079980e-04        3.539097e-25
               95000        2.206650e-04        3.539160e-25
               95100        2.114070e-04        3.493246e-25
               95200        2.303570e-04        3.493246e-25
               95300        2.107380e-04        3.711106e-25
               95400        2.184170e-04        3.711106e-25
               95500        2.103680e-04        3.929662e-25
               95600        2.264130e-04        3.929741e-25
               95700        2.104030e-04        3.581799e-25
               95800        2.182400e-04        3.581132e-25
               95900        2.115790e-04        3.807644e-25
               96000        2.113920e-04        3.807644e-25
               96100        2.035490e-04        3.953467e-25
               96200        2.121990e-04        3.953467e-25
               96300        2.014090e-04        4.357131e-25
               96400        2.132420e-04        4.357288e-25
               96500        2.022780e-04        3.897739e-25
               96600        2.100880e-04        3.897739e-25
               96700        2.133380e-04        4.562975e-25
               96800        2.124590e-04        4.562846e-25
               96900        2.003500e-04        3.910407e-25
               97000        2.148540e-04        3.910556e-25
               97100        2.009720e-04        4.159458e-25
               97200        2.089000e-04        3.821272e-25
               97300        2.017550e-04        3.821414e-25
               97400        2.116210e-04        4.226624e-25
               97500        2.117680e-04        4.226624e-25
               97600        2.136070e-04        4.287197e-25
               97700        2.007460e-04        4.287197e-25
               97800        2.132820e-04        3.555246e-25
               97900        2.022300e-04        3.555246e-25
               98000        2.102450e-04        3.602096e-25
               98100        2.116130e-04        3.602096e-25
               98200        2.219410e-04        3.243199e-25
               98300        2.010570e-04        3.243199e-25
               98400        2.154480e-04        3.428918e-25
               98500        2.028470e-04        3.428918e-25
               98600        2.154620e-04        3.591620e-25
               98700        2.029490e-04        3.591513e-25
               98800        2.122100e-04        3.673351e-25
               98900        2.024770e-04        3.673351e-25
               99000        2.129690e-04        3.695388e-25
               99100        2.013810e-04        3.695467e-25
               99200        2.117010e-04        3.308457e-25
               99300        2.017230e-04        3.308485e-25
               99400        2.082950e-04        3.726375e-25
               99500        2.010280e-04        3.726280e-25
               99600        1.953910e-04        3.771575e-25
               99700        1.920840e-04        3.771575e-25
               99800        1.890350e-04        3.503175e-25
               99900        1.947100e-04        3.503057e-25
              100000        1.936670e-04        3.786645e-25
