Period: 100
               Epoch           Time cost                Loss
                 100        1.928890e-04        6.731343e+04
                 200        1.611610e-04        5.524590e+04
                 300        1.516080e-04        4.803040e+04
                 400        1.608070e-04        3.930517e+04
                 500        2.368960e-04        3.043535e+04
                 600        2.044330e-04        3.043535e+04
                 700        1.854830e-04        2.517288e+04
                 800        1.774770e-04        2.517626e+04
                 900        1.833230e-04        2.009691e+04
                1000        1.803170e-04        2.009691e+04
                1100        1.830730e-04        1.623145e+04
                1200        2.043030e-04        1.623135e+04
                1300        1.843210e-04        1.233956e+04
                1400        1.750350e-04        1.233956e+04
                1500        1.777080e-04        1.063739e+04
                1600        2.133000e-04        1.063739e+04
                1700        1.920110e-04        8.213215e+03
                1800        3.364480e-04        8.213215e+03
                1900        1.881370e-04        6.534216e+03
                2000        2.343360e-04        6.534216e+03
                2100        1.895760e-04        4.851019e+03
                2200        2.689510e-04        4.851019e+03
                2300        2.158620e-04        3.827422e+03
                2400        2.036340e-04        3.827422e+03
                2500        2.222330e-04        2.876187e+03
                2600        1.829920e-04        2.876227e+03
                2700        1.833390e-04        2.159869e+03
                2800        2.017440e-04        2.159869e+03
                2900        1.845020e-04        1.738338e+03
                3000        2.235140e-04        1.738710e+03
                3100        1.967180e-04        1.353564e+03
                3200        1.843090e-04        1.353564e+03
                3300        1.904360e-04        1.118062e+03
                3400        1.888390e-04        1.118062e+03
                3500        1.971950e-04        8.972866e+02
                3600        1.905280e-04        8.972901e+02
                3700        2.155850e-04        6.890357e+02
                3800        1.930990e-04        6.890357e+02
                3900        1.829140e-04        5.401555e+02
                4000        1.763220e-04        5.401555e+02
                4100        1.848110e-04        4.113760e+02
                4200        1.794390e-04        4.113760e+02
                4300        1.860020e-04        3.240817e+02
                4400        1.755820e-04        3.240817e+02
                4500        1.752720e-04        2.874463e+02
                4600        1.767490e-04        2.874463e+02
                4700        1.874090e-04        2.220028e+02
                4800        1.843360e-04        2.220028e+02
                4900        1.748750e-04        1.689842e+02
                5000        1.754290e-04        1.689698e+02
                5100        1.733520e-04        1.221007e+02
                5200        2.077910e-04        1.221007e+02
                5300        1.957940e-04        9.823576e+01
                5400        1.810670e-04        9.824264e+01
                5500        1.832550e-04        8.329674e+01
                5600        1.892230e-04        8.329674e+01
                5700        1.836520e-04        7.381768e+01
                5800        1.877250e-04        7.381768e+01
                5900        1.821590e-04        5.748835e+01
                6000        1.931100e-04        5.748835e+01
                6100        1.827940e-04        4.570850e+01
                6200        1.942280e-04        4.571054e+01
                6300        1.994780e-04        3.597090e+01
                6400        1.857790e-04        3.597090e+01
                6500        1.923580e-04        2.801404e+01
                6600        2.000710e-04        2.801422e+01
                6700        1.877710e-04        2.184815e+01
                6800        1.966370e-04        2.184815e+01
                6900        1.896690e-04        1.675462e+01
                7000        1.785090e-04        1.675521e+01
                7100        1.876000e-04        1.349268e+01
                7200        1.967450e-04        1.349268e+01
                7300        1.823940e-04        9.626949e+00
                7400        1.965800e-04        9.626949e+00
                7500        1.820530e-04        8.699499e+00
                7600        1.831670e-04        8.699499e+00
                7700        2.017770e-04        6.822185e+00
                7800        2.157750e-04        6.822185e+00
                7900        1.805640e-04        5.445692e+00
                8000        1.722800e-04        5.445692e+00
                8100        1.738300e-04        4.203381e+00
                8200        1.848000e-04        4.203381e+00
                8300        1.746640e-04        3.516326e+00
                8400        1.764620e-04        3.516332e+00
                8500        1.732760e-04        2.627479e+00
                8600        1.845970e-04        2.627479e+00
                8700        1.790270e-04        1.920394e+00
                8800        1.748080e-04        1.920394e+00
                8900        1.748060e-04        1.567448e+00
                9000        1.767880e-04        1.567448e+00
                9100        1.745990e-04        1.116129e+00
                9200        1.759400e-04        1.116129e+00
                9300        1.812980e-04        8.169830e-01
                9400        1.961170e-04        8.169815e-01
                9500        1.760790e-04        6.467859e-01
                9600        1.782530e-04        6.467859e-01
                9700        1.761740e-04        5.362725e-01
                9800        1.849010e-04        5.362739e-01
                9900        1.759550e-04        4.081210e-01
               10000        1.789250e-04        4.081210e-01
               10100        1.833510e-04        3.393110e-01
               10200        1.772660e-04        3.393365e-01
               10300        2.291700e-04        2.637977e-01
               10400        1.968130e-04        2.637977e-01
               10500        2.365300e-04        2.492428e-01
               10600        1.945590e-04        2.492428e-01
               10700        1.864790e-04        1.820072e-01
               10800        1.835260e-04        1.820072e-01
               10900        2.090540e-04        1.415167e-01
               11000        1.917160e-04        1.415167e-01
               11100        1.980780e-04        1.115907e-01
               11200        2.191810e-04        1.115907e-01
               11300        1.981630e-04        9.666946e-02
               11400        2.001640e-04        9.667229e-02
               11500        1.730130e-04        7.282044e-02
               11600        1.756200e-04        7.282297e-02
               11700        1.838450e-04        5.316159e-02
               11800        1.904790e-04        5.316159e-02
               11900        1.786690e-04        4.523408e-02
               12000        1.705490e-04        4.523373e-02
               12100        1.757330e-04        3.414757e-02
               12200        1.806940e-04        3.414827e-02
               12300        1.852550e-04        2.863233e-02
               12400        1.846310e-04        2.863273e-02
               12500        1.826620e-04        2.344338e-02
               12600        1.885760e-04        2.344314e-02
               12700        1.962220e-04        1.809506e-02
               12800        1.962440e-04        1.809821e-02
               12900        1.987980e-04        1.484271e-02
               13000        2.399290e-04        1.484271e-02
               13100        2.025580e-04        1.199276e-02
               13200        2.049490e-04        1.199276e-02
               13300        2.013690e-04        1.008482e-02
               13400        2.065720e-04        1.008482e-02
               13500        1.994930e-04        7.621014e-03
               13600        2.029130e-04        7.621014e-03
               13700        2.010310e-04        6.144303e-03
               13800        1.996470e-04        6.144303e-03
               13900        2.046320e-04        4.779967e-03
               14000        1.993510e-04        4.779967e-03
               14100        2.023600e-04        3.911927e-03
               14200        2.029670e-04        3.911927e-03
               14300        1.952390e-04        2.889807e-03
               14400        1.986270e-04        2.889807e-03
               14500        2.236580e-04        2.381214e-03
               14600        2.048170e-04        2.380669e-03
               14700        1.925090e-04        1.752447e-03
               14800        1.997760e-04        1.752504e-03
               14900        2.138180e-04        1.410417e-03
               15000        2.054680e-04        1.410417e-03
               15100        2.034540e-04        1.148764e-03
               15200        2.008720e-04        1.148764e-03
               15300        1.984530e-04        9.146104e-04
               15400        1.933620e-04        9.146104e-04
               15500        2.060210e-04        7.191973e-04
               15600        2.045550e-04        7.191973e-04
               15700        2.034090e-04        5.473044e-04
               15800        1.870050e-04        5.473044e-04
               15900        2.109470e-04        4.218495e-04
               16000        1.791860e-04        4.218495e-04
               16100        1.704020e-04        3.183228e-04
               16200        1.957240e-04        3.183228e-04
               16300        1.911010e-04        2.670483e-04
               16400        1.912210e-04        2.670483e-04
               16500        1.985510e-04        2.020088e-04
               16600        1.865030e-04        2.019984e-04
               16700        1.902540e-04        1.603278e-04
               16800        1.903400e-04        1.603278e-04
               16900        1.907840e-04        1.265636e-04
               17000        1.896040e-04        1.265636e-04
               17100        1.849520e-04        9.844347e-05
               17200        1.869730e-04        9.844347e-05
               17300        1.990690e-04        8.287915e-05
               17400        1.862010e-04        8.287915e-05
               17500        1.831030e-04        5.594891e-05
               17600        1.800280e-04        5.594891e-05
               17700        1.833120e-04        4.358545e-05
               17800        2.019540e-04        4.358545e-05
               17900        1.830890e-04        3.721193e-05
               18000        1.790780e-04        3.721193e-05
               18100        1.790110e-04        2.964972e-05
               18200        1.789560e-04        2.964986e-05
               18300        1.815730e-04        2.278286e-05
               18400        1.812690e-04        2.277895e-05
               18500        1.726380e-04        1.900745e-05
               18600        1.740890e-04        1.900724e-05
               18700        1.948390e-04        1.650742e-05
               18800        1.936000e-04        1.650742e-05
               18900        1.637910e-04        1.313654e-05
               19000        1.930280e-04        1.313654e-05
               19100        1.830670e-04        1.044887e-05
               19200        1.889550e-04        1.044887e-05
               19300        1.841950e-04        8.592735e-06
               19400        1.957880e-04        8.592735e-06
               19500        1.881000e-04        6.924423e-06
               19600        1.900810e-04        6.924423e-06
               19700        2.326450e-04        5.601149e-06
               19800        1.862160e-04        5.601149e-06
               19900        1.849940e-04        4.358063e-06
               20000        1.814660e-04        4.357770e-06
               20100        1.800530e-04        3.342362e-06
               20200        2.410930e-04        3.342466e-06
               20300        1.636000e-04        2.688012e-06
               20400        1.564120e-04        2.687751e-06
               20500        1.482440e-04        2.220128e-06
               20600        1.480270e-04        2.220128e-06
               20700        1.507330e-04        1.787781e-06
               20800        1.487470e-04        1.787781e-06
               20900        1.485130e-04        1.325565e-06
               21000        1.495740e-04        1.325559e-06
               21100        1.588330e-04        9.794033e-07
               21200        1.510100e-04        9.794033e-07
               21300        1.521570e-04        7.837906e-07
               21400        1.475310e-04        7.837906e-07
               21500        1.613950e-04        5.734938e-07
               21600        1.458910e-04        5.733517e-07
               21700        1.484700e-04        5.126206e-07
               21800        1.446620e-04        5.126206e-07
               21900        1.607140e-04        4.058998e-07
               22000        1.536330e-04        4.058879e-07
               22100        1.510090e-04        3.039269e-07
               22200        1.536900e-04        3.039269e-07
               22300        1.555280e-04        2.338198e-07
               22400        1.526870e-04        2.338198e-07
               22500        1.588000e-04        1.880640e-07
               22600        1.773490e-04        1.880648e-07
               22700        1.797050e-04        1.672842e-07
               22800        1.962020e-04        1.672872e-07
               22900        1.797270e-04        1.410281e-07
               23000        1.745620e-04        1.410297e-07
               23100        1.736520e-04        9.808664e-08
               23200        1.753290e-04        9.808412e-08
               23300        1.744690e-04        7.454318e-08
               23400        1.749470e-04        7.454318e-08
               23500        1.780350e-04        5.662720e-08
               23600        1.794650e-04        5.662618e-08
               23700        1.757540e-04        4.692212e-08
               23800        1.707950e-04        4.692118e-08
               23900        1.736760e-04        3.596289e-08
               24000        1.743220e-04        3.596018e-08
               24100        1.883920e-04        2.965632e-08
               24200        1.800100e-04        2.965632e-08
               24300        1.899800e-04        2.465274e-08
               24400        2.246050e-04        2.465260e-08
               24500        1.771380e-04        1.649986e-08
               24600        1.845290e-04        1.649986e-08
               24700        2.240700e-04        1.239462e-08
               24800        2.066670e-04        1.239462e-08
               24900        2.188120e-04        9.803662e-09
               25000        2.042080e-04        9.803596e-09
               25100        2.327000e-04        7.121465e-09
               25200        1.853210e-04        7.122071e-09
               25300        1.880520e-04        5.424099e-09
               25400        1.775940e-04        5.424099e-09
               25500        1.755640e-04        4.236276e-09
               25600        1.858960e-04        4.236276e-09
               25700        1.856040e-04        3.214067e-09
               25800        1.845000e-04        3.214067e-09
               25900        1.803750e-04        2.675898e-09
               26000        1.771900e-04        2.675898e-09
               26100        1.745510e-04        2.155012e-09
               26200        1.769370e-04        2.155012e-09
               26300        1.790470e-04        1.749073e-09
               26400        1.769350e-04        1.749091e-09
               26500        1.783360e-04        1.244153e-09
               26600        1.856690e-04        1.244154e-09
               26700        1.796490e-04        1.021581e-09
               26800        1.828010e-04        1.021581e-09
               26900        1.754460e-04        7.590599e-10
               27000        1.742150e-04        7.590599e-10
               27100        1.726000e-04        6.309727e-10
               27200        1.817200e-04        6.309727e-10
               27300        1.840320e-04        5.161142e-10
               27400        1.867070e-04        5.161142e-10
               27500        1.884420e-04        4.069503e-10
               27600        1.824030e-04        4.069503e-10
               27700        1.857860e-04        3.362808e-10
               27800        1.989140e-04        3.364151e-10
               27900        1.835170e-04        2.957954e-10
               28000        1.821610e-04        2.957954e-10
               28100        1.858270e-04        2.195612e-10
               28200        1.839300e-04        2.195638e-10
               28300        1.890040e-04        1.904911e-10
               28400        1.842640e-04        1.904911e-10
               28500        1.749190e-04        1.546874e-10
               28600        1.782720e-04        1.546874e-10
               28700        1.789840e-04        1.203210e-10
               28800        1.897070e-04        9.521322e-11
               28900        1.903510e-04        9.521780e-11
               29000        1.776820e-04        8.242263e-11
               29100        2.622990e-04        8.242310e-11
               29200        2.040310e-04        6.188122e-11
               29300        2.061200e-04        6.188122e-11
               29400        1.877240e-04        5.152879e-11
               29500        2.019970e-04        5.152754e-11
               29600        1.865350e-04        3.829656e-11
               29700        1.844980e-04        3.829656e-11
               29800        1.811160e-04        3.016116e-11
               29900        1.782820e-04        3.016116e-11
               30000        1.757960e-04        2.432335e-11
               30100        1.753610e-04        2.432335e-11
               30200        1.803500e-04        1.995922e-11
               30300        1.725820e-04        1.657568e-11
               30400        1.728560e-04        1.657568e-11
               30500        1.780280e-04        1.272437e-11
               30600        1.837000e-04        1.272437e-11
               30700        1.739230e-04        9.671632e-12
               30800        1.763230e-04        9.671632e-12
               30900        1.794930e-04        7.332130e-12
               31000        1.757730e-04        7.332130e-12
               31100        1.732730e-04        7.332130e-12
               31200        1.759050e-04        3.957271e-12
               31300        1.771080e-04        3.288427e-12
               31400        2.062840e-04        3.288427e-12
               31500        1.739600e-04        2.858371e-12
               31600        1.787170e-04        2.858371e-12
               31700        1.752330e-04        2.188912e-12
               31800        1.765610e-04        2.188912e-12
               31900        1.776850e-04        1.507942e-12
               32000        1.757540e-04        1.507942e-12
               32100        1.751040e-04        1.288867e-12
               32200        1.749650e-04        1.288867e-12
               32300        1.783900e-04        8.839641e-13
               32400        1.730650e-04        8.839641e-13
               32500        1.757320e-04        7.091322e-13
               32600        1.786440e-04        7.091322e-13
               32700        1.836040e-04        5.175891e-13
               32800        2.499710e-04        5.176143e-13
               32900        2.209750e-04        4.468510e-13
               33000        1.861620e-04        4.468510e-13
               33100        1.932900e-04        3.416779e-13
               33200        1.935200e-04        3.416820e-13
               33300        2.204150e-04        2.637850e-13
               33400        2.179600e-04        2.637810e-13
               33500        1.969110e-04        2.171346e-13
               33600        2.073080e-04        2.171252e-13
               33700        1.898870e-04        1.601908e-13
               33800        1.874990e-04        1.601642e-13
               33900        2.020570e-04        1.303794e-13
               34000        1.878930e-04        1.303794e-13
               34100        1.813780e-04        1.070086e-13
               34200        1.810420e-04        1.070086e-13
               34300        2.036860e-04        8.959065e-14
               34400        1.877510e-04        8.958834e-14
               34500        1.836460e-04        6.561559e-14
               34600        1.800410e-04        6.561559e-14
               34700        1.829850e-04        5.384205e-14
               34800        1.852300e-04        5.384205e-14
               34900        1.828750e-04        4.323320e-14
               35000        1.831350e-04        4.323320e-14
               35100        1.829760e-04        3.343146e-14
               35200        1.824540e-04        3.343146e-14
               35300        1.831540e-04        2.537144e-14
               35400        1.806910e-04        2.537144e-14
               35500        1.804440e-04        2.187645e-14
               35600        2.106130e-04        2.187519e-14
               35700        1.792560e-04        1.746337e-14
               35800        1.777250e-04        1.746337e-14
               35900        1.786450e-04        1.189843e-14
               36000        1.809500e-04        1.189858e-14
               36100        1.833050e-04        9.679877e-15
               36200        1.850590e-04        9.679877e-15
               36300        1.787580e-04        7.760557e-15
               36400        1.822500e-04        7.760544e-15
               36500        1.815580e-04        6.130525e-15
               36600        1.874740e-04        4.877610e-15
               36700        1.954380e-04        3.795465e-15
               36800        2.314850e-04        3.795465e-15
               36900        2.069720e-04        3.134578e-15
               37000        1.867030e-04        3.134617e-15
               37100        2.201740e-04        2.275244e-15
               37200        2.192490e-04        2.275244e-15
               37300        1.959720e-04        1.846520e-15
               37400        2.213200e-04        1.846520e-15
               37500        2.102720e-04        1.528374e-15
               37600        2.009900e-04        1.528375e-15
               37700        1.862940e-04        1.177908e-15
               37800        2.112100e-04        1.177908e-15
               37900        2.045440e-04        9.265149e-16
               38000        1.930690e-04        9.267047e-16
               38100        1.867520e-04        7.456052e-16
               38200        1.900500e-04        7.456005e-16
               38300        1.809410e-04        5.712172e-16
               38400        1.789940e-04        5.711918e-16
               38500        1.808940e-04        4.506949e-16
               38600        1.806520e-04        4.506501e-16
               38700        1.789400e-04        3.520742e-16
               38800        1.787950e-04        3.520742e-16
               38900        1.824810e-04        2.871801e-16
               39000        1.771350e-04        2.871742e-16
               39100        1.784100e-04        2.149265e-16
               39200        1.443880e-04        2.149265e-16
               39300        1.726700e-04        1.675646e-16
               39400        1.827760e-04        1.624153e-16
               39500        1.906460e-04        1.092480e-16
               39600        1.873290e-04        9.552253e-17
               39700        1.877240e-04        6.999616e-17
               39800        1.878090e-04        5.979170e-17
               39900        2.115610e-04        4.222799e-17
               40000        1.929350e-04        3.973349e-17
               40100        1.847850e-04        2.696589e-17
               40200        2.078900e-04        2.520327e-17
               40300        1.920650e-04        1.836174e-17
               40400        2.135230e-04        1.753246e-17
               40500        1.898240e-04        1.275410e-17
               40600        2.048430e-04        1.156605e-17
               40700        2.144920e-04        8.546716e-18
               40800        1.940210e-04        7.647566e-18
               40900        1.820690e-04        4.600093e-18
               41000        2.140620e-04        4.078582e-18
               41100        1.859910e-04        2.905526e-18
               41200        1.775190e-04        2.642175e-18
               41300        1.841740e-04        2.142140e-18
               41400        1.829420e-04        2.007849e-18
               41500        2.162840e-04        1.399679e-18
               41600        2.592450e-04        1.133881e-18
               41700        2.067650e-04        1.133881e-18
               41800        2.085880e-04        8.804198e-19
               41900        1.994360e-04        8.804198e-19
               42000        1.969620e-04        6.985066e-19
               42100        2.653470e-04        6.985066e-19
               42200        2.270380e-04        5.717086e-19
               42300        2.149340e-04        5.717079e-19
               42400        2.650750e-04        4.121967e-19
               42500        1.835570e-04        4.121967e-19
               42600        1.945300e-04        3.401369e-19
               42700        1.825040e-04        3.401369e-19
               42800        1.758120e-04        2.950616e-19
               42900        1.796280e-04        2.950616e-19
               43000        1.791180e-04        2.282958e-19
               43100        1.834610e-04        2.282958e-19
               43200        1.884820e-04        1.812171e-19
               43300        1.891340e-04        1.812171e-19
               43400        1.913900e-04        1.446861e-19
               43500        1.909350e-04        1.446861e-19
               43600        2.124570e-04        1.029048e-19
               43700        2.238740e-04        1.029048e-19
               43800        2.109160e-04        7.553144e-20
               43900        1.896390e-04        7.552707e-20
               44000        1.902120e-04        6.066799e-20
               44100        1.864830e-04        6.066860e-20
               44200        2.025280e-04        4.855437e-20
               44300        2.095010e-04        4.855437e-20
               44400        1.986940e-04        4.258111e-20
               44500        1.893680e-04        4.258111e-20
               44600        1.918280e-04        3.554318e-20
               44700        2.130170e-04        3.554330e-20
               44800        1.892870e-04        2.888173e-20
               44900        1.880850e-04        2.270583e-20
               45000        1.784380e-04        2.266063e-20
               45100        1.821060e-04        1.297393e-20
               45200        1.877760e-04        1.028207e-20
               45300        1.925450e-04        1.028207e-20
               45400        1.809050e-04        7.933627e-21
               45500        1.819770e-04        7.933828e-21
               45600        1.814050e-04        6.589312e-21
               45700        1.870640e-04        6.589312e-21
               45800        1.832150e-04        5.661784e-21
               45900        2.089840e-04        4.306191e-21
               46000        2.207650e-04        4.306191e-21
               46100        1.936970e-04        3.721247e-21
               46200        2.092840e-04        3.721056e-21
               46300        2.235550e-04        2.730566e-21
               46400        1.978610e-04        2.730566e-21
               46500        2.244420e-04        2.194424e-21
               46600        2.002890e-04        2.194469e-21
               46700        2.797360e-04        1.731328e-21
               46800        1.916530e-04        1.731349e-21
               46900        1.966440e-04        1.303457e-21
               47000        2.232900e-04        1.303457e-21
               47100        2.217190e-04        9.537390e-22
               47200        2.038100e-04        9.537390e-22
               47300        2.242400e-04        8.137446e-22
               47400        2.397340e-04        8.136940e-22
               47500        1.727190e-04        6.001864e-22
               47600        1.811110e-04        6.001864e-22
               47700        1.695000e-04        5.124097e-22
               47800        1.701180e-04        5.124097e-22
               47900        1.818470e-04        3.698636e-22
               48000        1.711480e-04        3.698636e-22
               48100        1.654740e-04        3.013790e-22
               48200        1.700180e-04        3.013790e-22
               48300        1.654420e-04        2.402068e-22
               48400        1.683330e-04        2.402068e-22
               48500        1.634330e-04        2.047108e-22
               48600        1.713480e-04        2.047108e-22
               48700        1.755470e-04        1.492946e-22
               48800        1.797040e-04        1.492946e-22
               48900        1.730720e-04        1.291204e-22
               49000        1.796190e-04        1.291204e-22
               49100        1.653970e-04        9.740626e-23
               49200        1.777790e-04        9.740626e-23
               49300        1.685330e-04        7.913275e-23
               49400        1.792270e-04        7.913275e-23
               49500        2.314920e-04        7.028467e-23
               49600        1.851020e-04        7.028467e-23
               49700        1.860970e-04        5.240065e-23
               49800        1.944810e-04        5.240065e-23
               49900        1.829990e-04        4.327661e-23
               50000        1.898340e-04        4.327635e-23
               50100        2.472400e-04        3.212261e-23
               50200        1.920220e-04        3.212261e-23
               50300        1.827490e-04        2.559564e-23
               50400        1.877500e-04        2.559564e-23
               50500        1.799960e-04        1.862023e-23
               50600        1.826650e-04        1.862023e-23
               50700        1.856540e-04        1.518355e-23
               50800        1.918550e-04        1.518355e-23
               50900        2.647580e-04        1.268097e-23
               51000        2.321430e-04        1.268097e-23
               51100        2.311980e-04        1.025567e-23
               51200        2.242710e-04        1.025567e-23
               51300        2.759310e-04        8.189517e-24
               51400        2.761000e-04        8.189517e-24
               51500        2.091510e-04        6.325637e-24
               51600        2.399850e-04        6.325637e-24
               51700        2.482890e-04        5.243543e-24
               51800        2.489090e-04        5.243543e-24
               51900        2.564170e-04        4.360867e-24
               52000        2.393090e-04        4.360867e-24
               52100        2.481800e-04        3.993687e-24
               52200        2.721590e-04        3.993034e-24
               52300        2.289290e-04        3.437981e-24
               52400        2.340170e-04        3.438158e-24
               52500        2.428580e-04        2.427019e-24
               52600        2.426400e-04        2.427019e-24
               52700        2.382140e-04        2.032196e-24
               52800        2.331920e-04        2.032196e-24
               52900        2.382520e-04        1.542371e-24
               53000        2.296280e-04        1.542371e-24
               53100        2.346980e-04        1.302880e-24
               53200        2.480510e-04        1.302880e-24
               53300        2.348220e-04        9.427939e-25
               53400        2.360420e-04        9.427939e-25
               53500        2.764230e-04        8.337372e-25
               53600        2.621680e-04        8.337372e-25
               53700        2.581970e-04        6.783789e-25
               53800        2.866310e-04        6.783789e-25
               53900        2.413830e-04        5.376149e-25
               54000        2.394530e-04        5.376149e-25
               54100        2.452360e-04        4.232345e-25
               54200        2.450440e-04        4.232423e-25
               54300        2.461190e-04        3.876377e-25
               54400        2.473250e-04        3.876377e-25
               54500        2.497660e-04        3.702357e-25
               54600        2.729400e-04        3.701106e-25
               54700        2.947500e-04        3.070874e-25
               54800        2.495490e-04        3.070874e-25
               54900        3.008890e-04        2.789264e-25
               55000        3.025090e-04        2.789264e-25
               55100        2.276290e-04        2.849930e-25
               55200        2.091320e-04        2.849930e-25
               55300        2.212890e-04        2.613967e-25
               55400        2.094060e-04        2.613967e-25
               55500        2.218560e-04        2.273592e-25
               55600        2.082700e-04        2.273592e-25
               55700        2.252530e-04        2.060815e-25
               55800        2.692510e-04        2.060815e-25
               55900        2.745400e-04        1.911139e-25
               56000        2.839380e-04        1.910930e-25
               56100        2.522630e-04        2.117316e-25
               56200        2.535360e-04        2.117316e-25
               56300        2.536760e-04        1.784789e-25
               56400        2.490570e-04        1.785114e-25
               56500        2.528570e-04        1.848452e-25
               56600        2.594130e-04        1.848389e-25
               56700        2.542340e-04        1.887007e-25
               56800        2.487370e-04        1.887007e-25
               56900        2.441910e-04        1.636685e-25
               57000        2.847780e-04        1.636685e-25
               57100        2.889740e-04        1.552143e-25
               57200        2.593170e-04        1.648119e-25
               57300        2.514210e-04        1.648119e-25
               57400        2.511700e-04        1.370728e-25
               57500        2.539370e-04        1.370728e-25
               57600        2.501800e-04        1.445391e-25
               57700        2.484980e-04        1.445391e-25
               57800        2.498990e-04        1.434349e-25
               57900        2.479510e-04        1.434349e-25
               58000        2.547370e-04        1.440572e-25
               58100        2.499290e-04        1.440572e-25
               58200        2.422020e-04        1.357749e-25
               58300        2.701840e-04        1.357749e-25
               58400        2.549260e-04        1.237211e-25
               58500        2.386000e-04        1.237053e-25
               58600        2.402400e-04        1.257473e-25
               58700        2.710160e-04        1.257925e-25
               58800        2.610880e-04        1.354734e-25
               58900        2.934810e-04        1.354734e-25
               59000        3.095190e-04        1.533604e-25
               59100        2.479400e-04        1.533604e-25
               59200        2.514400e-04        1.352678e-25
               59300        2.743370e-04        1.352678e-25
               59400        2.597540e-04        1.212143e-25
               59500        3.392350e-04        1.212143e-25
               59600        3.338070e-04        1.405550e-25
               59700        2.744970e-04        1.405550e-25
               59800        2.720660e-04        1.584351e-25
               59900        2.772870e-04        1.584351e-25
               60000        3.035800e-04        1.472423e-25
               60100        2.730260e-04        1.472423e-25
               60200        2.946890e-04        1.717133e-25
               60300        3.097770e-04        1.717133e-25
               60400        2.730130e-04        1.498499e-25
               60500        2.706150e-04        1.498499e-25
               60600        3.030590e-04        1.686517e-25
               60700        3.297520e-04        1.686517e-25
               60800        2.896120e-04        1.563943e-25
               60900        2.941090e-04        1.563943e-25
               61000        3.014350e-04        1.494119e-25
               61100        3.029310e-04        1.493963e-25
               61200        2.960450e-04        1.271901e-25
               61300        2.928840e-04        1.271901e-25
               61400        3.279170e-04        1.239248e-25
               61500        3.131090e-04        1.239248e-25
               61600        3.106520e-04        1.263981e-25
               61700        3.069150e-04        1.256403e-25
               61800        3.208090e-04        1.309203e-25
               61900        3.101880e-04        1.309203e-25
               62000        2.858000e-04        1.467305e-25
               62100        2.529760e-04        1.467305e-25
               62200        3.978110e-04        1.399190e-25
               62300        3.144640e-04        1.399190e-25
               62400        2.985390e-04        1.344951e-25
               62500        2.835880e-04        1.344951e-25
               62600        2.705950e-04        1.319801e-25
               62700        3.651590e-04        1.319801e-25
               62800        3.891500e-04        1.245576e-25
               62900        2.893110e-04        1.245576e-25
               63000        2.822880e-04        1.615557e-25
               63100        2.818670e-04        1.615557e-25
               63200        2.895950e-04        1.749165e-25
               63300        2.765840e-04        1.749165e-25
               63400        2.853580e-04        1.805441e-25
               63500        2.851970e-04        1.805571e-25
               63600        3.446240e-04        1.798914e-25
               63700        2.777970e-04        1.799001e-25
               63800        2.786250e-04        1.602658e-25
               63900        2.897860e-04        1.602658e-25
               64000        2.874500e-04        1.521761e-25
               64100        2.954550e-04        1.521761e-25
               64200        2.911300e-04        1.462737e-25
               64300        2.920950e-04        1.462737e-25
               64400        2.845020e-04        1.386983e-25
               64500        2.928020e-04        1.387073e-25
               64600        2.866350e-04        1.293964e-25
               64700        3.169330e-04        1.293964e-25
               64800        2.934250e-04        1.331063e-25
               64900        2.936590e-04        1.331220e-25
               65000        2.900600e-04        1.417938e-25
               65100        2.919050e-04        1.417938e-25
               65200        2.862070e-04        1.542735e-25
               65300        2.942270e-04        1.542735e-25
               65400        2.860080e-04        1.409075e-25
               65500        3.014340e-04        1.409075e-25
               65600        2.969610e-04        1.380930e-25
               65700        2.851380e-04        1.380930e-25
               65800        2.959370e-04        1.314536e-25
               65900        2.848690e-04        1.314536e-25
               66000        2.992820e-04        1.269838e-25
               66100        2.983710e-04        1.269838e-25
               66200        4.450040e-04        1.217529e-25
               66300        3.684300e-04        1.217529e-25
               66400        3.050440e-04        1.261443e-25
               66500        5.053860e-04        1.261443e-25
               66600        2.851110e-04        1.439210e-25
               66700        3.105110e-04        1.438787e-25
               66800        3.827040e-04        1.280254e-25
               66900        4.022440e-04        1.280254e-25
               67000        3.004370e-04        1.413409e-25
               67100        3.151390e-04        1.413409e-25
               67200        4.078130e-04        1.448745e-25
               67300        4.524400e-04        1.448745e-25
               67400        3.201960e-04        1.252825e-25
               67500        3.201070e-04        1.253314e-25
               67600        3.219800e-04        1.171558e-25
               67700        3.117330e-04        1.171558e-25
               67800        3.284440e-04        1.392459e-25
               67900        3.322030e-04        1.392097e-25
               68000        3.050930e-04        1.271247e-25
               68100        3.129680e-04        1.271247e-25
               68200        3.045610e-04        1.249286e-25
               68300        3.259410e-04        1.249286e-25
               68400        3.871570e-04        1.332147e-25
               68500        3.708200e-04        1.332147e-25
               68600        4.144280e-04        1.326150e-25
               68700        3.494580e-04        1.326150e-25
               68800        3.574840e-04        1.385177e-25
               68900        3.322460e-04        1.385177e-25
               69000        3.349320e-04        1.351990e-25
               69100        3.342060e-04        1.351990e-25
               69200        3.265200e-04        1.463893e-25
               69300        4.103640e-04        1.463593e-25
               69400        3.323180e-04        1.317339e-25
               69500        2.712360e-04        1.317339e-25
               69600        2.938840e-04        1.338509e-25
               69700        3.034970e-04        1.338509e-25
               69800        3.130780e-04        1.331731e-25
               69900        2.425940e-04        1.331731e-25
               70000        4.165950e-04        1.278736e-25
               70100        2.347120e-04        1.278761e-25
               70200        2.640530e-04        1.205078e-25
               70300        3.096740e-04        1.436522e-25
               70400        3.319130e-04        1.436273e-25
               70500        2.471810e-04        1.345425e-25
               70600        4.712060e-04        1.345636e-25
               70700        4.071080e-04        1.367688e-25
               70800        2.581440e-04        1.367688e-25
               70900        2.390280e-04        1.479905e-25
               71000        2.734460e-04        1.479905e-25
               71100        2.922240e-04        1.412134e-25
               71200        2.930720e-04        1.412134e-25
               71300        2.889940e-04        1.356768e-25
               71400        2.818010e-04        1.356768e-25
               71500        2.345240e-04        1.424174e-25
               71600        2.362470e-04        1.424174e-25
               71700        2.790160e-04        1.588773e-25
               71800        2.735100e-04        1.588773e-25
               71900        2.800140e-04        1.633618e-25
               72000        2.722600e-04        1.633618e-25
               72100        2.893000e-04        1.555708e-25
               72200        2.852200e-04        1.555708e-25
               72300        2.717470e-04        1.538877e-25
               72400        2.631640e-04        1.538877e-25
               72500        2.614160e-04        1.379864e-25
               72600        2.638730e-04        1.379864e-25
               72700        2.851580e-04        1.336671e-25
               72800        2.484650e-04        1.425828e-25
               72900        2.483900e-04        1.425828e-25
               73000        2.856310e-04        1.396858e-25
               73100        2.080730e-04        1.396858e-25
               73200        2.015060e-04        1.429254e-25
               73300        2.359260e-04        1.429254e-25
               73400        1.989300e-04        1.381324e-25
               73500        2.110670e-04        1.381408e-25
               73600        2.012940e-04        1.493054e-25
               73700        2.339210e-04        1.493054e-25
               73800        2.100280e-04        1.388555e-25
               73900        2.694650e-04        1.439327e-25
               74000        2.579630e-04        1.439327e-25
               74100        1.936710e-04        1.481851e-25
               74200        2.709350e-04        1.481634e-25
               74300        2.572110e-04        1.412951e-25
               74400        2.694550e-04        1.412951e-25
               74500        2.869830e-04        1.641154e-25
               74600        3.186430e-04        1.640751e-25
               74700        2.716860e-04        1.562566e-25
               74800        2.485160e-04        1.562566e-25
               74900        2.517570e-04        1.438681e-25
               75000        2.498710e-04        1.438681e-25
               75100        2.478650e-04        1.343927e-25
               75200        2.426780e-04        1.343927e-25
               75300        2.437530e-04        1.363108e-25
               75400        2.528600e-04        1.363108e-25
               75500        2.444480e-04        1.364906e-25
               75600        2.388230e-04        1.365386e-25
               75700        2.452410e-04        1.338775e-25
               75800        2.400510e-04        1.338775e-25
               75900        2.404150e-04        1.382305e-25
               76000        2.456290e-04        1.382305e-25
               76100        2.369040e-04        1.548735e-25
               76200        2.331380e-04        1.548735e-25
               76300        2.343470e-04        1.442197e-25
               76400        2.321180e-04        1.442197e-25
               76500        2.695110e-04        1.540509e-25
               76600        2.393490e-04        1.540509e-25
               76700        2.286820e-04        1.631082e-25
               76800        2.290090e-04        1.631082e-25
               76900        2.270340e-04        1.702334e-25
               77000        2.282470e-04        1.702334e-25
               77100        2.262410e-04        1.688283e-25
               77200        2.298830e-04        1.688283e-25
               77300        2.261620e-04        1.672253e-25
               77400        2.634340e-04        1.672253e-25
               77500        2.513910e-04        1.506887e-25
               77600        2.205220e-04        1.506887e-25
               77700        1.897070e-04        1.561132e-25
               77800        2.051870e-04        1.561132e-25
               77900        2.317210e-04        1.415019e-25
               78000        2.579690e-04        1.415019e-25
               78100        2.330940e-04        1.387259e-25
               78200        3.135440e-04        1.387259e-25
               78300        2.525990e-04        1.374092e-25
               78400        2.554260e-04        1.374092e-25
               78500        2.248290e-04        1.373070e-25
               78600        2.248430e-04        1.262317e-25
               78700        2.289190e-04        1.262317e-25
               78800        2.339270e-04        1.251741e-25
               78900        2.329000e-04        1.251741e-25
               79000        2.281340e-04        1.322008e-25
               79100        2.298990e-04        1.322008e-25
               79200        2.650910e-04        1.563025e-25
               79300        2.222220e-04        1.563025e-25
               79400        2.240670e-04        1.613060e-25
               79500        2.295710e-04        1.613060e-25
               79600        2.259170e-04        1.497931e-25
               79700        2.245330e-04        1.497931e-25
               79800        2.205910e-04        1.333667e-25
               79900        2.198570e-04        1.333667e-25
               80000        2.191920e-04        1.317291e-25
               80100        2.174120e-04        1.317291e-25
               80200        2.224610e-04        1.378871e-25
               80300        2.216870e-04        1.378871e-25
               80400        2.208720e-04        1.525972e-25
               80500        2.184920e-04        1.525972e-25
               80600        2.199900e-04        1.490348e-25
               80700        2.256200e-04        1.490348e-25
               80800        2.185910e-04        1.539671e-25
               80900        2.281920e-04        1.539402e-25
               81000        2.346260e-04        1.507279e-25
               81100        2.188580e-04        1.507279e-25
               81200        2.250790e-04        1.543705e-25
               81300        2.240640e-04        1.544536e-25
               81400        2.326120e-04        1.571921e-25
               81500        2.984630e-04        1.571793e-25
               81600        2.763240e-04        1.463587e-25
               81700        2.404910e-04        1.463587e-25
               81800        2.830910e-04        1.619243e-25
               81900        2.743340e-04        1.619243e-25
               82000        3.164710e-04        1.568341e-25
               82100        2.528250e-04        1.568404e-25
               82200        2.670040e-04        1.718710e-25
               82300        2.452320e-04        1.718710e-25
               82400        2.402610e-04        1.629490e-25
               82500        2.476830e-04        1.629490e-25
               82600        2.369110e-04        1.445946e-25
               82700        2.270090e-04        1.445946e-25
               82800        2.606760e-04        1.421336e-25
               82900        2.229760e-04        1.421915e-25
               83000        2.285790e-04        1.449417e-25
               83100        2.262300e-04        1.449417e-25
               83200        2.294920e-04        1.364709e-25
               83300        2.276580e-04        1.364698e-25
               83400        2.282430e-04        1.412097e-25
               83500        2.228930e-04        1.412097e-25
               83600        2.297610e-04        1.422752e-25
               83700        2.250340e-04        1.422752e-25
               83800        2.258320e-04        1.431621e-25
               83900        2.271320e-04        1.431621e-25
               84000        2.157410e-04        1.327665e-25
               84100        2.175410e-04        1.327665e-25
               84200        2.177140e-04        1.445538e-25
               84300        1.788750e-04        1.445538e-25
               84400        1.849830e-04        1.526790e-25
               84500        1.950690e-04        1.526790e-25
               84600        1.883970e-04        1.612454e-25
               84700        2.031760e-04        1.612454e-25
               84800        1.908290e-04        1.441752e-25
               84900        1.890900e-04        1.441752e-25
               85000        1.909070e-04        1.471939e-25
               85100        1.921050e-04        1.471939e-25
               85200        1.912500e-04        1.345305e-25
               85300        1.897800e-04        1.345305e-25
               85400        1.842340e-04        1.231149e-25
               85500        1.906300e-04        1.231149e-25
               85600        1.898610e-04        1.213560e-25
               85700        1.902140e-04        1.213717e-25
               85800        1.826320e-04        1.256793e-25
               85900        2.965310e-04        1.256793e-25
               86000        2.010840e-04        1.250485e-25
               86100        2.584300e-04        1.251073e-25
               86200        2.395980e-04        1.064749e-25
               86300        2.529210e-04        1.064749e-25
               86400        2.357450e-04        1.099077e-25
               86500        2.492690e-04        1.098927e-25
               86600        2.362330e-04        1.100781e-25
               86700        2.379460e-04        1.100781e-25
               86800        2.618790e-04        1.224289e-25
               86900        2.219700e-04        1.185291e-25
               87000        2.310000e-04        1.344535e-25
               87100        2.303440e-04        1.269281e-25
               87200        2.417910e-04        1.269281e-25
               87300        2.448880e-04        1.424219e-25
               87400        2.287810e-04        1.424211e-25
               87500        2.240680e-04        1.279597e-25
               87600        2.539990e-04        1.279597e-25
               87700        2.268290e-04        1.143815e-25
               87800        2.378590e-04        1.143815e-25
               87900        2.292320e-04        1.137892e-25
               88000        2.296490e-04        1.137892e-25
               88100        2.235170e-04        1.219871e-25
               88200        2.261130e-04        1.219871e-25
               88300        2.386890e-04        1.223546e-25
               88400        2.276530e-04        1.223546e-25
               88500        2.325800e-04        1.326262e-25
               88600        2.491910e-04        1.326271e-25
               88700        2.492710e-04        1.435601e-25
               88800        2.307720e-04        1.435601e-25
               88900        2.284230e-04        1.642179e-25
               89000        2.233430e-04        1.642179e-25
               89100        2.258810e-04        1.395187e-25
               89200        2.608460e-04        1.395322e-25
               89300        2.281580e-04        1.510780e-25
               89400        2.271810e-04        1.510780e-25
               89500        2.290720e-04        1.510780e-25
               89600        2.278500e-04        1.313737e-25
               89700        2.648510e-04        1.380215e-25
               89800        2.381500e-04        1.228710e-25
               89900        2.040730e-04        1.301686e-25
               90000        2.454940e-04        1.474501e-25
               90100        2.519590e-04        1.331693e-25
               90200        2.444180e-04        1.486840e-25
               90300        2.616020e-04        1.526339e-25
               90400        2.479830e-04        1.403708e-25
               90500        2.543610e-04        1.396100e-25
               90600        2.405630e-04        1.190821e-25
               90700        2.309440e-04        1.209869e-25
               90800        2.352090e-04        1.371867e-25
               90900        2.390490e-04        1.300536e-25
               91000        2.350920e-04        1.276653e-25
               91100        2.359180e-04        1.361902e-25
               91200        2.294080e-04        1.261780e-25
               91300        2.510660e-04        1.302369e-25
               91400        2.340610e-04        1.747811e-25
               91500        2.403470e-04        1.700583e-25
               91600        2.395570e-04        1.733634e-25
               91700        2.367400e-04        1.700963e-25
               91800        2.484900e-04        1.657549e-25
               91900        2.548250e-04        1.607916e-25
               92000        2.442430e-04        1.449775e-25
               92100        2.447860e-04        1.422969e-25
               92200        2.392860e-04        1.410005e-25
               92300        2.442030e-04        1.356329e-25
               92400        2.409680e-04        1.356378e-25
               92500        2.585130e-04        1.339060e-25
               92600        2.353770e-04        1.488642e-25
               92700        2.317240e-04        1.506051e-25
               92800        2.377350e-04        1.616666e-25
               92900        2.371720e-04        1.618720e-25
               93000        2.320600e-04        1.547377e-25
               93100        2.358560e-04        1.535497e-25
               93200        2.404310e-04        1.535497e-25
               93300        2.625290e-04        1.388378e-25
               93400        3.171340e-04        1.388299e-25
               93500        2.471650e-04        1.326650e-25
               93600        2.454760e-04        1.326650e-25
               93700        2.453190e-04        1.257581e-25
               93800        2.725810e-04        1.179694e-25
               93900        2.493850e-04        1.136122e-25
               94000        2.690360e-04        1.014120e-25
               94100        2.557140e-04        1.014120e-25
               94200        2.936280e-04        1.160959e-25
               94300        2.525340e-04        1.160959e-25
               94400        2.719580e-04        1.365695e-25
               94500        2.582760e-04        1.365695e-25
               94600        2.359160e-04        1.493031e-25
               94700        2.385750e-04        1.493031e-25
               94800        2.309940e-04        1.355840e-25
               94900        2.320510e-04        1.355935e-25
               95000        2.391240e-04        1.400087e-25
               95100        2.331610e-04        1.400068e-25
               95200        2.500500e-04        1.471695e-25
               95300        2.371820e-04        1.471695e-25
               95400        2.284810e-04        1.398842e-25
               95500        2.334030e-04        1.398842e-25
               95600        2.349990e-04        1.527253e-25
               95700        2.345690e-04        1.527253e-25
               95800        2.446400e-04        1.570334e-25
               95900        2.346040e-04        1.570334e-25
               96000        2.418310e-04        1.577934e-25
               96100        2.324810e-04        1.577934e-25
               96200        2.337960e-04        1.555670e-25
               96300        2.331780e-04        1.555670e-25
               96400        2.289270e-04        1.477925e-25
               96500        2.370600e-04        1.636106e-25
               96600        2.325970e-04        1.636106e-25
               96700        2.349570e-04        1.475260e-25
               96800        2.391430e-04        1.475260e-25
               96900        2.306240e-04        1.488351e-25
               97000        2.434940e-04        1.501706e-25
               97100        1.812310e-04        1.501706e-25
               97200        3.033440e-04        1.571446e-25
               97300        2.299710e-04        1.571351e-25
               97400        2.476340e-04        1.620863e-25
               97500        2.396780e-04        1.620863e-25
               97600        2.446070e-04        1.405013e-25
               97700        2.398790e-04        1.337750e-25
               97800        2.792240e-04        1.337750e-25
               97900        2.434740e-04        1.583739e-25
               98000        2.809570e-04        1.583739e-25
               98100        2.407260e-04        1.511500e-25
               98200        2.409800e-04        1.511500e-25
               98300        2.351470e-04        1.682831e-25
               98400        2.343940e-04        1.682831e-25
               98500        2.362660e-04        1.705959e-25
               98600        2.656500e-04        1.705959e-25
               98700        2.376280e-04        1.739916e-25
               98800        2.324470e-04        1.739916e-25
               98900        2.071120e-04        1.553596e-25
               99000        1.914540e-04        1.553596e-25
               99100        1.908980e-04        1.493663e-25
               99200        1.884850e-04        1.493663e-25
               99300        1.881230e-04        1.494969e-25
               99400        1.997060e-04        1.496070e-25
               99500        1.887640e-04        1.436495e-25
               99600        1.873750e-04        1.436495e-25
               99700        1.827810e-04        1.468985e-25
               99800        1.806950e-04        1.468985e-25
               99900        1.805040e-04        1.535071e-25
              100000        1.822920e-04        1.535071e-25
