Period: 100
               Epoch           Time cost                Loss
                 100        1.159480e-04        1.927827e+04
                 200        6.632300e-05        5.583653e+03
                 300        9.882000e-05        2.664880e+03
                 400        1.211290e-04        2.664880e+03
                 500        5.024500e-05        0.000000e+00
                 600        7.356400e-05        7.397789e+02
                 700        8.818700e-05        7.171084e+02
                 800        7.395300e-05        2.335860e+02
                 900        8.729500e-05        2.307795e+02
                1000        7.460200e-05        1.600094e+02
                1100        9.143400e-05        1.600239e+02
                1200        8.439200e-05        8.181243e+01
                1300        7.692300e-05        5.894802e+01
                1400        8.695100e-05        5.894795e+01
                1500        7.581800e-05        7.803154e+00
                1600        8.911800e-05        8.021063e+00
                1700        7.126100e-05        7.338492e+00
                1800        7.362700e-05        2.451572e+00
                1900        8.847500e-05        2.435385e+00
                2000        7.410100e-05        1.297822e+00
                2100        8.893000e-05        1.297957e+00
                2200        7.515500e-05        6.626986e-01
                2300        9.069700e-05        2.197023e-01
                2400        1.014890e-04        2.197023e-01
                2500        8.802700e-05        2.399428e-01
                2600        7.432600e-05        2.399436e-01
                2700        8.785200e-05        7.222310e-02
                2800        7.259100e-05        7.288736e-02
                2900        9.105700e-05        4.990179e-02
                3000        7.160400e-05        4.990012e-02
                3100        8.743200e-05        2.860190e-02
                3200        7.459800e-05        1.836536e-02
                3300        8.756500e-05        5.287635e-03
                3400        7.119400e-05        5.285835e-03
                3500        8.958900e-05        4.995493e-03
                3600        8.452900e-05        4.995423e-03
                3700        7.109100e-05        1.934547e-03
                3800        8.402600e-05        1.938682e-03
                3900        8.485700e-05        1.171259e-03
                4000        7.428700e-05        1.171284e-03
                4100        8.230200e-05        5.505207e-04
                4200        8.439000e-05        1.173831e-04
                4300        7.344800e-05        1.173841e-04
                4400        8.783300e-05        6.964984e-05
                4500        7.366200e-05        6.964984e-05
                4600        8.843600e-05        6.610837e-05
                4700        6.996700e-05        6.610702e-05
                4800        8.906700e-05        3.691031e-05
                4900        5.006000e-05        3.698241e-05
                5000        8.965700e-05        2.738004e-05
                5100        7.931900e-05        2.738008e-05
                5200        8.073600e-05        1.523433e-05
                5300        8.562100e-05        4.161075e-06
                5400        7.509700e-05        4.161044e-06
                5500        8.428600e-05        6.482429e-06
                5600        7.936800e-05        1.519348e-06
                5700        8.599500e-05        1.445236e-06
                5800        7.457900e-05        1.418870e-06
                5900        8.883900e-05        9.661658e-07
                6000        6.959000e-05        4.239421e-07
                6100        8.423000e-05        1.629391e-07
                6200        8.081900e-05        1.629391e-07
                6300        7.359500e-05        1.482332e-08
                6400        7.781700e-05        1.405958e-08
                6500        7.625500e-05        1.406002e-08
                6600        5.420700e-05        7.203253e-09
                6700        8.870300e-05        7.180526e-09
                6800        5.902600e-05        3.135040e-09
                6900        9.239700e-05        3.135322e-09
                7000        5.901000e-05        1.902811e-09
                7100        6.098900e-05        6.717480e-10
                7200        9.103400e-05        6.717480e-10
                7300        5.833400e-05        7.127341e-10
                7400        9.821800e-05        1.684145e-10
                7500        6.149300e-05        1.730885e-10
                7600        9.091600e-05        5.143213e-11
                7700        9.056800e-05        5.143335e-11
                7800        6.132500e-05        5.043592e-11
                7900        9.054700e-05        2.197110e-11
                8000        8.800000e-05        2.067995e-11
                8100        7.861000e-05        1.253893e-11
                8200        7.501300e-05        5.194549e-12
                8300        4.914900e-05        5.194549e-12
                8400        8.488500e-05        2.997025e-12
                8500        5.389300e-05        1.483049e-12
                8600        8.430100e-05        1.101471e-12
                8700        7.702100e-05        5.131415e-13
                8800        7.686900e-05        2.040806e-13
                8900        8.696400e-05        4.628394e-14
                9000        6.201400e-05        9.521201e-14
                9100        8.623700e-05        2.943781e-14
                9200        7.457900e-05        1.003095e-14
                9300        7.947800e-05        9.279871e-15
                9400        8.674200e-05        4.003479e-15
                9500        6.720800e-05        4.004630e-15
                9600        8.580700e-05        2.998736e-15
                9700        8.934600e-05        2.998623e-15
                9800        8.240400e-05        1.743580e-15
                9900        1.015260e-04        1.740848e-15
               10000        6.206500e-05        6.531859e-16
               10100        8.676600e-05        6.531825e-16
               10200        8.363300e-05        7.114274e-16
               10300        8.310500e-05        7.113330e-16
               10400        8.814500e-05        2.086151e-16
               10500        6.201600e-05        2.080536e-16
               10600        8.753600e-05        1.367945e-16
               10700        8.420300e-05        1.367969e-16
               10800        8.408100e-05        6.956593e-17
               10900        8.961100e-05        6.955102e-17
               11000        6.570800e-05        2.131755e-17
               11100        9.069400e-05        2.131755e-17
               11200        8.584700e-05        3.143478e-17
               11300        8.662300e-05        1.096089e-17
               11400        9.098100e-05        1.096509e-17
               11500        6.697100e-05        1.023424e-17
               11600        9.008900e-05        5.652172e-18
               11700        8.808300e-05        5.652172e-18
               11800        9.146200e-05        2.213247e-18
               11900        9.165400e-05        8.560162e-19
               12000        6.742400e-05        4.528947e-19
               12100        9.099200e-05        3.829083e-19
               12200        8.449800e-05        3.594672e-19
               12300        9.498800e-05        1.071966e-19
               12400        8.342200e-05        9.884100e-20
               12500        8.708600e-05        4.008111e-20
               12600        9.014400e-05        1.846725e-20
               12700        6.361400e-05        9.899670e-21
               12800        5.920900e-05        4.322465e-21
               12900        7.889600e-05        4.320807e-21
               13000        9.841600e-05        4.166836e-21
               13100        7.083300e-05        1.013012e-21
               13200        9.207900e-05        1.010309e-21
               13300        8.077500e-05        1.542094e-21
               13400        8.726200e-05        6.057442e-22
               13500        9.364700e-05        3.210450e-22
               13600        6.752100e-05        1.950405e-22
               13700        9.220600e-05        1.946724e-22
               13800        8.949100e-05        1.823480e-22
               13900        8.832300e-05        9.884289e-23
               14000        5.618300e-05        2.580068e-23
               14100        5.927300e-05        1.574212e-23
               14200        1.019970e-04        6.505853e-24
               14300        6.687300e-05        6.499652e-24
               14400        9.284000e-05        5.818805e-24
               14500        6.499800e-05        3.152829e-24
               14600        8.100500e-05        1.032207e-24
               14700        9.421000e-05        6.899888e-25
               14800        6.815600e-05        6.900014e-25
               14900        9.777700e-05        6.792792e-25
               15000        6.658400e-05        3.585541e-25
               15100        9.323500e-05        3.583625e-25
               15200        6.717700e-05        3.463319e-25
               15300        9.469100e-05        1.766335e-25
               15400        6.501400e-05        5.949638e-26
               15500        9.620600e-05        3.228804e-26
               15600        6.228400e-05        2.216769e-26
               15700        6.390300e-05        2.214942e-26
               15800        9.322000e-05        2.071018e-26
               15900        6.552000e-05        1.058818e-26
               16000        9.366800e-05        6.336142e-27
               16100        6.391300e-05        5.321971e-27
               16200        9.155500e-05        5.321971e-27
               16300        8.206900e-05        5.152948e-27
               16400        8.650000e-05        5.409789e-27
               16500        9.095000e-05        5.418686e-27
               16600        6.569100e-05        5.277046e-27
               16700        7.453900e-05        4.820945e-27
               16800        9.153800e-05        4.288039e-27
               16900        6.073500e-05        3.881458e-27
               17000        9.260000e-05        3.333441e-27
               17100        8.685800e-05        3.340266e-27
               17200        6.639300e-05        3.380189e-27
               17300        9.250300e-05        3.651162e-27
               17400        6.774700e-05        4.077285e-27
               17500        9.367300e-05        3.814807e-27
               17600        6.363300e-05        3.626480e-27
               17700        8.410500e-05        3.264059e-27
               17800        6.343900e-05        3.257748e-27
               17900        9.304400e-05        3.483539e-27
               18000        6.241600e-05        3.409192e-27
               18100        9.337000e-05        3.406897e-27
               18200        6.258900e-05        3.407241e-27
               18300        6.279800e-05        3.661540e-27
               18400        9.336200e-05        4.030031e-27
               18500        6.256000e-05        4.012855e-27
               18600        9.377700e-05        3.362462e-27
               18700        6.435200e-05        3.286392e-27
               18800        8.186100e-05        3.163447e-27
               18900        5.152300e-05        3.158677e-27
               19000        5.713200e-05        3.303054e-27
               19100        1.212560e-04        3.040695e-27
               19200        6.274900e-05        3.312807e-27
               19300        9.690500e-05        3.191207e-27
               19400        6.449700e-05        3.191207e-27
               19500        6.289900e-05        3.191207e-27
               19600        9.747700e-05        2.970132e-27
               19700        6.318000e-05        2.967582e-27
               19800        9.709400e-05        3.632054e-27
               19900        6.480500e-05        3.627188e-27
               20000        9.606500e-05        3.719117e-27
               20100        6.368300e-05        3.719117e-27
               20200        9.716600e-05        3.463275e-27
               20300        6.522800e-05        3.467253e-27
               20400        9.323700e-05        3.028489e-27
               20500        6.151200e-05        3.028390e-27
               20600        6.353200e-05        2.972450e-27
               20700        9.478900e-05        3.257742e-27
               20800        6.262800e-05        3.257644e-27
               20900        9.269100e-05        3.489350e-27
               21000        6.294600e-05        3.489350e-27
               21100        7.934800e-05        3.540871e-27
               21200        6.268000e-05        3.540773e-27
               21300        9.324300e-05        3.146822e-27
               21400        6.301200e-05        3.146723e-27
               21500        9.532600e-05        3.165284e-27
               21600        6.307400e-05        3.165284e-27
               21700        6.169000e-05        3.237055e-27
               21800        9.604900e-05        3.237055e-27
               21900        6.237600e-05        3.164791e-27
               22000        1.144210e-04        3.164791e-27
               22100        6.395800e-05        2.805437e-27
               22200        6.880000e-05        2.803909e-27
               22300        5.265700e-05        2.887461e-27
               22400        5.623300e-05        2.887412e-27
               22500        9.865200e-05        2.876899e-27
               22600        8.181200e-05        2.876899e-27
               22700        9.449200e-05        3.310817e-27
               22800        6.273000e-05        3.310817e-27
               22900        6.178600e-05        3.303997e-27
               23000        9.263200e-05        3.302924e-27
               23100        6.128000e-05        3.417165e-27
               23200        9.487700e-05        3.422071e-27
               23300        6.549100e-05        3.403922e-27
               23400        5.256500e-05        3.402543e-27
               23500        9.023500e-05        4.080704e-27
               23600        5.172200e-05        4.159759e-27
               23700        5.298000e-05        4.159759e-27
               23800        6.508800e-05        4.077450e-27
               23900        5.601200e-05        4.077450e-27
               24000        9.525700e-05        4.074121e-27
               24100        6.269800e-05        3.908740e-27
               24200        9.617400e-05        4.171929e-27
               24300        6.259400e-05        4.171929e-27
               24400        9.735100e-05        4.210983e-27
               24500        6.482100e-05        3.739088e-27
               24600        9.758400e-05        3.860921e-27
               24700        6.443600e-05        3.939794e-27
               24800        6.625300e-05        3.329348e-27
               24900        1.125420e-04        3.329348e-27
               25000        6.324400e-05        3.269993e-27
               25100        9.293400e-05        3.168228e-27
               25200        6.248900e-05        3.165911e-27
               25300        8.410800e-05        3.329650e-27
               25400        6.198700e-05        3.329801e-27
               25500        9.494500e-05        3.102323e-27
               25600        6.295600e-05        3.103479e-27
               25700        9.367100e-05        2.795523e-27
               25800        6.474300e-05        2.795375e-27
               25900        6.222700e-05        3.330994e-27
               26000        9.234100e-05        3.330994e-27
               26100        6.471100e-05        3.436416e-27
               26200        9.637600e-05        3.436416e-27
               26300        6.567700e-05        3.974010e-27
               26400        9.237700e-05        3.973750e-27
               26500        6.377600e-05        3.447402e-27
               26600        9.199600e-05        3.447402e-27
               26700        6.161100e-05        3.129045e-27
               26800        9.236200e-05        3.126855e-27
               26900        6.316500e-05        4.120189e-27
               27000        6.267800e-05        4.120189e-27
               27100        9.254100e-05        4.040517e-27
               27200        6.537000e-05        4.041960e-27
               27300        9.497300e-05        3.133446e-27
               27400        6.263800e-05        3.129945e-27
               27500        8.906400e-05        3.320492e-27
               27600        6.138000e-05        3.320689e-27
               27700        9.537400e-05        3.628759e-27
               27800        6.311400e-05        3.625427e-27
               27900        9.332200e-05        3.808570e-27
               28000        6.433300e-05        3.808570e-27
               28100        6.280900e-05        3.450478e-27
               28200        9.323900e-05        3.619913e-27
               28300        6.371700e-05        3.619913e-27
               28400        9.203000e-05        4.105835e-27
               28500        6.328700e-05        4.097370e-27
               28600        6.497000e-05        3.808504e-27
               28700        7.432300e-05        3.811826e-27
               28800        5.719900e-05        3.765608e-27
               28900        9.418400e-05        3.766399e-27
               29000        6.478400e-05        4.273651e-27
               29100        9.369400e-05        4.273651e-27
               29200        6.406700e-05        4.318609e-27
               29300        6.396400e-05        4.318609e-27
               29400        9.798500e-05        4.204863e-27
               29500        6.414200e-05        4.204220e-27
               29600        9.607800e-05        4.500091e-27
               29700        6.424600e-05        4.501463e-27
               29800        7.440600e-05        4.110659e-27
               29900        6.311500e-05        4.107164e-27
               30000        9.385800e-05        3.481714e-27
               30100        6.363500e-05        3.481714e-27
               30200        9.126700e-05        3.352632e-27
               30300        7.479900e-05        3.352632e-27
               30400        6.352300e-05        3.411697e-27
               30500        9.437300e-05        3.411697e-27
               30600        6.253100e-05        3.608854e-27
               30700        9.294100e-05        3.610925e-27
               30800        6.336600e-05        3.894296e-27
               30900        6.276400e-05        3.894296e-27
               31000        6.441600e-05        4.074168e-27
               31100        9.764600e-05        4.071752e-27
               31200        6.451400e-05        3.935159e-27
               31300        9.829700e-05        3.935159e-27
               31400        7.044300e-05        3.821060e-27
               31500        6.421200e-05        3.821307e-27
               31600        9.333600e-05        3.980411e-27
               31700        6.294100e-05        3.979039e-27
               31800        9.349400e-05        4.024136e-27
               31900        6.229000e-05        4.021198e-27
               32000        8.227500e-05        3.894384e-27
               32100        6.294700e-05        3.894668e-27
               32200        9.658100e-05        3.764741e-27
               32300        6.417300e-05        3.764741e-27
               32400        9.651600e-05        3.233944e-27
               32500        6.554200e-05        3.233944e-27
               32600        6.462200e-05        3.220571e-27
               32700        9.310300e-05        4.338111e-27
               32800        6.371500e-05        4.337889e-27
               32900        9.396100e-05        3.498698e-27
               33000        6.211200e-05        3.498698e-27
               33100        1.111190e-04        3.204850e-27
               33200        6.670200e-05        3.207956e-27
               33300        6.439400e-05        3.391551e-27
               33400        9.617900e-05        3.391551e-27
               33500        6.437600e-05        3.433270e-27
               33600        9.567800e-05        3.433073e-27
               33700        6.192900e-05        3.420492e-27
               33800        7.248400e-05        3.417780e-27
               33900        5.166500e-05        3.803464e-27
               34000        5.584500e-05        3.802626e-27
               34100        9.374000e-05        4.321187e-27
               34200        6.243300e-05        4.324546e-27
               34300        9.488900e-05        4.536026e-27
               34400        6.394400e-05        4.536026e-27
               34500        6.562500e-05        4.239669e-27
               34600        9.740200e-05        4.325418e-27
               34700        8.455300e-05        4.325418e-27
               34800        9.763600e-05        3.812792e-27
               34900        6.146500e-05        3.813023e-27
               35000        8.049600e-05        3.487815e-27
               35100        6.319300e-05        3.488407e-27
               35200        9.279900e-05        3.458860e-27
               35300        6.228000e-05        3.459258e-27
               35400        9.637800e-05        3.920308e-27
               35500        6.445700e-05        3.920308e-27
               35600        6.379000e-05        3.856019e-27
               35700        9.779200e-05        3.856019e-27
               35800        6.384800e-05        3.607557e-27
               35900        9.782900e-05        3.607714e-27
               36000        6.450700e-05        3.481985e-27
               36100        7.141400e-05        3.481394e-27
               36200        5.232100e-05        3.837437e-27
               36300        5.632300e-05        3.836852e-27
               36400        9.715000e-05        3.837437e-27
               36500        6.647600e-05        3.549806e-27
               36600        9.259900e-05        3.621474e-27
               36700        6.267100e-05        3.087109e-27
               36800        6.428700e-05        2.898426e-27
               36900        9.344400e-05        3.163741e-27
               37000        6.106400e-05        3.164077e-27
               37100        9.336500e-05        3.022533e-27
               37200        6.354700e-05        3.022787e-27
               37300        7.797700e-05        3.203510e-27
               37400        6.496300e-05        3.204299e-27
               37500        9.470300e-05        2.828815e-27
               37600        8.913800e-05        2.828766e-27
               37700        6.317000e-05        2.961610e-27
               37800        9.126300e-05        2.961610e-27
               37900        8.790000e-05        3.261990e-27
               38000        6.322100e-05        3.267869e-27
               38100        8.819300e-05        3.075529e-27
               38200        8.499600e-05        3.075480e-27
               38300        8.666200e-05        3.026633e-27
               38400        9.176500e-05        3.024488e-27
               38500        6.437800e-05        2.714258e-27
               38600        9.085300e-05        2.714258e-27
               38700        8.953000e-05        2.593396e-27
               38800        8.477500e-05        2.597531e-27
               38900        9.210700e-05        3.029189e-27
               39000        6.698600e-05        3.028363e-27
               39100        9.071200e-05        3.356382e-27
               39200        8.085200e-05        3.356382e-27
               39300        8.710000e-05        4.061625e-27
               39400        9.267700e-05        4.058929e-27
               39500        6.810300e-05        4.281195e-27
               39600        9.406300e-05        4.280209e-27
               39700        8.426300e-05        3.752102e-27
               39800        5.388000e-05        3.752102e-27
               39900        8.466300e-05        3.703600e-27
               40000        9.506700e-05        3.703600e-27
               40100        6.701000e-05        3.736650e-27
               40200        9.120300e-05        3.735959e-27
               40300        8.682000e-05        3.114543e-27
               40400        8.695400e-05        3.114543e-27
               40500        9.199200e-05        3.204470e-27
               40600        6.572000e-05        3.204186e-27
               40700        9.830700e-05        3.698529e-27
               40800        7.840600e-05        3.698529e-27
               40900        7.913800e-05        3.675286e-27
               41000        8.841600e-05        3.676161e-27
               41100        6.436200e-05        3.502082e-27
               41200        8.982200e-05        3.500467e-27
               41300        1.121460e-04        3.338693e-27
               41400        6.565100e-05        3.338693e-27
               41500        8.377000e-05        3.266881e-27
               41600        9.045800e-05        3.266951e-27
               41700        6.533000e-05        3.436822e-27
               41800        1.053540e-04        3.436822e-27
               41900        8.241600e-05        3.108044e-27
               42000        7.711100e-05        3.108044e-27
               42100        9.083400e-05        3.188320e-27
               42200        6.059000e-05        3.185966e-27
               42300        9.214800e-05        3.700164e-27
               42400        8.471300e-05        3.697329e-27
               42500        8.092200e-05        3.965351e-27
               42600        9.113100e-05        3.965351e-27
               42700        6.572700e-05        3.642438e-27
               42800        9.216500e-05        3.644385e-27
               42900        8.222900e-05        3.637864e-27
               43000        9.047400e-05        3.637864e-27
               43100        8.295600e-05        3.648238e-27
               43200        5.378500e-05        3.648250e-27
               43300        8.582700e-05        3.694797e-27
               43400        5.647300e-05        3.692158e-27
               43500        5.055100e-05        4.017455e-27
               43600        6.951600e-05        4.017455e-27
               43700        8.904200e-05        3.547011e-27
               43800        5.245300e-05        3.593588e-27
               43900        5.093300e-05        3.593588e-27
               44000        8.884000e-05        4.090110e-27
               44100        7.557900e-05        4.090110e-27
               44200        6.325700e-05        4.090212e-27
               44300        8.528300e-05        4.090212e-27
               44400        6.620300e-05        3.532361e-27
               44500        6.625600e-05        3.535531e-27
               44600        9.384400e-05        3.787229e-27
               44700        6.410300e-05        3.787426e-27
               44800        9.928700e-05        3.676767e-27
               44900        6.411300e-05        3.677802e-27
               45000        6.557600e-05        3.539370e-27
               45100        9.607600e-05        3.539370e-27
               45200        6.529700e-05        3.447450e-27
               45300        9.867600e-05        3.447450e-27
               45400        6.777400e-05        3.128139e-27
               45500        9.740300e-05        3.127646e-27
               45600        9.833200e-05        3.135829e-27
               45700        9.873700e-05        3.134449e-27
               45800        7.401300e-05        3.403112e-27
               45900        9.663200e-05        3.403458e-27
               46000        8.896100e-05        3.890774e-27
               46100        8.857800e-05        3.890725e-27
               46200        9.320500e-05        3.890725e-27
               46300        6.852000e-05        3.900149e-27
               46400        9.239300e-05        4.592942e-27
               46500        8.429000e-05        4.588142e-27
               46600        6.801900e-05        3.981704e-27
               46700        9.554000e-05        3.976595e-27
               46800        9.078500e-05        3.783042e-27
               46900        6.597200e-05        3.783042e-27
               47000        1.005930e-04        3.560462e-27
               47100        8.928600e-05        3.560215e-27
               47200        8.663900e-05        3.046502e-27
               47300        9.515800e-05        3.046502e-27
               47400        6.633600e-05        3.135180e-27
               47500        9.430100e-05        3.134724e-27
               47600        8.601900e-05        3.176542e-27
               47700        5.386100e-05        3.181991e-27
               47800        8.605000e-05        3.077639e-27
               47900        6.015600e-05        3.076505e-27
               48000        6.014800e-05        3.510307e-27
               48100        9.685200e-05        3.511762e-27
               48200        6.689200e-05        3.911377e-27
               48300        9.633700e-05        3.911377e-27
               48400        6.704200e-05        3.708842e-27
               48500        6.564700e-05        3.708842e-27
               48600        9.539300e-05        3.452418e-27
               48700        6.563300e-05        3.453503e-27
               48800        9.972400e-05        3.437157e-27
               48900        6.918700e-05        3.436923e-27
               49000        8.836700e-05        3.028738e-27
               49100        9.409600e-05        3.028738e-27
               49200        7.075200e-05        3.231888e-27
               49300        9.312300e-05        3.234245e-27
               49400        9.271800e-05        2.918317e-27
               49500        5.512800e-05        2.918317e-27
               49600        8.268500e-05        2.951920e-27
               49700        8.489700e-05        2.950835e-27
               49800        5.773600e-05        3.327742e-27
               49900        9.881700e-05        3.330404e-27
               50000        6.702600e-05        3.693743e-27
               50100        9.311500e-05        3.693028e-27
               50200        6.567700e-05        4.134770e-27
               50300        9.919300e-05        4.136988e-27
               50400        7.621600e-05        4.317921e-27
               50500        9.975000e-05        4.317921e-27
               50600        6.581700e-05        4.125848e-27
               50700        9.930400e-05        4.125848e-27
               50800        6.700800e-05        4.188517e-27
               50900        9.687100e-05        4.187626e-27
               51000        6.638300e-05        4.111309e-27
               51100        9.722900e-05        4.112748e-27
               51200        7.472400e-05        3.956038e-27
               51300        9.644100e-05        3.956038e-27
               51400        6.785500e-05        3.368040e-27
               51500        9.907000e-05        3.369719e-27
               51600        6.636300e-05        3.719156e-27
               51700        9.852000e-05        3.719156e-27
               51800        6.800400e-05        3.733646e-27
               51900        9.815700e-05        3.733646e-27
               52000        6.717200e-05        3.901604e-27
               52100        9.902500e-05        3.905314e-27
               52200        6.639600e-05        3.888497e-27
               52300        7.627100e-05        3.886130e-27
               52400        9.692700e-05        3.838389e-27
               52500        6.734100e-05        3.838389e-27
               52600        9.826000e-05        4.308048e-27
               52700        6.777200e-05        4.308048e-27
               52800        7.548100e-05        4.080212e-27
               52900        7.092900e-05        4.080064e-27
               53000        1.039400e-04        4.312012e-27
               53100        6.845000e-05        4.312110e-27
               53200        1.028280e-04        4.346685e-27
               53300        8.357100e-05        4.347671e-27
               53400        8.683200e-05        4.090551e-27
               53500        6.043500e-05        4.089072e-27
               53600        9.718900e-05        4.082147e-27
               53700        6.768200e-05        4.083872e-27
               53800        9.844500e-05        3.945117e-27
               53900        6.904800e-05        3.938017e-27
               54000        6.676800e-05        3.675428e-27
               54100        1.003580e-04        3.675428e-27
               54200        7.003800e-05        3.615584e-27
               54300        9.988500e-05        3.615584e-27
               54400        6.851800e-05        2.983796e-27
               54500        8.850600e-05        2.983105e-27
               54600        5.457700e-05        2.982308e-27
               54700        5.893900e-05        2.982308e-27
               54800        1.029390e-04        2.889714e-27
               54900        6.802500e-05        3.469566e-27
               55000        1.013850e-04        3.469615e-27
               55100        6.802800e-05        3.444181e-27
               55200        6.828300e-05        3.450286e-27
               55300        9.941900e-05        3.168855e-27
               55400        9.680800e-05        3.168855e-27
               55500        6.964000e-05        3.142964e-27
               55600        9.705900e-05        3.151654e-27
               55700        6.767700e-05        2.942017e-27
               55800        6.830400e-05        2.943265e-27
               55900        1.017990e-04        2.996509e-27
               56000        6.791200e-05        2.996509e-27
               56100        1.030020e-04        3.332461e-27
               56200        7.020600e-05        3.332730e-27
               56300        7.455500e-05        4.306188e-27
               56400        6.924400e-05        4.306188e-27
               56500        1.032810e-04        3.294639e-27
               56600        6.859500e-05        3.328233e-27
               56700        9.780300e-05        3.328233e-27
               56800        6.812200e-05        3.575911e-27
               56900        1.043770e-04        3.576404e-27
               57000        6.814200e-05        3.848247e-27
               57100        1.013580e-04        3.848247e-27
               57200        6.929200e-05        4.158814e-27
               57300        1.050040e-04        4.161033e-27
               57400        6.997200e-05        4.203809e-27
               57500        1.040760e-04        4.203809e-27
               57600        7.095400e-05        4.141102e-27
               57700        1.055950e-04        4.142285e-27
               57800        7.269100e-05        3.505192e-27
               57900        1.059490e-04        3.505771e-27
               58000        7.021600e-05        3.861911e-27
               58100        7.018600e-05        3.863247e-27
               58200        1.034390e-04        3.779040e-27
               58300        7.021400e-05        3.772871e-27
               58400        1.043590e-04        3.434549e-27
               58500        6.982100e-05        3.434549e-27
               58600        7.700900e-05        3.268633e-27
               58700        7.036200e-05        3.268633e-27
               58800        1.049890e-04        3.555323e-27
               58900        7.099200e-05        3.553893e-27
               59000        1.009710e-04        3.773317e-27
               59100        5.659000e-05        3.775930e-27
               59200        5.953900e-05        3.453340e-27
               59300        1.046800e-04        3.452561e-27
               59400        7.110500e-05        3.433599e-27
               59500        1.044350e-04        3.440108e-27
               59600        7.027700e-05        3.455952e-27
               59700        7.110100e-05        3.455952e-27
               59800        1.055370e-04        3.437744e-27
               59900        7.018000e-05        3.437744e-27
               60000        1.044980e-04        3.867083e-27
               60100        7.041600e-05        3.866196e-27
               60200        8.835100e-05        3.804144e-27
               60300        7.047100e-05        3.804292e-27
               60400        1.073030e-04        3.907883e-27
               60500        6.874300e-05        3.906326e-27
               60600        9.993800e-05        3.179768e-27
               60700        7.079800e-05        3.179768e-27
               60800        1.020830e-04        3.179768e-27
               60900        6.828200e-05        3.290472e-27
               61000        1.010150e-04        3.301936e-27
               61100        9.693400e-05        3.301988e-27
               61200        7.159500e-05        2.923152e-27
               61300        1.038950e-04        2.921328e-27
               61400        6.908900e-05        3.293071e-27
               61500        1.062220e-04        3.293081e-27
               61600        7.024800e-05        3.161277e-27
               61700        1.092880e-04        3.164784e-27
               61800        6.996800e-05        3.721492e-27
               61900        1.054090e-04        3.721492e-27
               62000        5.673200e-05        3.577742e-27
               62100        6.059400e-05        3.577742e-27
               62200        1.084410e-04        3.621218e-27
               62300        6.918300e-05        3.618703e-27
               62400        1.097500e-04        3.813086e-27
               62500        6.971700e-05        3.813850e-27
               62600        7.168600e-05        3.588753e-27
               62700        1.040050e-04        3.585554e-27
               62800        6.805600e-05        3.711597e-27
               62900        1.052660e-04        3.711597e-27
               63000        6.869100e-05        3.327478e-27
               63100        6.781100e-05        3.326985e-27
               63200        1.028480e-04        3.204896e-27
               63300        6.859700e-05        3.204896e-27
               63400        1.052650e-04        3.204896e-27
               63500        6.666700e-05        3.593867e-27
               63600        9.365700e-05        3.596505e-27
               63700        6.953900e-05        4.074948e-27
               63800        1.050390e-04        4.137317e-27
               63900        6.751200e-05        3.942323e-27
               64000        1.036010e-04        3.941577e-27
               64100        9.980300e-05        4.040363e-27
               64200        8.461000e-05        4.216671e-27
               64300        1.002830e-04        4.566277e-27
               64400        9.856100e-05        4.565883e-27
               64500        8.095200e-05        4.607635e-27
               64600        1.029230e-04        4.188248e-27
               64700        6.974800e-05        4.195915e-27
               64800        1.006600e-04        4.269883e-27
               64900        9.106800e-05        3.680290e-27
               65000        9.192200e-05        3.278792e-27
               65100        1.027200e-04        3.303572e-27
               65200        6.921000e-05        3.305150e-27
               65300        9.911400e-05        3.321387e-27
               65400        9.543500e-05        3.554001e-27
               65500        9.637800e-05        3.552287e-27
               65600        1.199830e-04        3.190513e-27
               65700        1.117050e-04        3.330044e-27
               65800        7.215600e-05        3.217361e-27
               65900        1.010050e-04        3.248090e-27
               66000        9.589800e-05        3.248090e-27
               66100        8.823800e-05        3.240673e-27
               66200        9.450700e-05        3.634024e-27
               66300        1.107800e-04        3.634404e-27
               66400        7.194800e-05        3.631803e-27
               66500        1.029390e-04        3.655934e-27
               66600        9.562800e-05        3.612346e-27
               66700        9.121900e-05        3.169692e-27
               66800        5.730400e-05        3.214248e-27
               66900        1.059140e-04        3.277857e-27
               67000        6.071900e-05        3.453357e-27
               67100        9.983700e-05        3.453320e-27
               67200        8.935700e-05        3.370993e-27
               67300        9.336700e-05        3.326982e-27
               67400        9.666400e-05        3.681107e-27
               67500        7.002300e-05        3.679530e-27
               67600        1.004560e-04        3.887823e-27
               67700        8.423900e-05        3.841931e-27
               67800        9.894100e-05        3.842795e-27
               67900        9.857400e-05        3.762290e-27
               68000        7.225100e-05        3.490185e-27
               68100        1.000740e-04        3.456559e-27
               68200        8.738300e-05        3.059978e-27
               68300        9.053800e-05        3.059978e-27
               68400        9.882700e-05        3.319115e-27
               68500        6.876000e-05        2.992560e-27
               68600        1.094520e-04        2.842760e-27
               68700        9.109400e-05        2.844215e-27
               68800        8.852500e-05        2.759356e-27
               68900        9.474600e-05        2.868945e-27
               69000        1.007050e-04        2.914784e-27
               69100        7.170000e-05        2.916090e-27
               69200        1.041650e-04        2.825291e-27
               69300        8.360200e-05        3.197565e-27
               69400        9.970200e-05        3.809448e-27
               69500        9.565600e-05        3.812967e-27
               69600        9.399700e-05        3.726216e-27
               69700        1.085720e-04        4.225985e-27
               69800        6.979800e-05        4.859517e-27
               69900        1.002940e-04        4.859517e-27
               70000        8.415200e-05        4.946333e-27
               70100        9.376800e-05        4.641590e-27
               70200        1.039080e-04        4.558981e-27
               70300        7.052600e-05        3.767475e-27
               70400        9.702900e-05        3.930818e-27
               70500        8.919300e-05        3.758804e-27
               70600        9.269200e-05        3.434828e-27
               70700        8.352500e-05        3.431679e-27
               70800        1.003060e-04        3.345511e-27
               70900        6.100100e-05        3.416629e-27
               71000        1.006600e-04        3.292639e-27
               71100        1.038580e-04        3.294016e-27
               71200        7.572600e-05        3.416629e-27
               71300        1.035290e-04        3.019629e-27
               71400        7.538100e-05        3.077060e-27
               71500        6.914900e-05        3.059950e-27
               71600        1.028840e-04        4.194030e-27
               71700        1.009220e-04        4.194429e-27
               71800        9.493700e-05        3.984583e-27
               71900        1.082830e-04        3.386570e-27
               72000        7.124900e-05        2.938292e-27
               72100        1.028830e-04        2.952664e-27
               72200        9.813400e-05        2.977211e-27
               72300        9.603200e-05        3.206243e-27
               72400        1.086910e-04        3.127026e-27
               72500        7.598600e-05        3.127026e-27
               72600        9.711300e-05        3.127026e-27
               72700        7.766500e-05        4.439652e-27
               72800        5.903600e-05        4.490129e-27
               72900        9.038600e-05        4.417308e-27
               73000        6.502700e-05        4.417382e-27
               73100        1.048990e-04        3.974991e-27
               73200        5.926100e-05        3.975410e-27
               73300        7.522400e-05        3.987305e-27
               73400        9.248400e-05        3.987354e-27
               73500        5.916500e-05        4.343852e-27
               73600        1.018380e-04        4.343852e-27
               73700        5.806900e-05        4.347883e-27
               73800        8.301500e-05        4.343745e-27
               73900        7.087800e-05        3.501406e-27
               74000        9.100900e-05        3.501701e-27
               74100        1.025350e-04        3.352585e-27
               74200        5.814300e-05        3.353374e-27
               74300        5.786100e-05        3.519700e-27
               74400        1.002580e-04        3.519503e-27
               74500        7.887300e-05        3.818952e-27
               74600        5.948200e-05        3.818952e-27
               74700        8.400800e-05        3.938541e-27
               74800        6.168600e-05        3.997481e-27
               74900        5.762900e-05        4.029064e-27
               75000        1.066400e-04        4.029089e-27
               75100        7.108600e-05        3.901198e-27
               75200        1.065950e-04        3.678437e-27
               75300        1.049760e-04        3.339515e-27
               75400        6.998600e-05        3.313210e-27
               75500        1.102910e-04        3.313210e-27
               75600        7.005600e-05        3.398081e-27
               75700        1.037510e-04        3.953406e-27
               75800        7.134700e-05        3.940279e-27
               75900        1.078450e-04        4.010079e-27
               76000        6.951500e-05        3.989838e-27
               76100        1.058390e-04        3.871640e-27
               76200        7.074800e-05        4.132164e-27
               76300        1.076050e-04        4.105319e-27
               76400        7.081300e-05        3.659669e-27
               76500        1.072490e-04        3.656295e-27
               76600        8.670500e-05        3.752684e-27
               76700        6.388200e-05        3.672420e-27
               76800        9.946700e-05        3.776386e-27
               76900        5.836600e-05        3.604748e-27
               77000        5.871400e-05        3.604748e-27
               77100        1.371040e-04        3.780446e-27
               77200        5.805700e-05        3.529409e-27
               77300        5.723600e-05        3.526552e-27
               77400        1.026280e-04        3.409622e-27
               77500        5.723200e-05        3.266462e-27
               77600        5.708400e-05        3.242770e-27
               77700        7.949900e-05        3.573789e-27
               77800        1.025360e-04        3.853932e-27
               77900        5.767700e-05        3.804836e-27
               78000        5.687200e-05        3.687082e-27
               78100        9.869200e-05        3.195148e-27
               78200        9.229600e-05        3.216431e-27
               78300        5.631000e-05        3.249882e-27
               78400        6.788500e-05        3.249734e-27
               78500        7.123600e-05        3.257639e-27
               78600        5.846900e-05        4.005346e-27
               78700        6.671000e-05        4.005346e-27
               78800        1.026770e-04        4.048033e-27
               78900        5.857300e-05        4.047836e-27
               79000        9.947100e-05        4.045951e-27
               79100        8.910700e-05        4.054038e-27
               79200        7.546800e-05        4.138840e-27
               79300        1.039050e-04        4.138446e-27
               79400        7.216500e-05        4.155376e-27
               79500        1.005290e-04        4.101376e-27
               79600        8.917700e-05        3.487870e-27
               79700        9.384200e-05        3.487870e-27
               79800        5.730300e-05        2.941963e-27
               79900        1.050810e-04        2.941125e-27
               80000        6.189600e-05        2.957691e-27
               80100        1.005530e-04        3.039500e-27
               80200        9.072900e-05        3.207563e-27
               80300        9.290800e-05        3.688586e-27
               80400        1.041130e-04        3.496240e-27
               80500        7.059600e-05        3.789510e-27
               80600        9.958300e-05        3.790980e-27
               80700        9.080700e-05        3.790980e-27
               80800        9.209600e-05        3.727793e-27
               80900        1.043070e-04        3.726211e-27
               81000        7.012000e-05        4.313312e-27
               81100        1.047740e-04        4.313312e-27
               81200        8.997800e-05        4.321437e-27
               81300        9.829000e-05        4.321437e-27
               81400        1.035530e-04        4.597426e-27
               81500        6.949300e-05        4.597476e-27
               81600        9.766400e-05        4.583305e-27
               81700        9.642700e-05        4.584553e-27
               81800        8.817800e-05        3.571798e-27
               81900        1.143060e-04        3.572741e-27
               82000        6.907000e-05        3.583940e-27
               82100        1.013010e-04        3.586528e-27
               82200        9.913500e-05        3.415783e-27
               82300        9.141200e-05        3.415783e-27
               82400        1.036120e-04        3.417415e-27
               82500        7.145500e-05        3.416576e-27
               82600        1.007590e-04        3.728354e-27
               82700        9.497600e-05        3.729447e-27
               82800        5.944400e-05        3.580102e-27
               82900        9.064300e-05        3.580102e-27
               83000        6.903100e-05        3.913465e-27
               83100        5.698100e-05        3.913465e-27
               83200        7.106900e-05        3.755895e-27
               83300        1.035160e-04        3.753442e-27
               83400        5.913800e-05        3.448393e-27
               83500        6.025700e-05        3.449465e-27
               83600        9.903900e-05        3.393356e-27
               83700        8.474200e-05        3.393504e-27
               83800        6.211000e-05        2.852330e-27
               83900        8.042800e-05        2.852725e-27
               84000        1.025490e-04        2.815450e-27
               84100        7.274400e-05        2.814936e-27
               84200        2.982860e-04        3.388573e-27
               84300        1.627760e-04        3.392526e-27
               84400        6.764700e-05        3.019771e-27
               84500        1.084650e-04        3.019771e-27
               84600        7.331900e-05        2.888337e-27
               84700        1.069560e-04        2.888337e-27
               84800        7.358900e-05        2.903103e-27
               84900        1.069410e-04        2.902905e-27
               85000        7.206100e-05        3.217773e-27
               85100        1.106550e-04        3.216239e-27
               85200        7.438200e-05        3.512067e-27
               85300        7.783900e-05        3.511919e-27
               85400        1.088470e-04        3.764421e-27
               85500        7.524000e-05        3.766095e-27
               85600        1.102540e-04        3.157431e-27
               85700        7.653600e-05        3.157431e-27
               85800        1.075710e-04        3.113974e-27
               85900        5.932600e-05        3.118327e-27
               86000        7.127000e-05        2.993115e-27
               86100        1.102290e-04        2.991402e-27
               86200        7.666400e-05        3.085383e-27
               86300        1.343150e-04        3.084792e-27
               86400        7.440600e-05        3.083910e-27
               86500        7.587600e-05        3.074767e-27
               86600        1.083000e-04        3.063871e-27
               86700        7.315600e-05        3.063871e-27
               86800        1.090620e-04        3.541377e-27
               86900        7.288000e-05        3.541377e-27
               87000        1.078070e-04        3.234579e-27
               87100        7.408000e-05        3.234579e-27
               87200        1.110820e-04        3.612215e-27
               87300        7.318500e-05        3.608359e-27
               87400        1.101630e-04        3.986506e-27
               87500        8.076600e-05        3.986259e-27
               87600        6.593000e-05        3.700892e-27
               87700        5.961500e-05        3.702569e-27
               87800        1.122680e-04        3.702569e-27
               87900        5.957100e-05        3.379141e-27
               88000        1.100520e-04        3.405751e-27
               88100        8.138700e-05        3.346016e-27
               88200        1.055650e-04        3.347653e-27
               88300        1.064000e-04        3.755856e-27
               88400        1.046080e-04        3.753687e-27
               88500        1.043240e-04        4.016458e-27
               88600        1.064990e-04        4.017651e-27
               88700        1.020380e-04        3.853492e-27
               88800        1.014500e-04        3.853492e-27
               88900        1.024790e-04        3.829636e-27
               89000        1.021890e-04        3.830858e-27
               89100        1.018980e-04        4.285423e-27
               89200        1.016350e-04        4.271696e-27
               89300        1.032610e-04        3.982574e-27
               89400        1.031040e-04        3.982574e-27
               89500        1.016990e-04        4.104717e-27
               89600        1.013160e-04        4.107613e-27
               89700        1.022740e-04        3.659723e-27
               89800        1.048810e-04        3.659920e-27
               89900        1.071890e-04        3.860424e-27
               90000        1.023100e-04        3.628201e-27
               90100        1.009320e-04        3.630408e-27
               90200        1.023720e-04        3.446806e-27
               90300        1.017040e-04        3.453375e-27
               90400        1.031990e-04        4.089339e-27
               90500        9.976800e-05        4.089487e-27
               90600        9.842900e-05        4.255636e-27
               90700        9.988700e-05        4.258031e-27
               90800        9.984300e-05        3.425693e-27
               90900        1.000380e-04        3.425693e-27
               91000        9.889300e-05        3.443415e-27
               91100        9.926800e-05        3.443415e-27
               91200        9.883300e-05        3.443415e-27
               91300        9.970800e-05        3.541899e-27
               91400        9.928800e-05        3.538038e-27
               91500        9.956100e-05        3.572137e-27
               91600        1.003980e-04        3.367727e-27
               91700        9.877400e-05        3.366735e-27
               91800        9.756400e-05        3.272124e-27
               91900        9.895400e-05        3.272124e-27
               92000        9.792600e-05        3.317784e-27
               92100        9.909800e-05        3.318253e-27
               92200        9.796400e-05        4.091163e-27
               92300        9.492300e-05        4.090029e-27
               92400        9.624100e-05        4.444624e-27
               92500        9.605000e-05        4.444377e-27
               92600        9.530600e-05        4.348539e-27
               92700        9.603900e-05        4.348547e-27
               92800        9.568300e-05        3.416457e-27
               92900        9.643100e-05        3.416457e-27
               93000        9.558700e-05        3.887722e-27
               93100        9.599000e-05        3.887722e-27
               93200        9.498300e-05        3.828517e-27
               93300        9.517900e-05        3.828517e-27
               93400        9.644500e-05        3.824790e-27
               93500        9.532500e-05        3.824198e-27
               93600        9.535100e-05        4.095316e-27
               93700        9.495700e-05        4.095316e-27
               93800        9.543900e-05        3.329027e-27
               93900        9.595300e-05        3.329766e-27
               94000        9.575300e-05        3.344643e-27
               94100        9.733500e-05        3.345382e-27
               94200        9.354700e-05        3.551560e-27
               94300        9.335600e-05        3.551368e-27
               94400        9.416300e-05        3.424497e-27
               94500        9.177900e-05        3.424177e-27
               94600        9.349100e-05        3.574356e-27
               94700        9.284600e-05        3.574356e-27
               94800        9.220200e-05        3.587098e-27
               94900        8.476100e-05        3.585520e-27
               95000        8.943900e-05        3.307083e-27
               95100        9.290000e-05        3.308048e-27
               95200        9.178200e-05        2.885195e-27
               95300        9.394200e-05        2.885195e-27
               95400        9.267800e-05        2.841576e-27
               95500        9.357600e-05        2.842316e-27
               95600        9.349800e-05        2.737941e-27
               95700        9.413300e-05        2.736265e-27
               95800        9.179500e-05        2.466372e-27
               95900        9.283600e-05        2.465339e-27
               96000        9.337500e-05        2.488861e-27
               96100        9.259400e-05        2.488861e-27
               96200        9.319900e-05        2.620300e-27
               96300        9.036800e-05        2.622728e-27
               96400        9.039500e-05        3.141796e-27
               96500        9.158300e-05        3.141796e-27
               96600        8.982700e-05        3.093489e-27
               96700        8.970300e-05        3.095658e-27
               96800        9.075000e-05        3.480556e-27
               96900        9.002400e-05        3.481764e-27
               97000        9.177500e-05        3.300409e-27
               97100        9.035700e-05        3.300409e-27
               97200        9.135200e-05        3.336305e-27
               97300        9.067300e-05        3.336589e-27
               97400        8.981500e-05        3.987435e-27
               97500        9.091700e-05        3.987435e-27
               97600        8.985100e-05        3.985565e-27
               97700        9.198500e-05        3.988018e-27
               97800        9.011500e-05        4.033591e-27
               97900        8.996800e-05        4.032802e-27
               98000        9.109300e-05        3.888370e-27
               98100        8.974200e-05        3.887483e-27
               98200        9.092600e-05        3.489264e-27
               98300        8.917100e-05        3.489634e-27
               98400        8.734400e-05        3.470785e-27
               98500        8.778000e-05        3.512826e-27
               98600        9.093000e-05        3.447850e-27
               98700        9.053600e-05        3.447848e-27
               98800        9.039000e-05        4.182148e-27
               98900        9.087900e-05        4.181621e-27
               99000        9.028900e-05        4.574777e-27
               99100        8.918200e-05        4.574777e-27
               99200        8.847000e-05        4.832946e-27
               99300        8.788700e-05        4.832946e-27
               99400        8.913100e-05        4.912207e-27
               99500        8.891200e-05        4.912207e-27
               99600        9.130900e-05        4.796537e-27
               99700        9.185700e-05        4.795255e-27
               99800        9.061200e-05        4.123772e-27
               99900        8.681700e-05        4.122605e-27
              100000        5.196100e-05        3.978599e-27
