Period: 100
               Epoch           Time cost                Loss
                 100        1.299590e-04        5.376885e+03
                 200        9.020600e-05        4.796940e+02
                 300        8.422600e-05        2.178361e+01
                 400        6.909300e-05        1.327877e+00
                 500        7.875500e-05        1.751266e-01
                 600        7.882300e-05        1.624996e-02
                 700        8.244200e-05        1.849193e-03
                 800        7.873300e-05        1.324033e-04
                 900        7.842200e-05        7.007198e-06
                1000        6.855400e-05        5.341727e-07
                1100        8.823100e-05        3.052286e-08
                1200        8.844100e-05        2.811289e-09
                1300        7.905600e-05        2.410766e-10
                1400        7.885700e-05        2.117847e-11
                1500        8.055100e-05        1.531133e-12
                1600        7.783000e-05        1.884994e-13
                1700        7.853000e-05        1.358473e-14
                1800        7.973600e-05        1.132531e-15
                1900        8.023400e-05        1.024594e-16
                2000        7.047800e-05        1.407808e-17
                2100        9.143800e-05        1.541341e-18
                2200        7.083800e-05        1.654736e-19
                2300        7.105000e-05        2.133412e-20
                2400        6.497700e-05        1.522196e-21
                2500        6.460400e-05        1.468301e-22
                2600        7.992400e-05        1.467025e-23
                2700        9.129900e-05        7.304388e-25
                2800        9.041100e-05        1.293956e-25
                2900        8.019700e-05        1.860538e-26
                3000        9.303600e-05        8.008139e-27
                3100        9.382200e-05        4.727876e-27
                3200        9.365800e-05        4.495188e-27
                3300        9.286900e-05        5.415730e-27
                3400        7.538800e-05        3.905752e-27
                3500        8.354900e-05        3.002218e-27
                3600        9.268000e-05        3.566481e-27
                3700        9.355200e-05        3.609587e-27
                3800        8.245100e-05        3.228086e-27
                3900        9.607500e-05        3.692390e-27
                4000        9.258500e-05        3.219358e-27
                4100        9.158400e-05        4.719578e-27
                4200        9.234900e-05        5.920882e-27
                4300        9.840800e-05        5.602610e-27
                4400        9.135400e-05        4.721246e-27
                4500        7.318400e-05        4.026596e-27
                4600        8.243300e-05        3.591611e-27
                4700        9.296100e-05        2.824048e-27
                4800        9.361700e-05        3.613353e-27
                4900        9.443100e-05        2.542494e-27
                5000        9.522600e-05        2.605233e-27
                5100        8.474300e-05        2.579749e-27
                5200        9.325200e-05        3.127064e-27
                5300        9.104300e-05        3.012208e-27
                5400        9.341800e-05        3.428678e-27
                5500        9.235400e-05        4.094186e-27
                5600        9.252800e-05        4.537598e-27
                5700        9.237800e-05        3.116036e-27
                5800        8.079800e-05        3.895366e-27
                5900        8.255300e-05        2.819687e-27
                6000        8.334700e-05        3.045417e-27
                6100        8.222800e-05        3.019583e-27
                6200        8.142300e-05        2.405994e-27
                6300        7.533400e-05        2.927213e-27
                6400        6.360300e-05        3.938838e-27
                6500        7.458300e-05        3.393045e-27
                6600        6.436100e-05        3.797953e-27
                6700        7.602200e-05        4.052292e-27
                6800        7.408800e-05        4.454553e-27
                6900        7.495700e-05        4.679750e-27
                7000        7.670300e-05        5.328123e-27
                7100        7.469700e-05        4.713198e-27
                7200        7.690700e-05        4.280947e-27
                7300        7.546000e-05        3.441561e-27
                7400        7.560500e-05        4.377836e-27
                7500        7.595400e-05        3.882130e-27
                7600        7.681300e-05        3.770130e-27
                7700        7.604200e-05        3.171335e-27
                7800        7.595300e-05        2.400535e-27
                7900        7.734000e-05        3.239752e-27
                8000        7.622400e-05        3.467252e-27
                8100        7.674000e-05        2.982812e-27
                8200        8.255900e-05        3.497963e-27
                8300        7.787500e-05        4.079598e-27
                8400        6.738800e-05        3.449145e-27
                8500        7.874400e-05        3.062223e-27
                8600        7.659900e-05        3.766051e-27
                8700        7.741000e-05        3.156209e-27
                8800        7.684400e-05        3.594220e-27
                8900        5.453600e-05        4.108894e-27
                9000        7.585800e-05        4.639370e-27
                9100        8.526900e-05        4.119069e-27
                9200        5.461500e-05        4.021307e-27
                9300        5.379600e-05        3.809735e-27
                9400        5.380800e-05        3.275919e-27
                9500        5.398400e-05        4.118007e-27
                9600        5.311900e-05        3.441248e-27
                9700        5.330400e-05        5.918356e-27
                9800        5.288700e-05        4.713420e-27
                9900        5.288700e-05        5.440924e-27
               10000        5.141100e-05        5.193632e-27
               10100        5.308700e-05        4.227015e-27
               10200        5.240100e-05        3.525393e-27
               10300        5.377500e-05        3.892043e-27
               10400        5.239700e-05        2.852947e-27
               10500        5.616000e-05        3.426545e-27
               10600        5.488400e-05        2.585861e-27
               10700        5.597000e-05        3.280022e-27
               10800        5.405500e-05        2.938851e-27
               10900        5.342600e-05        3.881138e-27
               11000        5.329900e-05        3.245649e-27
               11100        5.256500e-05        4.113141e-27
               11200        5.444400e-05        4.346674e-27
               11300        5.401900e-05        4.292444e-27
               11400        5.339600e-05        4.662630e-27
               11500        5.316400e-05        5.107751e-27
               11600        5.572100e-05        4.747993e-27
               11700        5.343900e-05        3.844692e-27
               11800        5.461000e-05        3.204853e-27
               11900        5.412400e-05        3.339546e-27
               12000        5.551100e-05        3.228737e-27
               12100        5.334500e-05        3.170180e-27
               12200        5.467300e-05        3.305748e-27
               12300        5.287300e-05        3.571741e-27
               12400        5.491600e-05        3.630336e-27
               12500        5.458700e-05        4.082425e-27
               12600        5.293500e-05        3.944828e-27
               12700        8.792300e-05        4.576461e-27
               12800        8.157200e-05        3.404896e-27
               12900        8.141800e-05        3.623185e-27
               13000        7.508500e-05        3.798577e-27
               13100        7.528900e-05        2.753510e-27
               13200        8.276900e-05        3.298836e-27
               13300        8.204500e-05        3.104593e-27
               13400        8.203800e-05        3.945388e-27
               13500        9.138200e-05        3.610681e-27
               13600        9.300700e-05        3.485837e-27
               13700        8.262400e-05        3.145632e-27
               13800        8.203400e-05        3.294778e-27
               13900        8.150400e-05        2.422819e-27
               14000        8.339600e-05        3.305578e-27
               14100        8.254100e-05        3.208125e-27
               14200        9.202000e-05        3.327722e-27
               14300        9.177100e-05        3.821709e-27
               14400        7.205900e-05        2.615811e-27
               14500        8.063100e-05        3.160090e-27
               14600        8.144900e-05        4.543979e-27
               14700        8.183500e-05        4.354872e-27
               14800        7.121500e-05        4.429633e-27
               14900        1.038230e-04        7.081718e-27
               15000        7.988500e-05        5.505461e-27
               15100        8.146500e-05        4.071171e-27
               15200        7.138700e-05        4.209399e-27
               15300        7.111000e-05        2.662003e-27
               15400        8.260500e-05        3.955611e-27
               15500        9.099300e-05        4.653316e-27
               15600        8.136400e-05        3.964406e-27
               15700        9.170700e-05        3.912289e-27
               15800        8.210100e-05        3.231855e-27
               15900        7.238900e-05        3.863212e-27
               16000        5.284900e-05        3.179777e-27
               16100        5.266800e-05        3.100272e-27
               16200        5.585800e-05        3.033159e-27
               16300        7.257800e-05        4.092451e-27
               16400        6.519100e-05        2.961206e-27
               16500        7.680000e-05        3.065159e-27
               16600        1.147770e-04        3.646955e-27
               16700        1.173480e-04        3.269549e-27
               16800        1.155230e-04        4.659372e-27
               16900        1.132850e-04        4.180798e-27
               17000        1.126420e-04        4.221909e-27
               17100        1.047010e-04        4.699487e-27
               17200        1.064720e-04        3.759589e-27
               17300        1.168430e-04        3.522634e-27
               17400        1.162320e-04        4.118028e-27
               17500        1.086080e-04        5.628258e-27
               17600        1.137030e-04        4.818469e-27
               17700        9.967500e-05        3.870427e-27
               17800        1.130300e-04        5.349355e-27
               17900        1.126240e-04        4.357850e-27
               18000        1.133930e-04        4.920407e-27
               18100        5.912900e-05        4.581706e-27
               18200        5.649700e-05        4.518837e-27
               18300        5.215200e-05        4.226607e-27
               18400        5.976700e-05        5.855693e-27
               18500        7.374600e-05        4.735373e-27
               18600        6.338200e-05        4.957957e-27
               18700        7.299300e-05        4.272825e-27
               18800        7.151800e-05        2.734530e-27
               18900        7.292300e-05        2.632626e-27
               19000        7.336700e-05        2.650623e-27
               19100        6.052300e-05        2.635764e-27
               19200        7.403400e-05        3.138722e-27
               19300        6.468100e-05        3.008054e-27
               19400        7.314600e-05        3.675253e-27
               19500        7.363800e-05        3.442742e-27
               19600        7.530700e-05        2.607924e-27
               19700        6.344700e-05        3.023079e-27
               19800        7.346700e-05        4.904373e-27
               19900        7.378700e-05        4.265951e-27
               20000        7.305900e-05        3.903586e-27
               20100        7.334500e-05        3.946584e-27
               20200        6.109500e-05        4.773720e-27
               20300        7.244600e-05        4.137350e-27
               20400        5.141800e-05        3.693734e-27
               20500        5.273900e-05        4.554753e-27
               20600        5.695700e-05        4.607339e-27
               20700        5.621700e-05        4.549263e-27
               20800        5.621000e-05        3.638602e-27
               20900        5.358200e-05        3.294242e-27
               21000        5.327800e-05        4.914933e-27
               21100        5.287900e-05        4.682865e-27
               21200        5.442000e-05        3.168044e-27
               21300        5.373200e-05        3.602230e-27
               21400        5.612300e-05        4.181844e-27
               21500        5.806300e-05        3.703471e-27
               21600        5.683500e-05        4.596340e-27
               21700        6.349600e-05        4.524968e-27
               21800        5.122700e-05        3.290384e-27
               21900        5.003400e-05        4.562500e-27
               22000        5.194300e-05        4.098262e-27
               22100        5.030700e-05        3.933341e-27
               22200        5.090600e-05        5.275380e-27
               22300        4.956900e-05        4.890305e-27
               22400        5.100500e-05        4.681031e-27
               22500        5.004400e-05        4.167375e-27
               22600        5.028000e-05        5.344808e-27
               22700        5.036100e-05        5.384406e-27
               22800        5.016000e-05        4.198123e-27
               22900        5.010700e-05        3.797219e-27
               23000        5.102800e-05        3.921360e-27
               23100        4.923700e-05        4.664643e-27
               23200        5.105300e-05        4.120120e-27
               23300        5.149500e-05        3.584156e-27
               23400        6.107600e-05        3.278451e-27
               23500        5.129200e-05        2.996569e-27
               23600        5.026100e-05        3.386823e-27
               23700        5.204800e-05        2.681338e-27
               23800        5.232900e-05        3.098992e-27
               23900        5.082300e-05        3.876317e-27
               24000        5.119600e-05        4.208092e-27
               24100        5.131900e-05        4.191166e-27
               24200        5.053000e-05        4.181315e-27
               24300        5.182500e-05        4.106469e-27
               24400        4.951400e-05        4.463269e-27
               24500        5.029700e-05        3.009269e-27
               24600        5.123300e-05        4.095354e-27
               24700        5.146500e-05        3.242644e-27
               24800        6.282900e-05        3.182542e-27
               24900        7.465800e-05        2.530030e-27
               25000        1.320860e-04        2.927832e-27
               25100        5.863600e-05        3.462255e-27
               25200        5.679000e-05        4.224435e-27
               25300        5.566000e-05        4.107596e-27
               25400        6.795400e-05        4.075250e-27
               25500        8.392300e-05        4.173248e-27
               25600        8.681200e-05        3.159161e-27
               25700        6.158600e-05        4.438371e-27
               25800        6.057400e-05        3.504680e-27
               25900        8.192400e-05        3.190981e-27
               26000        1.331690e-04        3.819978e-27
               26100        1.791450e-04        3.405251e-27
               26200        1.307240e-04        3.749121e-27
               26300        1.181400e-04        4.740894e-27
               26400        1.145060e-04        5.043976e-27
               26500        1.319600e-04        4.755678e-27
               26600        1.276080e-04        4.415436e-27
               26700        1.190370e-04        4.179467e-27
               26800        1.323830e-04        2.777580e-27
               26900        1.244880e-04        3.065164e-27
               27000        1.293980e-04        2.795447e-27
               27100        1.167700e-04        3.092556e-27
               27200        9.931400e-05        3.506458e-27
               27300        9.467400e-05        3.984603e-27
               27400        7.331200e-05        3.546908e-27
               27500        7.037600e-05        3.755464e-27
               27600        7.196700e-05        3.353313e-27
               27700        7.121600e-05        3.185291e-27
               27800        7.877700e-05        3.977884e-27
               27900        7.574700e-05        3.702698e-27
               28000        7.459500e-05        3.278621e-27
               28100        7.384100e-05        2.763917e-27
               28200        7.412100e-05        3.020422e-27
               28300        6.236300e-05        3.554385e-27
               28400        7.205300e-05        4.016112e-27
               28500        7.258800e-05        6.178652e-27
               28600        7.397900e-05        4.860246e-27
               28700        7.501700e-05        4.418326e-27
               28800        7.518500e-05        3.024027e-27
               28900        7.601300e-05        3.216319e-27
               29000        7.523300e-05        3.643318e-27
               29100        7.436500e-05        4.399994e-27
               29200        7.469400e-05        3.112693e-27
               29300        7.438400e-05        3.407861e-27
               29400        7.480100e-05        2.870026e-27
               29500        7.089800e-05        3.311999e-27
               29600        7.242100e-05        2.776712e-27
               29700        7.343500e-05        3.607302e-27
               29800        7.231400e-05        4.871321e-27
               29900        7.230600e-05        4.684023e-27
               30000        6.153500e-05        3.906358e-27
               30100        7.248400e-05        3.984768e-27
               30200        7.431300e-05        3.466313e-27
               30300        7.190900e-05        3.705669e-27
               30400        8.262600e-05        4.156471e-27
               30500        5.089100e-05        4.376227e-27
               30600        5.357000e-05        3.797916e-27
               30700        5.131400e-05        4.300047e-27
               30800        7.264200e-05        3.748753e-27
               30900        6.077400e-05        3.423318e-27
               31000        7.216100e-05        2.881044e-27
               31100        7.339300e-05        3.526259e-27
               31200        6.214600e-05        3.508818e-27
               31300        7.190200e-05        3.239412e-27
               31400        6.096200e-05        3.081073e-27
               31500        7.224800e-05        2.983045e-27
               31600        7.496400e-05        3.302720e-27
               31700        7.399600e-05        3.600344e-27
               31800        7.264900e-05        3.753574e-27
               31900        7.149600e-05        3.702519e-27
               32000        7.200100e-05        5.011127e-27
               32100        5.025100e-05        4.016942e-27
               32200        5.094100e-05        3.022206e-27
               32300        5.270600e-05        3.158189e-27
               32400        5.108100e-05        2.952677e-27
               32500        7.221200e-05        3.121112e-27
               32600        7.423000e-05        2.980847e-27
               32700        7.241700e-05        3.420038e-27
               32800        7.320200e-05        3.088523e-27
               32900        7.366100e-05        2.860570e-27
               33000        7.207900e-05        4.762252e-27
               33100        6.115100e-05        4.187401e-27
               33200        7.397800e-05        4.726009e-27
               33300        7.251400e-05        4.215794e-27
               33400        7.170900e-05        3.788435e-27
               33500        7.190200e-05        5.751547e-27
               33600        7.188300e-05        4.284646e-27
               33700        7.344300e-05        3.992272e-27
               33800        7.521300e-05        3.228326e-27
               33900        8.850200e-05        3.315037e-27
               34000        7.462100e-05        2.579736e-27
               34100        7.381900e-05        2.122070e-27
               34200        6.171300e-05        3.215793e-27
               34300        7.732700e-05        2.775453e-27
               34400        5.883800e-05        2.663202e-27
               34500        9.748300e-05        4.133692e-27
               34600        1.433550e-04        3.970808e-27
               34700        1.536560e-04        2.439335e-27
               34800        1.031590e-04        3.710887e-27
               34900        8.819800e-05        3.102124e-27
               35000        1.241200e-04        4.074583e-27
               35100        1.080360e-04        3.721274e-27
               35200        1.179290e-04        3.072194e-27
               35300        9.912400e-05        3.127195e-27
               35400        1.149180e-04        2.910111e-27
               35500        1.104850e-04        4.230142e-27
               35600        1.112520e-04        3.112901e-27
               35700        1.149080e-04        2.235813e-27
               35800        8.085000e-05        1.869479e-27
               35900        7.904400e-05        1.901548e-27
               36000        7.810900e-05        2.979610e-27
               36100        6.517200e-05        3.214680e-27
               36200        7.432700e-05        4.258389e-27
               36300        7.528400e-05        3.415590e-27
               36400        7.599100e-05        3.189622e-27
               36500        7.435300e-05        3.533839e-27
               36600        7.291700e-05        4.055947e-27
               36700        7.210700e-05        3.985910e-27
               36800        7.293700e-05        4.513279e-27
               36900        6.031600e-05        4.342849e-27
               37000        7.381200e-05        4.470523e-27
               37100        4.956600e-05        4.480518e-27
               37200        5.121100e-05        4.110638e-27
               37300        4.959200e-05        4.388276e-27
               37400        4.982700e-05        4.537496e-27
               37500        4.965300e-05        3.449748e-27
               37600        5.040400e-05        3.155741e-27
               37700        4.992100e-05        3.312328e-27
               37800        5.116800e-05        3.583911e-27
               37900        5.032400e-05        3.653025e-27
               38000        5.062900e-05        3.201457e-27
               38100        5.214100e-05        3.489992e-27
               38200        5.124100e-05        3.132806e-27
               38300        6.449700e-05        2.810400e-27
               38400        7.066800e-05        3.679516e-27
               38500        4.930800e-05        3.133643e-27
               38600        4.860400e-05        4.626174e-27
               38700        4.904000e-05        4.411489e-27
               38800        5.038200e-05        3.120169e-27
               38900        5.027900e-05        3.253400e-27
               39000        4.902800e-05        5.113125e-27
               39100        5.082600e-05        6.367529e-27
               39200        7.266700e-05        3.161251e-27
               39300        7.182500e-05        3.999986e-27
               39400        7.297800e-05        3.756935e-27
               39500        7.308500e-05        3.760225e-27
               39600        7.422000e-05        2.981114e-27
               39700        7.488500e-05        3.649490e-27
               39800        7.205200e-05        3.716926e-27
               39900        7.115000e-05        3.106197e-27
               40000        6.135500e-05        4.131740e-27
               40100        7.068400e-05        3.276419e-27
               40200        7.171100e-05        2.783492e-27
               40300        7.073000e-05        2.548405e-27
               40400        7.085800e-05        3.335045e-27
               40500        7.143000e-05        3.440070e-27
               40600        7.091600e-05        2.590283e-27
               40700        7.210700e-05        3.806871e-27
               40800        7.173200e-05        3.676393e-27
               40900        7.153700e-05        2.961312e-27
               41000        7.228100e-05        3.249079e-27
               41100        7.122900e-05        3.306510e-27
               41200        7.069400e-05        3.128525e-27
               41300        7.001900e-05        2.886549e-27
               41400        7.025200e-05        2.822944e-27
               41500        7.132000e-05        4.124213e-27
               41600        7.088200e-05        3.421716e-27
               41700        6.254100e-05        2.320780e-27
               41800        6.137100e-05        2.376623e-27
               41900        7.089100e-05        3.549358e-27
               42000        6.123800e-05        3.548307e-27
               42100        7.196700e-05        3.256726e-27
               42200        7.092100e-05        5.099219e-27
               42300        7.109400e-05        4.215067e-27
               42400        7.009700e-05        4.978122e-27
               42500        6.994100e-05        4.174658e-27
               42600        7.087200e-05        4.079904e-27
               42700        7.137200e-05        3.309140e-27
               42800        7.297600e-05        3.361490e-27
               42900        7.108200e-05        3.764737e-27
               43000        5.596300e-05        3.676531e-27
               43100        7.669000e-05        3.397513e-27
               43200        7.352200e-05        3.011635e-27
               43300        6.610400e-05        2.813149e-27
               43400        1.116040e-04        2.939476e-27
               43500        1.579920e-04        2.994009e-27
               43600        1.089440e-04        3.048881e-27
               43700        1.507870e-04        1.974417e-27
               43800        1.003170e-04        2.595172e-27
               43900        9.866700e-05        2.918863e-27
               44000        1.228320e-04        3.198297e-27
               44100        1.144170e-04        3.996039e-27
               44200        1.169070e-04        3.655947e-27
               44300        1.188450e-04        5.206482e-27
               44400        1.141000e-04        4.548769e-27
               44500        1.144430e-04        5.323397e-27
               44600        1.150830e-04        4.739025e-27
               44700        7.878900e-05        4.083040e-27
               44800        7.473200e-05        3.906207e-27
               44900        7.462200e-05        3.602555e-27
               45000        7.375700e-05        3.817354e-27
               45100        7.363400e-05        4.184087e-27
               45200        7.325300e-05        4.271548e-27
               45300        7.369100e-05        3.314023e-27
               45400        7.236600e-05        4.508952e-27
               45500        6.991600e-05        5.335535e-27
               45600        7.459300e-05        5.252871e-27
               45700        7.376200e-05        3.684818e-27
               45800        7.475800e-05        5.407361e-27
               45900        7.466200e-05        4.488740e-27
               46000        6.063500e-05        4.041786e-27
               46100        7.029500e-05        3.420146e-27
               46200        7.011800e-05        3.106703e-27
               46300        7.420300e-05        2.983451e-27
               46400        7.473300e-05        3.272445e-27
               46500        7.438600e-05        2.783420e-27
               46600        7.436200e-05        2.319005e-27
               46700        7.360500e-05        2.444817e-27
               46800        6.168600e-05        3.849259e-27
               46900        5.049600e-05        3.888401e-27
               47000        4.992800e-05        3.467729e-27
               47100        5.489700e-05        3.529420e-27
               47200        5.092000e-05        3.870150e-27
               47300        5.199100e-05        3.292419e-27
               47400        5.369900e-05        3.410957e-27
               47500        5.145400e-05        4.045103e-27
               47600        5.267900e-05        3.915830e-27
               47700        5.544100e-05        3.689516e-27
               47800        5.473600e-05        4.664417e-27
               47900        5.700800e-05        4.645048e-27
               48000        5.215200e-05        3.552095e-27
               48100        5.033100e-05        2.994733e-27
               48200        5.028600e-05        3.491978e-27
               48300        5.069500e-05        3.853738e-27
               48400        5.074700e-05        3.919643e-27
               48500        5.168200e-05        3.113721e-27
               48600        4.990800e-05        4.133170e-27
               48700        5.118400e-05        3.913323e-27
               48800        5.286000e-05        3.325620e-27
               48900        5.236400e-05        3.947706e-27
               49000        5.031700e-05        4.442217e-27
               49100        4.882600e-05        4.456648e-27
               49200        5.057400e-05        4.564085e-27
               49300        5.098000e-05        3.780881e-27
               49400        5.071900e-05        2.962467e-27
               49500        5.102000e-05        3.791674e-27
               49600        5.024300e-05        4.476982e-27
               49700        4.984300e-05        3.318168e-27
               49800        4.939700e-05        3.743232e-27
               49900        5.392500e-05        3.091949e-27
               50000        4.956600e-05        3.022797e-27
               50100        5.094000e-05        3.842852e-27
               50200        5.127700e-05        2.992773e-27
               50300        5.130900e-05        3.243866e-27
               50400        5.036900e-05        4.399414e-27
               50500        6.063300e-05        4.987164e-27
               50600        5.252400e-05        4.185881e-27
               50700        5.079000e-05        4.067011e-27
               50800        5.130500e-05        3.434467e-27
               50900        5.215800e-05        4.312182e-27
               51000        5.183200e-05        4.332920e-27
               51100        5.108300e-05        3.565878e-27
               51200        5.013300e-05        4.087031e-27
               51300        5.000900e-05        3.505781e-27
               51400        5.105400e-05        3.608949e-27
               51500        8.170400e-05        4.046137e-27
               51600        6.235900e-05        3.954728e-27
               51700        6.999900e-05        3.882444e-27
               51800        6.921900e-05        3.049886e-27
               51900        6.967600e-05        2.174966e-27
               52000        8.224000e-05        2.749451e-27
               52100        6.405600e-05        3.066931e-27
               52200        6.623400e-05        3.837560e-27
               52300        6.552800e-05        4.126832e-27
               52400        8.242300e-05        2.358035e-27
               52500        9.897400e-05        3.049223e-27
               52600        9.965900e-05        3.388492e-27
               52700        1.418500e-04        4.275578e-27
               52800        1.617150e-04        5.564306e-27
               52900        1.014520e-04        4.708439e-27
               53000        1.637390e-04        4.417324e-27
               53100        8.927600e-05        5.023935e-27
               53200        5.748600e-05        5.177749e-27
               53300        5.704000e-05        5.971011e-27
               53400        6.507200e-05        4.103847e-27
               53500        6.621700e-05        4.505430e-27
               53600        6.507000e-05        3.825303e-27
               53700        6.589300e-05        3.745573e-27
               53800        8.516000e-05        3.519265e-27
               53900        8.217600e-05        4.014336e-27
               54000        7.740900e-05        4.192088e-27
               54100        9.309200e-05        3.974915e-27
               54200        7.560000e-05        4.196854e-27
               54300        7.212700e-05        3.957829e-27
               54400        5.886400e-05        4.960289e-27
               54500        7.214200e-05        4.635054e-27
               54600        6.077700e-05        4.179043e-27
               54700        5.141600e-05        4.286443e-27
               54800        5.099500e-05        3.524671e-27
               54900        5.161900e-05        3.341022e-27
               55000        7.367700e-05        4.181162e-27
               55100        7.360600e-05        4.608252e-27
               55200        7.277400e-05        3.725038e-27
               55300        5.062900e-05        2.801656e-27
               55400        5.344200e-05        3.577787e-27
               55500        5.357300e-05        2.753811e-27
               55600        5.311800e-05        2.953022e-27
               55700        7.358200e-05        3.481715e-27
               55800        7.256100e-05        3.167522e-27
               55900        7.208300e-05        4.203796e-27
               56000        7.146700e-05        3.097082e-27
               56100        6.133900e-05        2.623692e-27
               56200        7.228800e-05        2.596515e-27
               56300        7.415100e-05        2.763056e-27
               56400        7.518800e-05        3.198215e-27
               56500        7.334100e-05        3.065128e-27
               56600        7.345100e-05        2.932136e-27
               56700        5.362000e-05        3.694458e-27
               56800        5.149300e-05        3.581863e-27
               56900        5.233600e-05        3.099590e-27
               57000        6.112200e-05        4.646191e-27
               57100        7.272400e-05        4.397941e-27
               57200        7.303800e-05        4.156564e-27
               57300        7.200900e-05        3.745127e-27
               57400        7.233100e-05        4.293958e-27
               57500        6.005000e-05        3.694077e-27
               57600        6.153200e-05        3.130679e-27
               57700        6.396500e-05        2.636039e-27
               57800        7.211200e-05        4.924977e-27
               57900        7.657400e-05        4.457818e-27
               58000        5.414700e-05        4.132584e-27
               58100        5.225000e-05        5.094248e-27
               58200        5.221500e-05        4.939042e-27
               58300        5.173900e-05        3.236831e-27
               58400        7.285900e-05        3.832338e-27
               58500        7.281900e-05        3.512227e-27
               58600        7.169700e-05        3.133235e-27
               58700        7.239600e-05        3.385634e-27
               58800        7.288100e-05        3.548749e-27
               58900        7.246600e-05        4.425591e-27
               59000        7.202000e-05        5.148068e-27
               59100        7.095000e-05        4.754981e-27
               59200        7.242500e-05        4.031894e-27
               59300        7.237800e-05        3.171720e-27
               59400        7.181400e-05        3.601635e-27
               59500        7.195400e-05        4.372237e-27
               59600        7.261000e-05        4.144379e-27
               59700        7.208400e-05        5.286213e-27
               59800        7.111800e-05        5.146537e-27
               59900        7.204200e-05        4.913578e-27
               60000        7.243600e-05        4.557642e-27
               60100        7.075600e-05        4.385490e-27
               60200        7.137500e-05        4.472690e-27
               60300        9.201200e-05        3.935057e-27
               60400        7.508100e-05        4.462216e-27
               60500        7.280400e-05        3.601281e-27
               60600        7.323400e-05        4.151788e-27
               60700        7.250000e-05        4.139169e-27
               60800        6.683800e-05        3.868073e-27
               60900        7.339500e-05        4.106809e-27
               61000        7.254500e-05        3.785839e-27
               61100        9.435600e-05        3.488802e-27
               61200        6.263400e-05        4.345686e-27
               61300        6.425300e-05        4.585692e-27
               61400        6.454100e-05        4.109655e-27
               61500        6.683500e-05        4.784698e-27
               61600        5.630100e-05        3.913060e-27
               61700        6.442800e-05        4.146691e-27
               61800        6.547800e-05        4.447770e-27
               61900        6.508700e-05        4.595863e-27
               62000        5.580200e-05        3.465584e-27
               62100        5.653000e-05        4.246080e-27
               62200        7.473800e-05        2.721717e-27
               62300        7.075800e-05        3.497776e-27
               62400        5.883900e-05        3.605111e-27
               62500        6.233100e-05        3.654213e-27
               62600        9.583200e-05        3.114120e-27
               62700        1.135890e-04        4.894254e-27
               62800        7.287500e-05        3.504270e-27
               62900        5.641900e-05        4.139371e-27
               63000        5.757800e-05        4.515337e-27
               63100        5.512100e-05        4.712006e-27
               63200        5.262200e-05        4.887579e-27
               63300        5.311200e-05        3.571206e-27
               63400        5.235800e-05        3.417487e-27
               63500        5.281400e-05        3.532475e-27
               63600        5.297500e-05        2.478670e-27
               63700        5.181400e-05        2.404494e-27
               63800        5.356000e-05        2.488500e-27
               63900        5.254800e-05        3.277360e-27
               64000        5.141400e-05        4.267808e-27
               64100        5.302600e-05        3.146413e-27
               64200        5.175000e-05        3.617044e-27
               64300        5.288500e-05        4.583858e-27
               64400        5.110400e-05        5.554901e-27
               64500        5.113800e-05        3.048360e-27
               64600        5.287800e-05        2.774925e-27
               64700        5.130900e-05        2.759683e-27
               64800        5.256000e-05        2.892824e-27
               64900        5.183200e-05        3.134257e-27
               65000        5.059100e-05        4.381099e-27
               65100        4.997600e-05        4.536835e-27
               65200        5.090700e-05        4.579854e-27
               65300        5.117300e-05        3.783523e-27
               65400        5.167200e-05        4.188272e-27
               65500        5.176800e-05        3.051499e-27
               65600        5.630000e-05        2.558466e-27
               65700        5.528000e-05        2.393593e-27
               65800        5.499100e-05        3.941889e-27
               65900        5.167100e-05        4.194789e-27
               66000        5.193900e-05        4.182180e-27
               66100        5.167700e-05        5.788871e-27
               66200        7.221900e-05        4.100339e-27
               66300        7.305700e-05        4.583242e-27
               66400        7.340100e-05        4.494789e-27
               66500        7.294600e-05        3.881066e-27
               66600        6.305600e-05        4.333298e-27
               66700        7.261500e-05        4.030645e-27
               66800        7.349700e-05        2.990485e-27
               66900        7.225500e-05        3.112225e-27
               67000        7.303000e-05        2.117574e-27
               67100        6.236700e-05        2.234593e-27
               67200        7.379000e-05        2.242551e-27
               67300        5.168300e-05        3.379582e-27
               67400        5.179700e-05        3.305705e-27
               67500        5.157000e-05        3.822450e-27
               67600        5.012900e-05        5.329267e-27
               67700        4.971300e-05        3.115254e-27
               67800        5.040500e-05        3.892105e-27
               67900        5.004900e-05        3.309074e-27
               68000        5.089600e-05        3.563790e-27
               68100        5.101100e-05        3.211862e-27
               68200        5.122200e-05        3.271658e-27
               68300        5.052700e-05        3.002309e-27
               68400        4.972900e-05        3.216820e-27
               68500        4.973700e-05        4.078121e-27
               68600        5.085800e-05        3.977460e-27
               68700        4.941300e-05        4.015025e-27
               68800        5.019200e-05        4.089410e-27
               68900        5.030000e-05        3.230965e-27
               69000        5.103300e-05        3.685894e-27
               69100        4.976200e-05        2.874852e-27
               69200        5.025300e-05        3.970755e-27
               69300        4.987700e-05        3.641832e-27
               69400        5.100600e-05        4.721025e-27
               69500        5.158600e-05        2.879530e-27
               69600        7.863300e-05        2.909180e-27
               69700        5.081700e-05        2.716121e-27
               69800        5.091000e-05        3.403357e-27
               69900        5.201900e-05        3.950051e-27
               70000        4.988600e-05        3.683265e-27
               70100        5.048700e-05        4.847876e-27
               70200        4.979700e-05        3.744463e-27
               70300        4.917400e-05        3.290882e-27
               70400        5.072300e-05        3.646215e-27
               70500        5.023200e-05        2.924428e-27
               70600        5.075900e-05        3.043177e-27
               70700        5.040800e-05        4.020534e-27
               70800        4.995500e-05        4.472073e-27
               70900        7.363000e-05        5.820678e-27
               71000        5.678100e-05        3.195947e-27
               71100        7.748100e-05        3.566381e-27
               71200        5.639300e-05        4.495343e-27
               71300        5.775100e-05        4.444466e-27
               71400        5.558700e-05        4.091428e-27
               71500        5.534100e-05        4.500802e-27
               71600        6.203300e-05        3.871666e-27
               71700        6.286300e-05        4.401829e-27
               71800        5.765300e-05        3.589216e-27
               71900        5.755600e-05        3.592451e-27
               72000        5.865000e-05        3.923207e-27
               72100        7.204300e-05        4.643287e-27
               72200        8.308000e-05        4.562543e-27
               72300        8.367100e-05        3.914745e-27
               72400        8.207000e-05        4.017958e-27
               72500        8.202000e-05        3.496520e-27
               72600        6.364000e-05        2.140909e-27
               72700        6.225700e-05        2.213577e-27
               72800        6.624100e-05        2.206326e-27
               72900        6.272600e-05        2.024539e-27
               73000        9.441200e-05        5.195296e-27
               73100        7.563200e-05        4.509179e-27
               73200        5.959400e-05        4.287575e-27
               73300        5.898000e-05        4.010062e-27
               73400        5.101100e-05        3.233727e-27
               73500        8.342900e-05        4.105048e-27
               73600        8.179300e-05        2.839215e-27
               73700        8.299100e-05        3.076195e-27
               73800        8.037600e-05        3.663434e-27
               73900        8.136600e-05        2.608654e-27
               74000        5.054800e-05        3.057047e-27
               74100        6.312500e-05        3.243477e-27
               74200        7.179800e-05        3.129526e-27
               74300        7.113200e-05        3.683290e-27
               74400        7.481200e-05        3.626304e-27
               74500        6.406200e-05        5.386032e-27
               74600        7.426800e-05        6.026491e-27
               74700        6.495000e-05        4.249750e-27
               74800        7.675800e-05        4.164966e-27
               74900        6.130800e-05        3.978473e-27
               75000        7.559300e-05        3.671673e-27
               75100        7.389400e-05        3.850411e-27
               75200        6.219200e-05        4.259644e-27
               75300        7.262600e-05        3.463933e-27
               75400        9.017900e-05        4.667058e-27
               75500        7.369900e-05        4.095076e-27
               75600        7.210900e-05        3.886663e-27
               75700        7.318000e-05        3.424838e-27
               75800        7.322800e-05        3.500621e-27
               75900        7.293800e-05        3.435785e-27
               76000        7.261100e-05        4.211949e-27
               76100        7.382600e-05        3.359020e-27
               76200        7.339100e-05        3.415953e-27
               76300        6.251400e-05        4.213400e-27
               76400        7.208800e-05        5.589366e-27
               76500        7.378800e-05        3.363488e-27
               76600        7.258600e-05        3.704287e-27
               76700        7.243200e-05        3.682737e-27
               76800        7.313800e-05        4.296767e-27
               76900        7.238100e-05        4.299835e-27
               77000        7.319800e-05        3.436797e-27
               77100        7.464100e-05        2.941748e-27
               77200        7.436900e-05        2.524776e-27
               77300        7.397300e-05        3.136477e-27
               77400        6.279200e-05        3.244934e-27
               77500        7.269700e-05        3.635962e-27
               77600        7.364000e-05        3.643590e-27
               77700        5.062800e-05        4.795650e-27
               77800        5.043700e-05        5.227162e-27
               77900        4.980100e-05        4.646772e-27
               78000        5.047500e-05        4.673951e-27
               78100        5.006500e-05        4.573981e-27
               78200        5.227200e-05        5.126118e-27
               78300        4.949600e-05        3.823912e-27
               78400        5.487600e-05        4.708008e-27
               78500        5.255900e-05        4.122884e-27
               78600        5.432600e-05        4.157358e-27
               78700        5.006000e-05        4.667996e-27
               78800        5.057400e-05        4.053799e-27
               78900        7.840700e-05        3.514650e-27
               79000        5.119700e-05        3.071824e-27
               79100        5.166800e-05        4.009555e-27
               79200        5.010600e-05        3.658667e-27
               79300        5.060800e-05        4.417876e-27
               79400        4.858300e-05        5.247746e-27
               79500        5.116700e-05        4.342847e-27
               79600        5.201300e-05        2.912713e-27
               79700        5.103200e-05        3.284007e-27
               79800        5.060400e-05        3.944561e-27
               79900        5.084300e-05        4.136569e-27
               80000        5.013400e-05        2.707054e-27
               80100        4.989200e-05        3.491786e-27
               80200        5.081800e-05        2.992123e-27
               80300        5.055400e-05        4.234534e-27
               80400        5.007300e-05        4.109037e-27
               80500        7.612500e-05        2.987317e-27
               80600        7.414400e-05        3.182366e-27
               80700        6.656700e-05        2.708236e-27
               80800        5.630000e-05        3.438394e-27
               80900        5.854600e-05        3.406942e-27
               81000        6.411500e-05        3.780027e-27
               81100        7.443100e-05        3.529535e-27
               81200        6.422400e-05        3.262401e-27
               81300        7.478300e-05        3.163128e-27
               81400        6.971100e-05        2.931339e-27
               81500        6.603600e-05        4.356325e-27
               81600        7.504700e-05        4.022230e-27
               81700        5.499600e-05        3.971061e-27
               81800        5.827300e-05        3.057974e-27
               81900        5.902900e-05        3.157767e-27
               82000        5.897000e-05        2.940952e-27
               82100        8.364200e-05        2.561430e-27
               82200        7.211200e-05        3.498621e-27
               82300        6.008300e-05        3.386398e-27
               82400        8.138400e-05        3.630692e-27
               82500        6.859600e-05        3.819671e-27
               82600        5.824000e-05        4.128442e-27
               82700        5.499600e-05        3.633413e-27
               82800        5.919600e-05        4.286140e-27
               82900        6.658300e-05        3.786237e-27
               83000        6.884100e-05        4.051270e-27
               83100        8.544100e-05        4.324132e-27
               83200        8.698200e-05        4.921921e-27
               83300        8.598900e-05        4.902105e-27
               83400        5.563100e-05        3.464174e-27
               83500        8.359400e-05        4.276637e-27
               83600        8.474900e-05        4.280970e-27
               83700        8.188400e-05        3.511561e-27
               83800        8.070900e-05        4.040562e-27
               83900        6.374200e-05        3.956592e-27
               84000        6.552000e-05        3.429057e-27
               84100        5.936900e-05        3.818147e-27
               84200        7.498400e-05        3.827496e-27
               84300        7.082000e-05        3.975485e-27
               84400        7.084800e-05        4.025664e-27
               84500        7.469100e-05        3.046593e-27
               84600        7.391100e-05        3.697259e-27
               84700        7.407400e-05        4.341881e-27
               84800        6.559600e-05        4.303040e-27
               84900        7.465400e-05        4.356637e-27
               85000        8.231400e-05        3.530775e-27
               85100        6.451500e-05        3.203711e-27
               85200        6.495000e-05        4.323709e-27
               85300        7.468500e-05        4.231595e-27
               85400        7.445100e-05        3.873259e-27
               85500        7.221800e-05        5.690148e-27
               85600        7.479700e-05        5.811921e-27
               85700        7.209500e-05        4.424063e-27
               85800        7.585300e-05        3.668152e-27
               85900        7.365400e-05        3.930048e-27
               86000        5.046300e-05        4.864548e-27
               86100        6.245200e-05        4.293267e-27
               86200        7.267100e-05        5.159542e-27
               86300        7.217900e-05        3.459892e-27
               86400        7.286300e-05        3.170476e-27
               86500        7.491200e-05        3.348103e-27
               86600        7.390700e-05        3.351025e-27
               86700        8.861300e-05        3.193083e-27
               86800        7.331700e-05        3.024639e-27
               86900        6.358000e-05        3.736810e-27
               87000        7.335200e-05        4.102628e-27
               87100        6.232100e-05        3.548230e-27
               87200        7.277600e-05        2.879459e-27
               87300        7.348500e-05        3.456713e-27
               87400        7.328900e-05        3.050604e-27
               87500        7.496300e-05        2.878182e-27
               87600        7.350800e-05        3.527985e-27
               87700        7.290100e-05        3.200871e-27
               87800        7.488700e-05        3.153318e-27
               87900        7.296500e-05        3.090432e-27
               88000        7.292400e-05        2.987970e-27
               88100        7.542900e-05        3.742835e-27
               88200        5.097600e-05        2.924306e-27
               88300        7.452900e-05        3.112527e-27
               88400        7.326200e-05        4.715164e-27
               88500        7.393600e-05        3.843522e-27
               88600        6.570500e-05        3.571971e-27
               88700        7.372700e-05        4.100657e-27
               88800        7.580400e-05        3.199463e-27
               88900        7.424000e-05        3.925791e-27
               89000        7.433900e-05        3.464476e-27
               89100        7.525200e-05        3.356311e-27
               89200        7.506500e-05        2.688874e-27
               89300        7.642300e-05        2.602923e-27
               89400        6.607000e-05        3.549809e-27
               89500        7.370700e-05        4.336452e-27
               89600        7.082600e-05        2.600425e-27
               89700        7.144200e-05        4.188125e-27
               89800        7.298800e-05        2.973914e-27
               89900        5.608700e-05        3.332898e-27
               90000        5.525200e-05        3.132387e-27
               90100        5.868400e-05        3.315097e-27
               90200        5.936300e-05        3.633228e-27
               90300        6.495300e-05        4.243970e-27
               90400        6.355700e-05        3.840652e-27
               90500        7.288000e-05        3.704797e-27
               90600        7.750300e-05        2.635019e-27
               90700        7.544500e-05        3.001393e-27
               90800        7.459800e-05        2.739671e-27
               90900        6.604000e-05        3.427903e-27
               91000        7.365300e-05        2.896335e-27
               91100        7.452300e-05        3.034568e-27
               91200        7.594900e-05        3.229239e-27
               91300        7.467800e-05        2.774449e-27
               91400        7.473400e-05        3.635106e-27
               91500        6.682000e-05        4.979528e-27
               91600        5.581600e-05        3.756745e-27
               91700        6.506400e-05        2.775414e-27
               91800        9.045400e-05        3.276963e-27
               91900        8.931700e-05        2.835254e-27
               92000        6.888400e-05        3.947193e-27
               92100        8.065900e-05        3.591255e-27
               92200        7.815000e-05        3.269687e-27
               92300        8.006100e-05        3.079803e-27
               92400        6.814100e-05        2.789993e-27
               92500        8.699000e-05        3.621475e-27
               92600        8.742300e-05        3.381199e-27
               92700        7.198400e-05        3.846957e-27
               92800        9.898800e-05        3.280202e-27
               92900        9.375100e-05        3.099646e-27
               93000        9.018500e-05        2.964633e-27
               93100        8.986500e-05        2.698953e-27
               93200        8.956900e-05        2.774502e-27
               93300        6.638600e-05        2.794013e-27
               93400        7.895000e-05        2.345367e-27
               93500        6.375800e-05        3.451335e-27
               93600        5.312100e-05        3.409810e-27
               93700        6.357200e-05        4.246341e-27
               93800        6.215400e-05        5.131372e-27
               93900        6.974900e-05        5.207658e-27
               94000        6.093200e-05        3.523122e-27
               94100        6.057800e-05        3.732548e-27
               94200        7.245600e-05        4.350045e-27
               94300        7.190600e-05        4.885225e-27
               94400        4.948700e-05        4.105626e-27
               94500        5.138800e-05        3.250557e-27
               94600        5.153400e-05        3.367526e-27
               94700        5.134200e-05        2.959324e-27
               94800        5.323200e-05        2.895335e-27
               94900        5.203800e-05        2.455949e-27
               95000        5.328400e-05        1.819657e-27
               95100        5.472200e-05        1.638182e-27
               95200        5.326400e-05        2.651017e-27
               95300        5.231300e-05        2.578400e-27
               95400        5.291400e-05        3.323750e-27
               95500        5.149100e-05        3.930723e-27
               95600        5.163500e-05        3.959499e-27
               95700        5.177100e-05        3.602524e-27
               95800        5.148800e-05        3.110504e-27
               95900        5.152000e-05        3.695629e-27
               96000        5.357600e-05        3.653985e-27
               96100        5.243200e-05        3.564650e-27
               96200        5.182500e-05        3.939199e-27
               96300        5.164700e-05        4.621781e-27
               96400        5.266700e-05        4.326811e-27
               96500        7.717900e-05        4.306022e-27
               96600        5.735700e-05        3.677606e-27
               96700        5.391600e-05        3.830567e-27
               96800        5.479300e-05        2.938108e-27
               96900        5.392600e-05        3.217509e-27
               97000        5.412500e-05        2.997733e-27
               97100        5.328100e-05        3.921433e-27
               97200        5.487000e-05        4.027385e-27
               97300        5.293100e-05        3.826665e-27
               97400        5.226800e-05        4.066178e-27
               97500        5.505700e-05        3.243514e-27
               97600        5.301300e-05        4.456281e-27
               97700        5.344300e-05        4.458814e-27
               97800        5.232500e-05        4.429673e-27
               97900        5.248800e-05        4.689828e-27
               98000        5.316200e-05        5.031452e-27
               98100        5.363700e-05        3.371457e-27
               98200        6.326200e-05        2.969199e-27
               98300        5.460300e-05        3.275063e-27
               98400        5.438300e-05        3.509129e-27
               98500        5.558300e-05        3.318280e-27
               98600        5.684500e-05        2.871010e-27
               98700        5.626400e-05        2.824772e-27
               98800        5.628500e-05        3.236781e-27
               98900        5.761500e-05        4.160919e-27
               99000        5.730800e-05        4.068714e-27
               99100        5.917800e-05        4.857874e-27
               99200        6.697300e-05        3.645881e-27
               99300        6.080600e-05        3.751440e-27
               99400        6.173500e-05        4.540141e-27
               99500        5.903500e-05        5.468046e-27
               99600        5.770700e-05        3.533756e-27
               99700        5.783800e-05        4.743754e-27
               99800        5.887900e-05        4.622126e-27
               99900        6.044000e-05        3.655629e-27
              100000        6.168900e-05        4.217410e-27
